0.5201833614342284,0.9493524356125592,0.9732926828203441,0.7577731068144354,0.29697749642883353,0.9049322344396677,0.4486479654011338,0.7685901030348061,-0.5758695064089147,0.7550274771011406,0.9715467427620103,0.7368032970827438,0.21555155819404218,0.7565757719172206,0.8716736388310529,0.8317819205539265,0.2775223229531617,0.5872816464121282,0.8883345592301538,0.8892530592565119,0.343329164842624,0.5971526224212178,0.9712533165638423,0.6609283141087557,0.8795096148476257,0.4381852867228555,0.14653398447617233,0.07282068073389925,0.2942304840089055,0.6653787320051137,0.9660129410133034,0.9927909442117201
0.09347656351869135,0.9476794507056662,0.6747139732271891,0.9571489171289513,0.019677245101803544,0.9942505789276191,0.5816807960750056,0.6627037820731944,0.9112876523214443,0.6316431455486151,0.9465695056273512,0.07890549158039206,0.6018206057455074,0.7296622652738582,0.7686626944636789,0.9707849159138149,0.9270772432307817,0.684677182644665,0.4469975318004325,0.7648594846018568,0.34155864227226307,0.9273246578456769,0.6073642618876303,0.775430815362554,0.9217400747265181,0.8137977397294404,0.9237236367682651,0.17721603565522798,0.6965149673553794,0.5227875459712908,0.9566600989989723,0.5643804682114715
0.5056682786807407,0.9493297411794109,0.9050042981162174,0.9698371834001334,-0.012403903164887264,0.9753033542986638,0.9079789182510597,0.9916014814179512,0.1920782844399938,0.9009106512511041,0.780019092062233,0.15549490040255054,0.5102678865690169,0.9867384062521734,0.840469429719956,0.9721445696740797,0.49959459334211737,0.7552798248115079,0.6433839484052335,0.6867451716791158,0.4751096005785643,0.5879014255569182,0.6923198804822273,0.7982007209805333,0.7256399384300087,0.19710043738775795,0.09069894396134467,0.043557123669871134,0.8329319749926857,0.05225010109015493,0.6630245077100096,0.546886111290649
0.1023468330907143,0.8566766894549139,0.8907904675593022,0.855898661645544,-0.22295346640118768,0.9743505455463038,0.9433682864162641,0.71267120415937,0.9356282321916818,0.9972636477049988,-0.833490703769707,0.08635005856140143,0.49996228030275114,0.9171725998775422,0.7222634096346401,0.9896359246829759,0.15478984177314642,0.6945728954743805,0.15810632015242077,0.8685997860407891,0.05455916340749048,0.7267841261667645,0.07883006092982783,0.4096789656446221,0.20505244287806595,0.31483756659321305,0.08584264225146084,0.21932829377815574,0.2846012284662024,0.058643920870778965,0.8842741972669813,0.7351652426335744
0.17410882030296737,0.7747565935375593,0.8905323736170118,0.6181435537593372,0.24509589096632778,0.9749509062418827,0.9736143381232957,0.8694790221574079,0.978125645033397,0.5648717499978735,0.9473568385100518,0.8924300730194443,0.19519219257220832,0.8831447571027473,0.5276991729147127,0.9896359246829759,0.1628209690210261,0.653196158031978,0.34851300497242005,0.747803910206823,0.20155489859829284,0.6535521735304111,0.2035558937634233,0.7930178387813844,0.1412789316899246,0.0923266334093756,0.08910528791759685,0.1537565885856842,0.2919581172878096,0.08617072677962911,0.8842741972669813,0.7390486629237509
0.09763173356892262,0.9476986404153229,0.5176771063666677,0.9613305677642685,0.17954799511866837,0.9061121235434586,0.9721552329389104,0.15013910293084307,0.26467135725161717,0.6292958653365016,0.8848169170687284,0.19133484846253335,0.2661167400592187,0.8413613808496752,0.924935965432151,0.8153899088514353,0.6880250420167892,0.6848776263019962,0.42880053544178615,0.755985000973594,0.20678402313311717,0.6066370761150324,0.026457262518010782,0.2008011932999982,0.7997551408457269,0.46926652457400664,0.08681377951263057,0.023079287713493213,0.2875339636313323,0.16519707584656543,0.8880297885046043,0.5276192257882555
0.5056682786807407,0.9493297411794109,0.9172403338869695,0.969929044498181,0.15773811494172527,0.9811521421291524,0.9073071446036312,0.18787349778272655,0.7925592548959718,0.9153215742493956,0.9057267802714808,0.9132801127306551,0.5228832377379453,0.8345699207783337,0.6764111624699364,0.9795651953076359,0.49959459334211737,0.7488648795051095,0.4376601299501582,0.699708881571743,0.00916798466457322,0.5879014255569182,0.899746400574249,0.21730415712764256,0.788297381953126,0.20595356102880258,0.0906571798944731,0.043557123669871134,0.8329319749926857,0.05682237027881876,0.2712624279115359,0.5122332900993654
-0.177707989591052,0.5130884048869622,0.6312186466447679,0.8252822631048045,0.23985874949162278,0.9963497282818867,0.9435004915741719,0.2439755095736558,0.20439394443257974,0.9899779895512381,0.9143864754159715,0.9489330170693285,0.32177065231436264,0.8443013348768508,0.9030562451817564,0.9639440711984408,0.6806811700022857,0.7073927148093493,0.15727919755762693,0.10155131139614017,0.33982326182911265,0.7434071162009419,0.03862492724104538,0.19381045070837613,0.7526295643505487,0.32162286409084584,0.19516906407394705,0.1630540870967407,0.27097644617588257,0.08534502358157114,0.711670114908548,0.923214951847396
0.504924105251476,0.971809271778469,0.9050042981162174,0.9927254834799747,0.5099758224061949,0.9754265354050793,0.910326555713034,0.9916014814179512,0.783473328652191,0.9845300094239849,0.919231592001514,0.9405001699001088,0.5102678865690169,0.9981970864429691,0.840469429719956,0.9900345791386446,0.6268032752305119,0.8880051583812779,0.6472421958761806,0.9938453021147216,0.43185156311541506,0.809255146748334,0.9953669338505369,0.8040645301247376,0.9642052164558866,0.427001311167674,0.11236019232665734,0.4214586638546549,0.8349276252009217,0.7361499659757456,0.9430699943434344,0.9360206294565634
0.5056682786807407,0.9345490600090194,0.8298369486105307,0.9246515728871187,-0.0130203654558807,0.7254178356106706,0.7713934601415654,0.9916014814179512,0.6000477974124231,0.502315073351208,0.955996814865597,0.9746940122640648,0.5070830527220211,0.7400213591021476,0.840469429719956,0.8241270480026393,0.5426889281580052,0.8408591942738555,0.47372654720109714,0.31948995926173324,0.08957196815470697,0.7331038247218078,0.9493780674649032,0.7077420787523272,0.05882807938882206,0.4168632148015069,0.002551621060312967,0.4214586638546549,0.6827543218879001,0.3983378782867858,0.9842693980636954,0.8752867577364066
0.17730077988047777,0.767804378539177,0.9878880441709739,0.7410410807881479,0.5030763638154528,0.8641928417272016,0.9042336040985991,0.6143935637698142,0.16811228058418293,0.4931574960806481,0.9715211859837641,0.7368032970827438,0.3047036894302535,0.837775735538847,0.8419747421079428,0.8812173844433242,0.7273814916021066,0.886738336281411,0.44645368398897933,0.31410812010895317,0.06269265232243548,0.5959541248703458,0.22960605968362496,0.6609283141087557,0.8800499007782016,0.8027956605101677,0.5190259783176578,0.7354786061313532,0.6008280905792601,0.6743639363595634,0.9611980451169865,0.740901847877976
0.2420348740877228,0.9415020779253132,0.6525481041666165,0.7141740452014972,0.037234968356708975,0.8407785322569976,-0.13438720911805965,0.19411978032066943,0.7318158242301271,0.9729811884795055,0.9215716177766673,0.32726208583552985,0.27435150090893595,0.9960041941545144,0.8084021307690181,0.775361990161397,0.6753226732100907,0.513416409288873,0.879703550200311,0.7002991633042058,0.03817869863310275,0.9351488471225843,0.23079252465139882,0.07490232091227939,0.05260621804034221,0.07969970518386585,0.8205291471403018,0.017230245687393522,0.8678213030520376,0.16276631571516592,0.7737860722466905,0.936279877982664
0.5837662491475337,0.9493297411794109,0.8751191180796948,0.9807057473602678,0.23665533502436778,0.9753033542986638,0.6068563389916006,0.9958069166011327,0.19502265149398812,0.9009792773022799,0.7790909831808082,0.1658030064960226,0.5102678865690169,0.8732379987149357,0.840469429719956,0.9721445696740797,0.5257722813794645,0.4302153606364448,0.3895192461599302,0.06678220659606926,0.4833216320967197,0.5879014255569182,0.023658405809691696,0.8516703963065779,0.7296867325265394,0.13300049579785622,0.8118562631513158,0.18367595475897627,0.9809437921804075,0.06329957684160381,0.6828405070021963,0.5570271126728531
0.5863041335732694,0.9545994706427614,0.9153649995405052,0.9965075730464747,-0.012403903164887264,0.9754509415954464,0.932368476281993,0.9916014814179512,0.19933662601660973,0.9009792773022799,0.883770938243188,0.16697767539755165,0.5102678865690169,0.9867384062521734,0.840469429719956,0.998932620186001,0.5371739835072277,0.4208333233572676,0.6625209888238299,0.814847614365116,0.4833216320967197,0.5879014255569182,0.03871044288961434,0.8516703963065779,0.7296867325265394,0.9486747031076649,0.1453238212359774,0.5906425192058654,0.8329319749926857,0.057997629385127814,0.6802372523948276,0.546886111290649
0.492674445117393,0.9444105794458728,0.8441045566646922,0.9786233883205876,0.06382766989747375,0.9872643670309798,0.9637638680386669,0.22910531863725656,0.917785988505202,0.998393505610188,0.7519830015967282,0.9476927181234712,0.5958871768894233,0.9634687188632538,0.8310839179740299,0.9480912862179948,0.6975984027016674,0.7615834141619731,0.8638887894457437,0.9408959123922893,0.058619149087686846,0.9358616655823806,0.41800633542459753,0.7268664792157014,0.9681026831435575,0.46636274284757767,0.8398479951929778,0.31176547725845605,0.6657357428794134,0.8363248752571212,0.9349189034894485,0.00993313771136578
0.17441337914396424,0.9366946934652808,0.9559459844824457,0.9797411459540589,0.07949069294092515,0.9751724453725514,0.9277110509983496,0.3842495837701957,0.6147763584100651,0.9456160450845421,0.9193561555812706,0.8984188292795731,0.5794767821435072,0.9916624157122859,0.7846548033755694,0.9908246472581387,0.7455579842470681,0.6364632163553192,0.6380910174610844,0.9072959318142754,0.3396654517351946,0.8935488346925323,0.2852849157532916,0.8090784389831858,0.9548067869563355,0.08807921170907101,0.13389324515050327,0.13341376424673476,0.8299681409814692,0.5240105092099167,0.9628686854308913,0.8133998384165285
0.492674445117393,0.9444105794458728,0.9564282848757865,0.8448527937273278,0.15785970598265017,0.9872643670309798,0.9669276892351258,0.2376767784847513,0.5785238153172613,0.884109594485749,0.9050813011691583,0.9476477689570889,0.5149707705184413,0.961740027822719,0.8310839179740299,0.9480912862179948,0.6975984027016674,0.6039943954668074,0.743252531119176,0.9408959123922893,0.03789961771976998,0.9495163282175769,0.03305110287553037,0.7661489126552409,0.9681026831435575,0.46636274284757767,0.8398479951929778,0.39474836420342363,0.806303760250079,0.9180043039828478,0.8642839480952277,0.00983146850447962
-0.16846297351979714,0.9565672510563799,0.9305735960533794,0.7522707609889697,0.14880881483898634,0.6070761546308125,0.8871180746551173,0.22269057890231528,0.37941805305802107,0.9043898725410012,0.9027564858024593,0.8799823747875298,0.25092590993039043,0.9068213167607176,0.8315840812476962,0.8056446909658767,0.32777260701982225,0.7770624933941715,0.4041872082711606,0.18633324950923946,0.10330083897557749,0.8301637121802348,0.46544786378982683,0.6950835603951342,0.7811128083970635,0.1328841498603051,0.09714560282270203,0.14840503850482534,0.6459815575648897,0.3740821896148009,0.31301664572001897,0.8976650994413251
0.780528117636331,0.9493297411794109,0.8742368020500637,0.7592382632390504,-0.0451906995149433,0.9935302192961291,0.907583379463153,0.9916014814179512,0.2908382869564718,0.9009792773022799,0.9636335277986701,0.16531117632402975,0.5102678865690169,0.9813141682982695,0.8396798225990109,0.9740273189054931,0.8757045655371377,0.39819582409503834,0.6641669883910505,0.1145940286840179,0.488467134948234,0.5928527996522315,0.04272715435461606,0.8516703963065779,0.9270920287099095,0.9360662232051824,0.1228441819042453,0.1436110687691111,0.6075476261436479,0.06329957684160381,0.8547580449391634,0.6908745559747687
0.09051426214271485,0.5007499321747049,0.8394806093674173,0.7056690911760003,0.2480803959865857,0.8625428198938648,0.9290145728378121,0.2226401266913456,-0.36826424105311956,0.9206457220715816,0.9110663389913134,0.9436897321140036,0.3363373862011365,0.8337498815027949,0.7874229377843986,0.935410080474302,0.7874952723383225,0.7686986170854277,0.5555668860877508,0.942641453204283,0.6193715652354534,0.7216568074804056,0.04269340001332815,0.73298715546838,0.7872443078698836,0.10136497543580378,0.13936394811008435,0.13079676512489524,0.8046164988194846,0.4129321128301606,0.9137713021558873,0.36388042386310615
-0.20276811788738408,0.8365943855223078,0.9519645689758651,0.7545732599022558,0.16988341209285768,0.9017970705516873,0.9924087916865239,0.7491707125524599,0.31878744784892327,0.13042165951549237,0.919365203249373,0.9072805149920459,0.5143089495080067,0.9792521997802948,0.8786695656350433,0.9915196260158909,0.8592880950846816,0.6338159841201949,0.5528614955051283,0.8522835396490147,0.022987598689263755,0.9199484951834866,0.41635057597800984,0.8010322843152905,0.7906854464147104,0.7451425065818871,0.10977746480392025,0.7851707686972523,0.14133143237162604,0.5485843392597417,0.9660678267547934,0.8030839180172076
0.010820245520555327,0.9370364954943697,0.9069650605591737,0.9769866457244589,0.17439174130275883,0.9836220362980816,0.9902503227863804,0.2790289756162088,0.9343216958172734,0.988911812611573,0.9150558709647139,0.9496677550124152,0.5008082842531126,0.885951698797758,0.7532677028962754,0.9564057416403212,0.8675566461751194,0.674093372397955,0.1419667370096523,0.9580847816795955,0.3499210426610126,0.8958245850655638,0.4396886208102254,0.6872529207975503,0.6656181630150724,0.11005500777997489,0.8147187594501878,0.4497632821010049,0.6464144720159618,0.07184366049444513,0.9696586392418971,0.0632321784118498
-0.19576685422130896,0.9298865953710269,0.899688186955445,0.9881835639262074,0.2477051218584781,0.7169572211414066,0.9787921768923197,0.23979900772746945,0.6154065830753565,0.9467895484175153,0.913086940673078,0.9663516079016744,0.5258781808196953,0.9867384062521734,0.840469429719956,0.9721445696740797,0.5204397228018294,0.37635978365885986,0.6476564370255723,0.0636672481042098,0.18033700077087392,0.9102601109245296,0.03945032791729391,0.7982007209805333,0.9376372604053266,0.004727758028456069,0.14592935571501106,0.30181367401421966,0.7988932455580106,0.020363776362783866,0.9713260557335044,0.5467022604391603
0.5230548187117233,0.5529437985783826,0.8738127754011729,0.9995156355145992,0.155165459869786,0.9357472048964035,0.751173522965711,0.28201929863056224,0.6130955880171867,0.7915319400970191,0.9204134066846194,0.8940075576286748,0.5168192587708988,0.6818666054099394,0.8301908895013137,0.9824098414266785,0.35639205711740896,0.47093758426406684,0.37173923015624316,0.02858983612699395,0.1979997840512306,0.9119780628041474,0.1351431041258361,0.6974826685301518,0.7937978267846572,0.4838630896573972,0.1435719524327872,0.0926599332635333,0.6734961768961728,0.20911481771984114,0.8805619125551676,0.06372430018813108
-0.20329639993843884,0.7699449269872025,0.9951923796553197,0.7581912154642341,0.06432247609498054,0.7075112301267683,0.9704506603681604,0.6013986576563604,0.4035338860275741,0.9708923453358671,0.8769612157996283,0.9471638838169617,0.14328004776334063,0.8838622635943657,0.73592706633162,0.9870204503803508,0.8298461189547173,0.42034787472746077,0.3905425536886835,0.8747802695380701,0.3444149443266773,0.3413741160882642,0.6082512427863742,0.6643393253000439,0.6687344167448412,0.09736900165848503,0.9101041303268753,0.16186146498540332,0.6737400356527078,0.04908380803961476,0.9627313369561418,0.005604101937498024
0.5230548187117233,0.8546578274330519,0.8832449497857142,0.9865446381074942,0.2167148317622681,0.9300386471866725,0.9840190512492802,0.2914889476359207,0.6342444121135833,0.9908172803720614,0.9204134066846194,0.9042006875217028,0.5143089495080067,0.8605512047775292,0.7851587389152498,0.9810505009447593,0.8529757647755327,0.8862603130741461,0.5545148431643678,0.861859467170524,0.6397066708118587,0.93803424739088,0.4513903571449221,0.6976171870656871,0.9615470250836615,0.47993121125416116,0.20035940928557044,0.16969643824444372,0.6573051706420348,0.5538646273111062,0.903206276246557,0.06106997508310813
0.19068473383482404,0.9334211067361756,0.8989740550714854,0.8306307933944908,0.13020058056070094,0.7668453691179338,0.984127442510019,0.24094990407651015,0.6154065830753565,0.981566810487051,0.7838394533210253,0.9292873350509396,0.527630079026419,0.9866881661150738,0.8428503883709865,0.9875600883592848,0.4848528949103958,0.3861959393592818,0.6611755937640791,0.29487901009829015,0.05080100656582698,0.7527847608726006,0.0206516774632761,0.7982007209805333,0.6247423231665106,0.5499439464730482,0.17839345748985402,0.44574211940967023,0.8154823478370521,0.06393185477298748,0.7207630590485404,0.43551537192009915
0.15194505118140367,0.530387266988988,0.8049900406939643,0.9958638125173342,0.23985874949162278,0.9963497282818867,0.9051859783998677,0.2069698625342231,0.5877951493644458,0.9990328533720314,0.9150833966425541,0.9489330170693285,0.1823443480691132,0.847403568507546,0.9030562451817564,0.987599391269984,0.7124507694659374,0.8636254860845407,0.1520590818817021,0.17923003417097055,0.34565042360515785,0.690628896605342,0.9711788317345801,0.19381045070837613,0.9408377202314591,0.15189260605891577,0.1949698648525364,0.4487611182661261,0.27097644617588257,0.052838197251653715,0.8549713786611043,0.9213391240523288
0.5230548187117233,0.9941420220013437,0.9574698778319577,0.9865446381074942,-0.030649383452826306,0.9741219966808214,0.981072155473527,0.29415817268499306,0.6337387597581788,0.9908172803720614,0.9204134066846194,0.9674710375809257,0.5143089495080067,0.8463590465902966,0.7851587389152498,0.9813667962534418,0.9084964365476966,0.8224962637267148,0.6466722409540331,0.8718763825313052,0.6397066708118587,0.6155408750578236,0.07067801677461918,0.7217727463346582,0.9485553174611985,0.47993121125416116,0.14172802616447244,0.3714901991962796,0.6594500639703879,0.5485843392597417,0.9044243126614043,0.12351734397732156
-0.19555460648895776,0.45929404546628083,0.6096114466466034,0.7107387238825241,0.0966755095704309,0.70615718378732,0.9239987437186834,0.21625437451325924,0.9404158055440093,0.8936808402071579,0.9110663389913134,0.10381802491017571,0.29705688144205317,0.824834985540828,0.3874509233028728,0.7649539107191111,0.14830288923051588,0.41730913372229556,0.33737457147285405,0.14684269810122128,0.2018045994140185,0.5598305415321981,0.04444536924516099,0.7242179850177788,0.7541250738116775,0.09231732825730561,0.13863631822177283,0.16268072848200277,0.8052618591140557,0.42816259496720277,0.799290891110387,0.01855824302558995
0.7672378274802789,0.9522635133277705,0.9047550571043252,0.972014491037076,-0.005526585838788595,0.9767176278908247,0.9495008721820095,0.9550024561800909,0.19502265149398812,0.9044193970096582,0.776647108754849,0.15549490040255054,0.5258781808196953,0.9848559212257582,0.6968095836482886,0.972149527812857,0.49959459334211737,0.4164552989947508,0.408153639535526,0.0636672481042098,0.20045549613582153,0.5870444540403585,0.03869756800042222,0.7809979779357387,0.7174049212085283,0.8440231721567396,0.12412863535728283,0.05360374756719,0.8149029438805895,0.12107392736076103,0.6737517183039619,0.5496973245483042
0.5500232846432861,0.45783908354982994,0.9574698778319577,0.9704001389409322,0.23887819658080642,0.8333156017309381,0.981411955387136,0.28157737776296105,0.6381418617765582,0.8912945812830011,0.9112682570602919,0.9051701536711981,0.5143089495080067,0.9677623800468358,0.7851587389152498,0.9825006473818383,0.8698437219839008,0.43087380609146075,0.8671019394386046,0.06304320931195256,0.6397066708118587,0.6158226529807933,0.04576097891162517,0.6974826685301518,0.9719006819070137,0.47993121125416116,0.9116214842150114,0.3161594328260505,0.6573051706420348,0.7052192245729941,0.8671985577496177,0.06372430018813108
0.5891694890550909,0.9242261988416675,0.8760346851118851,0.9698371834001334,0.2705615666445239,0.8690716345820226,0.9327057204456457,0.2993111057304109,0.19502265149398812,0.8978221915857859,0.9329079522382573,0.9366965993596156,0.5102678865690169,0.9866727234460317,0.8710141653270742,0.9815494165408887,0.8615904316618358,0.42847967083827776,0.6931621351833724,0.0869838288269504,0.35275466925962184,0.9222767126396461,0.039402872328580224,0.8478502825593517,0.730994881734529,0.5074773694089275,0.3539490729477068,0.28347339535884875,0.8239958022183526,0.5278194822870241,0.2181570138089488,0.0394504158968802
-0.1783018138697213,0.530387266988988,0.8503839271577439,0.7996425199223529,0.2505830154320556,0.9877395778882299,0.8772997093520117,0.1576845528554372,0.20439394443257974,0.9784714983754628,0.9150833966425541,0.9537389794433215,0.37978910475036326,0.847403568507546,0.9030562451817564,0.9539992140075889,0.7107842315520813,0.6489368910013893,0.15208756366555976,0.14265570621705362,0.021568614108104872,0.6575583042631736,0.19369793234674862,0.17735746466465252,0.7784245384199573,0.09873294376660402,0.19473903775129656,0.16287021270403443,0.27097644617588257,0.052838197251653715,0.7215181926784261,0.9680362698544397
0.06301802265976046,0.7651155910461531,0.8931604513741311,0.7512905765861222,0.25468571984671456,0.865819977355261,0.9249006831359334,0.15837853240655783,0.9255624965975443,0.8969965217255734,0.9440496176214402,0.8954710880439731,0.37642518056595675,0.982331820994818,0.8075556681400387,0.9754810092230365,0.12061603691552131,0.6695134247180097,0.5436846951878772,0.7492123424388858,0.09275061400999501,0.9683648281241976,0.25502899349325925,0.8437179947778104,0.9737912473000048,0.10843701501253311,0.2525535825083918,0.26985827268877133,0.829010155823909,0.3704091455792991,0.9075096157204852,0.5721922445242612
0.10559377342003526,0.518020708153113,0.90472420563108,0.7183517475406455,0.229967429558331,0.9827170955529146,0.9464236579626939,0.923400204602732,0.09344289880272172,0.9014367260211369,0.784602457438358,0.8768430072079114,0.5150350025617942,0.9936107938298446,0.752411201194449,0.9776153381756139,0.5381084099398239,0.4606770627528768,0.9749901560874739,0.09044092965128707,0.21639108054613726,0.9648830566595532,0.9888983051028506,0.8595311996255973,0.7765137262489261,0.37081699995974415,0.176603297819352,0.03576747868759232,0.832401984153883,0.06732045028991435,0.6530689162407983,0.5651512577736257
-0.29520378895766153,0.4856290735018163,0.9074747805441241,0.9610028730488924,0.07951755525727403,0.70615718378732,0.9861203559088981,0.8684247996256365,0.9402154634877168,0.913737999612283,0.7868407541256075,0.8350238582336966,0.33583248402231014,0.9602602869801351,0.7687841204790417,0.9836078752284471,0.23728333071982027,0.7763317318147623,0.5382282823489856,0.012355246652802465,0.05282664124617105,0.592549309657659,0.043020955615835126,0.7222933935142566,0.0461048604338794,0.2045244037954462,0.054685190979543,0.1597607314540003,0.7719925475774002,0.014298166024927506,0.9207193407685437,0.5286576699511423
-0.1780569936588423,0.7708655059526991,0.42250641467781164,0.7150831408803141,0.7875627671729956,0.32943630875875984,0.6020735420809057,0.1491469955766705,0.8900962859598606,0.68642344548803,0.38777710996227754,0.3262620271529971,0.606511233555088,0.7910084002806914,0.8113851272036354,0.7818415470552986,0.35573676444678776,0.4616784374730535,0.5405497107799372,0.7359248182180121,0.10567589292923225,0.963905857951203,0.033594008899017355,0.041234766855451244,0.05401380984633547,0.31920239966806435,0.4012393944386358,0.06003166942526797,0.8598710210635139,0.14468942095049217,0.7720654987188263,0.567838363953252
-0.20721876121798394,0.4970738087800823,0.8235591586638136,0.5795366076044698,0.08794260339054791,0.8295052469021312,0.9478388197356324,0.21625437451325924,0.8931393804209099,0.9142729314673044,0.9158046344503481,0.08021926465017083,0.33650302915732233,0.8204134642868943,0.723150724672511,0.8317191401145194,0.6723376810967554,0.9116634419139111,0.13723311495816506,0.05006689487732782,0.054417426690790555,0.562669672972161,0.015086388744509821,0.7802902220608207,0.9530102867330945,0.10664717376582952,0.12682505704665334,0.16953487311324777,0.8180227186500846,0.5204191322149534,0.9785116654213146,0.01855824302558995
0.1322536533945241,0.9114901334473567,0.9029505331489693,0.7730258463465259,0.18914900972441717,0.6772506838960044,0.9241113067364821,0.20479111517963344,0.894571212937663,0.5207090880939997,0.9131707107603905,0.10580174394617295,0.32053438826930136,0.4029114017998326,0.8290864697448015,0.7914905291832556,0.3280174333776924,0.7670607359046833,0.1666138913483676,0.02836280863780319,0.02845783776245163,0.5582541303483668,0.03591680342099919,0.6174125778542255,0.12240011571688053,0.03958392515842213,0.11579608645594072,0.2752048758654178,0.010589990700605269,0.20866021294975973,0.8963652972658537,0.024710027818187926
0.4808727686726734,0.8480526185703661,0.8721751101183125,0.7266657691535278,0.066957102604351,0.8411192573091612,0.9228924196110985,0.20357040330589338,0.582794830170376,0.9980369090235239,0.9122016619088329,0.9313399809194831,0.5205570465321037,0.9586103963679802,0.8038797206323095,0.8534712105480763,0.6829440473966657,0.9159930471924342,0.4155098171290244,0.167288423847626,0.4054189140289759,0.6488754456594694,0.04054683326885898,0.7345791291049583,0.9491585620682174,0.7148173981505819,0.14502654243973367,0.3641460491875044,0.5894145336975931,0.8763631903277916,0.8641119046244997,0.01860566540271914
-0.20849012813321918,0.4785741197305252,0.8279660706355756,0.9262463909912901,0.16990879826739566,0.9301146195262662,0.9572782962078284,0.19304232506868926,0.9582708812596856,0.9478450504318167,0.9101708478131004,0.9475630711488982,0.6010328157014485,0.8464709085177922,0.877939808989711,0.7673208337921058,0.8687068276530279,0.8297099653341368,0.1663651349221296,0.06175681940163402,0.021679392101784573,0.7352082381869494,0.5485450240393904,0.803162074623704,0.8622110983108325,0.09235798326835341,0.08806014551270304,0.35912096836568674,0.0645377346765529,0.07763490260265055,0.32995354299714774,0.9604700338763549
0.525162130327653,0.9476225600872087,0.7620520421305274,0.9786233883205876,0.12742753231864348,0.9872643670309798,0.9229816040338878,0.30277458670329016,0.5683566366092618,0.9429758469619179,0.9244585329438912,0.9617249811777946,0.526488893793528,0.9627279647922163,0.8011891301108409,0.9897784539515362,0.9356775652042585,0.6197793753150653,0.8778665788270625,0.054390756983911666,0.021681802314105703,0.6263765519328452,0.005353006355983847,0.7400589469840015,0.7735812231222114,0.7007853597192121,0.14502654243973367,0.2911784343358107,0.05505518891942618,0.7387791291014535,0.852063420640666,0.019954109548573844
0.0204638999993185,0.4707681175521626,0.9822793087812582,0.976951947591405,0.2937242301408783,0.9991715529655855,0.9296460605431304,0.9844223902857141,0.9480931084609583,0.574977886971603,0.879405289845625,0.974095630375526,0.5234782420556999,0.9603632891654711,0.8878814523791583,0.8081153441451076,0.8698686272225614,0.09190665292048089,0.6611340075139868,0.8615690616396298,0.09048295935550027,0.9321241435894728,0.9954889583061926,0.4285305504583089,0.877334324139821,0.32387946447831595,0.21525789914302573,0.1561365469575608,0.10373391076950672,0.3825074349282557,0.6918396301068855,0.042515262352526076
-0.195064501289995,0.9522830956824524,0.9942964904050495,0.7107304999816856,0.304599503713709,0.9645285866069588,0.9576012695587669,0.958846996274126,0.8663861300095138,0.9707686325361458,0.9070908970860946,0.9188495463178609,0.20423139134384172,0.9648919812579596,0.8091179784475634,0.9111926773431333,0.7090715532966423,0.7800246584744831,0.6249430267938357,0.019398957757104318,0.2102492818301484,0.766342469891399,0.19514773324246149,0.7271908141316346,0.9268405901489565,0.0951568101265414,0.13992073158624127,0.35744887735645187,0.7780653354184549,0.5938812814470197,0.8043706324364603,0.005105684919450823
-0.588931661711742,0.949321274591253,0.8507653029630042,0.7302899094562427,-0.02295356039879001,0.8830162705873303,0.9497704898913407,0.15926365210849425,0.6065718178346596,0.9044193970096582,0.9072767362270173,0.8795898061503686,0.21560928573282181,0.9862413671023462,0.832514305605503,0.9735946896116557,0.49959459334211737,0.7399325365161119,0.07819577443224443,0.05049110612810834,0.21418655923839283,0.5751265813357285,0.004469653442504662,0.018115834541059417,0.9705236032653604,0.04822973083763138,0.08612705681683235,0.013052799237156687,0.8534056173857238,0.12231257783285847,0.7095810756346022,0.9294823697726706
-0.1950069540869932,0.9843977025304931,0.8085980955590232,0.7979708700749083,0.16163993828963585,0.8200462988711098,0.8584542955177825,0.9509222161620228,0.8663861300095138,0.9725450976279493,0.909400760011163,0.06301493000216868,0.20423139134384172,0.9648919812579596,0.8091179784475634,0.8324357857132898,0.7086899157286038,0.7800246584744831,0.6249430267938357,0.03262548096173329,0.03613157451606233,0.766342469891399,0.43753798609533956,0.7271908141316346,0.9268405901489565,0.0951568101265414,0.13992073158624127,0.3364492427640371,0.768613423329997,0.5938812814470197,0.9442659758637839,0.005105684919450823
0.04761243716323921,0.9955315620324308,0.920290969516145,0.8464368528842636,0.08499085121056418,0.8003349793373796,0.9500438104012494,0.19613922089055266,0.5501013126322433,0.6191492054119877,0.9469860789311993,0.820595997961884,0.54272222932853,0.8778250124428556,0.7824749276142264,0.8209693556204557,0.10408819878394196,0.6819588152534425,0.015335162375220784,0.0539512995945165,0.06715747948848819,0.1997258672096367,0.015772115161568054,0.4602013212113943,0.19079951026801528,0.003397958837156545,0.1493878623372362,0.2601489989997759,0.7354028334567986,0.011663213046948506,0.8132707026374849,0.6245289550223383
-0.21279133947018392,0.41411819268479216,0.816059066343669,0.9814369143458552,0.17540036267040204,0.7041423765386045,0.9180015413733222,0.18874324693868494,0.9048674525384279,0.6047305747750412,0.9150596736433104,0.10236407222886251,0.526792308871384,0.858576654874192,0.8127467658198715,0.9722009897687987,0.6906745302251229,0.7757171725902811,0.6769285376938726,0.05073973733159793,0.48394863292175494,0.648231338513396,0.547370963933915,0.6316254905938913,0.946319073265711,0.3167072541808641,0.17540239461751997,0.22338845730113147,0.8119231853150595,0.02433507522606751,0.9133248629612244,0.9321593708036683
-0.2030519446257037,0.4318718471058126,0.9033522766214208,0.9697562874553877,0.21911984576740623,0.9704713134369752,0.9301142163827278,0.9378221300139529,0.6077084961554599,0.9713193294827968,0.7958540351614003,0.9489330170693285,0.2844186403081276,0.9636866062470784,0.8919870938939859,0.9678106942760886,0.7074945213715146,0.695052208260311,0.3789923871379157,0.10155131139614017,0.06551539696891784,0.5915827336166617,0.039445539965199436,0.22845368302897792,0.9678339090000226,0.10222267000907038,0.14124985810628826,0.3904993264563119,0.6456639543862465,0.4948162382190253,0.8941457052524546,0.08333583412078993
-0.19717054234204953,0.9522166960510777,0.9018854448544679,0.7285524046390416,-0.1747978342056764,0.6767089643404165,0.9515232265721126,0.15926365210849425,0.20349942647829836,0.9711169920345794,0.8214966912053826,0.05625764744058598,0.48413260846602074,0.9867384062521734,0.832514305605503,0.9739447003993026,0.49959459334211737,0.47450648901786546,0.038830285003422504,0.060018175939247936,0.018730007152713925,0.6211959731480082,0.5490076259768977,0.02145108965002418,0.9727384504073652,0.08181897207616556,0.054716015405441056,0.03163375027444701,0.8164405596902549,0.45958691332134854,0.2042665192663326,0.920059239994522
0.5896623474676445,0.46902121139468317,-0.8884009074316103,0.9356551327627429,0.15913854911996014,0.9478748666275987,0.9190833070400657,0.22465581977495472,0.939742635931025,0.8531772382888927,0.8965256700736375,0.1074617775936843,0.3724095526754853,0.9908286382294469,0.8571894469446052,0.7668709141930566,0.7208241797887112,0.9079545201893449,0.010138727880664666,0.05218288723805652,0.06929255794708372,0.5739776945233256,0.0040647891791769815,0.6802743957569385,0.9597767331183179,0.08706966350719952,0.037359500285324726,0.159490172712702,0.03978438178814752,0.1103855081865387,0.9155162847775742,0.8792788536526237
-0.20897623614311475,0.5405922754991505,0.9007462726097307,0.7279755501627813,-0.005526585838788595,0.9908055535761824,0.879131740748737,0.20486663453507448,0.20349942647829836,0.9029703676850971,0.9092258830562244,0.06333675574311676,0.48380453306767884,0.8813581200371496,0.832514305605503,0.9721445696740797,0.49959459334211737,0.4164552989947508,0.5067027690328894,0.06746902781208855,0.05560242275091955,0.5898754091162861,0.5398669153895898,0.06610368178610965,0.9705236032653604,0.7408819660365896,0.08612705681683235,0.011699640809514687,0.885691791637343,0.1512729506592349,0.2298588060952335,0.9060365812659206
0.01611608572787506,0.9582476102909365,0.9482660872850917,0.8442769992836647,0.08099494037527699,0.9703055990474264,0.9254762206348979,0.9815279420715972,0.5990771293833584,0.9896920013922315,0.9190830027824344,0.9235614165311429,0.22682531487430418,0.9709531905266353,-0.6597647534907456,0.9795293165580614,0.24537805030512477,0.8312015672200564,0.4392429015759085,0.05320903517868191,0.10386932715575332,0.5859618542277081,0.13897318366327469,0.7242243310593334,0.7553166943659158,0.3157557196929971,0.023695675575781616,0.8726528045950654,0.007476291993630415,0.027415734615235665,0.33679461816602074,0.008833165776050839
-0.004148317646821428,0.5193423109303534,0.9483550658467244,0.8445136695240728,0.07812699523177832,0.932016457896315,0.9598310382970089,0.9117979545610319,0.9076866696407507,0.9422319484034294,0.9420131847081946,0.9479184446043755,0.2995474781588664,0.9709531905266353,0.8119966799478732,0.7917252960958042,0.4150701710070209,0.7920480081305343,0.5426708038201166,0.02572654455729573,0.07847359017530367,0.5831019056044663,0.03776641970660439,0.5181963194003493,0.9538531706858201,0.1096633741627744,0.05082466114956293,0.19131148058957217,0.022475054805591282,0.027389495029306203,0.9763202013386143,0.027812267631589987
0.0009789562181691247,0.3722729288947145,0.8828249579664691,0.9506828219135282,0.22008899172630736,0.7072760923181618,0.8830306016162158,0.16802917505281306,0.6382618347644403,0.9825060892322416,0.8441518091586766,0.8784679374536924,0.5896662764736724,0.8865007874919213,0.8278826807056067,0.8198886890736221,0.04422095586133789,0.749618525183774,0.907911897302748,0.048500254807335885,0.21741622713195613,0.6094653484133846,0.044381105494846376,0.5819027224924367,0.8204474698971146,0.34189986317255733,0.14511219601153313,0.5675444082463614,0.0231369894380555,0.024079933786606805,0.9799781741993888,0.017526875414507148
0.5230548187117233,0.850193200950152,0.9601022406428845,0.8096173245950599,0.23684487564594064,0.962126778821894,0.9823762345156476,0.23161140734412156,0.5292399460625047,0.8727682376811148,0.7963844393697496,0.8974821590084303,0.5143089495080067,0.6815193947961743,0.8407863506145526,0.9719435410247401,0.8359141909878308,0.47093758426406684,0.555794250275335,0.006014777404859756,0.05690453790312067,0.09855186940320837,0.04254169774918354,0.6943359388778931,0.7062521099526748,0.4506881548434073,0.12282811073664307,0.06068187648860747,0.6245821509861689,0.5401202698360387,0.8566652419689444,0.06687962434796353
0.5891694890550909,0.957630914448489,0.909075110645928,0.972495009736149,0.272975299947237,0.9754412129879121,0.9095460490068735,0.21009620787432745,0.13367495210932706,0.9126829400820083,0.8743100238563802,0.9004909855108543,0.529785923259031,0.9870026331696395,0.8388440399958437,0.9881401297393633,0.6540040804603471,0.7074729702831741,0.6563415031077312,0.05809126225841263,0.3539137273058366,0.738245490300966,0.14769568769996522,0.7922641580077148,0.9937184690832117,0.7278168604837518,0.13946692667757402,0.6010918751222889,0.8282501531928262,0.6119156500234865,0.9802735042961478,0.58193480430153
0.5326925497497634,0.928555057554997,0.8411592323058406,0.9710453065015472,0.20501545811687807,0.8337864910866069,0.8850431205764691,0.2905705271812825,0.8522570769654685,0.9125332132569732,0.796080192257734,0.10546598026386018,0.37256257773291046,0.9845605183338683,0.8369343890591676,0.9555426200049046,0.017646325579618594,0.45565807989553925,0.818393739931442,0.14992537089921665,0.024386428407504622,0.6602205432256566,0.0017738283809331234,0.7402535311166675,0.880677450720532,0.09362211361779091,0.16210992388294906,0.13798461140728127,0.6853446315658056,0.4307216292705326,0.2580336647113549,0.026030864255992034
0.11838015554025028,0.9219692712068503,0.9270637729049215,0.9571052779417978,0.07807494475063502,0.878080871887883,0.9606946476741235,0.25563622356232074,0.8752945047396363,0.989470791584176,0.926789376427928,0.10478720449045284,0.22668147541656206,0.9921842690305227,0.8827218718243462,0.9762628654348686,0.6763196351226634,0.9515039936614286,0.4398324755358439,0.844509813866187,0.03398870926812523,0.5965428149523126,0.03440649793171427,0.7431674900990937,0.08240564470811129,0.025784149790607197,0.11446250878104161,0.1700555521101167,0.7877907440969817,0.9188477837492921,0.7273560143195866,0.02565090606093818
0.3283923593862805,0.551674027184933,0.7696320376432888,0.9669148413968929,0.17570835694643652,0.9918588020336638,0.9240283486208656,0.21823154935850922,0.9522245986842242,0.8961168635076576,0.9317843666792975,0.10794556821305978,0.3758060876284992,0.8609415512248043,0.8621494467268057,0.8290462080315207,0.6827179237737615,0.8324278772411005,0.6989562975727782,0.06648831023510816,0.13821881508305642,0.10791446227634033,0.07086343344275273,0.683181327171937,0.14932531516250613,0.10136497543580378,0.08252745153322452,0.44723825779178494,0.9986693688871506,0.5679763989107975,0.8344329551291968,0.6440304372414674
0.14976449688932314,0.968902720515019,0.8381841783898392,0.972826526199839,0.16118757100200065,0.9982125667367756,0.9525043190723713,0.20875732988129286,0.9167383361604556,0.9536711989015715,0.919477157072976,0.13013541208532972,0.5741535465368722,0.98751504825695,0.878715821039959,0.9942559418977139,0.7140255148889334,0.8900031435240676,0.7106085908388428,0.04982626166950028,0.05404620489139032,0.10382194819034385,0.03467760563222022,0.8468979450917875,0.6297381394741979,0.026563334032718107,0.14231915314580373,0.3538983085560565,0.8920218923335032,0.4217145854257192,0.9744938105029464,0.017321412957485127
-0.21106537220253968,0.5420094245808503,0.9076913778350788,0.9842623404421409,-0.0043432183439514604,0.6758048974543995,0.9197621404112413,0.15926365210849425,0.9466155883088148,0.9097306103680624,0.9138178109133763,0.8705606420222853,0.48380453306767884,0.9867384062521734,0.8613026027499515,0.9721445696740797,0.6727790668421361,0.7662040100448216,0.046535850913403565,0.14921250875165534,0.20496197909448183,0.6496577513798076,0.04775382393266725,0.011372930595608288,0.9728822094215819,0.7269417542484692,0.05815076013560906,0.004041085230864869,0.20377049694546365,0.3669462299069661,0.9205896014366448,0.9360884597233315
-0.21198327244928583,0.4919119002087191,0.7700055189012908,0.7612352928296565,0.14077036999126075,0.5978326677983209,0.8872109325847926,0.20500811561742466,0.8924521931154243,0.5207090880939997,0.9150560016040709,0.09355458591928398,0.3344707680244898,0.8517183732405167,0.673988323532249,0.7482447947115745,0.9288637526201979,0.7718485164926827,0.16975330017239293,0.03273221268760825,0.011169178036616437,0.8662315095910904,0.010682776031912335,0.7081188534201333,0.7598572543423637,0.3777884839751908,0.09693230454312472,0.30549125484862816,0.06568524031561188,0.9412795845949651,0.9491665246966678,0.010496109883989647
0.01611608572787506,0.5193423109303534,0.9935597949199886,0.7447102125534096,0.08838389756179443,0.9756459595798909,0.5984727800103823,0.3993819805984004,0.6082885596588228,0.9806277897488718,0.7978104635385801,0.7742878796835218,0.39250415802107963,0.6241968115125116,0.9108839445276127,0.7918506796255322,0.2503636842543362,0.7356815690943515,0.5408312521849156,0.7544034642870926,0.050983018520836004,0.5818499388890881,0.06576498493694022,0.7300783527192822,0.6108557740584881,0.09381934749891234,0.17682399585953232,0.5725271774998422,0.02173475080131948,0.36995974863445513,0.805450180654547,0.6224547409276195
0.46899162539971717,0.8686722363835553,0.9171679195589657,0.9837398098159287,0.15452628680725758,0.6701090087537959,0.9242576808805654,0.2043805393791958,0.9185026219414977,0.5178536058148193,0.9152524062633344,0.12199005959335008,0.6248134231642001,0.9916434899896289,0.814234837601137,0.7626155927035961,0.8527536964618058,0.9044053575646854,0.48211353122521805,0.053915231650887574,0.5962922140829774,0.9084024973488709,0.041464861516799754,0.6627545015510014,0.9664817537789065,0.1126480986951765,0.0024169160363759143,0.44271299390120067,0.627852487748755,0.5488487952556415,0.89177442077905,0.018755358953916626
-0.20740831798253723,0.4782673384460726,0.8212083617026014,0.7490913810446113,0.16589048343494603,0.7910709704726413,0.9054863225304509,0.20864758141899792,0.8874446600885443,0.9510890120086783,0.9070833680956581,0.09382497105172873,0.3757037993289209,0.7310077799071518,0.8217474987678169,0.8175210332005811,0.40753243612130924,0.4801434528436537,0.5238729045864583,0.003316181580351303,0.028342096835702272,0.4836012285558777,0.03326452254247386,0.6199991408414867,0.12211951934679571,0.08197737554213734,0.0915061863527599,0.45866252647013006,0.8214148766404994,0.3774405696371151,0.08034540839934622,0.014604615728574145
0.12964710132831814,0.8555386753258675,0.8493312837798379,0.9687796403420729,0.18162252075227137,0.9819070773032845,0.9074469283176375,0.22065904237532546,0.24653968415968305,0.9071454295116891,0.8933741627748127,0.8799823747875298,0.5110019602623328,0.8470317475758355,0.8257050975226754,0.9877105892620864,0.35767260377813087,0.7487411556956342,0.5890484873900999,0.1901964274039151,0.10584514912622076,0.8297117920148118,0.02643190327933822,0.19574207271123178,0.792887922909233,0.44119415503047243,0.12010104487084339,0.20538795039212765,0.1141819959128546,0.41036304868041895,0.9300590350619892,0.5469701815950411
0.608882349930636,0.9493297411794109,0.8742368020500637,0.9698371834001334,0.24836339171028296,0.9753033542986638,0.9075589910421501,0.8860931133483485,0.19502265149398812,0.9412004075257889,0.8837204867774455,0.1658030064960226,0.5102678865690169,0.9867384062521734,0.840469429719956,0.9721445696740797,0.49959459334211737,0.42691918260395134,0.5449788626028034,0.8698179721024366,0.4833216320967197,0.5879014255569182,0.03871044288961434,0.8516703963065779,0.7880991319370793,0.9486747031076649,0.11530722914152397,0.5938584663211056,0.8119782447277385,0.06329957684160381,0.9368343029843912,0.011924934309639701
0.46899162539971717,0.8436458169345039,0.7798108807587184,0.9835744548846652,0.15215867764988725,0.6700824840138678,0.9318008629762787,0.2041852884794945,0.9184165313188006,0.5206412758822486,0.9152349137967974,0.12199005959335008,0.5074203771752193,0.9277090273369788,0.8851392338602412,0.7366142375123932,0.8561944850611278,0.9044053575646854,0.4863262897613452,0.05391692224724687,0.6361739509339799,0.9669111200186316,0.04141128731779558,0.6616762081499684,0.9664817537789065,0.8920294398958867,0.0024169160363759143,0.44271299390120067,0.6252015046732481,0.6104414377026997,0.89177442077905,0.018755358953916626
0.14976449688932314,0.9554345279774249,0.9063720868820019,0.9796610953728302,0.11226705856709143,0.9982125667367756,0.9525043190723713,0.20875732988129286,0.9146947415067481,0.9536711989015715,0.919477157072976,0.10405157962769468,0.5741535465368722,0.98751504825695,0.878715821039959,0.9942559418977139,0.6757916140586759,0.7619665050326473,0.7106085908388428,0.042795555621419346,0.05035041539036966,0.10382194819034385,0.03467760563222022,0.8468979450917875,0.6297381394741979,0.026563334032718107,0.14231915314580373,0.3932172467620063,0.8920218923335032,0.4211024503110046,0.9744938105029464,0.017321412957485127
-0.212772603361799,0.46293129079087897,-0.5056565802815289,0.767133952467814,0.14077036999126075,0.8824498836543094,0.9241113067364821,0.20500811561742466,0.9350567133299225,0.9052347369462797,0.9148302709001574,0.10516342516508702,0.3699974122032221,0.8522055773585936,0.8642349991936273,0.787719943983981,0.008492089831194316,0.7629025009489161,0.0067644875266241605,0.048803752707908904,0.010383568030406631,0.5745135386611314,0.020592474042507886,0.6070891815321245,0.0242195608214143,0.10507261073967714,0.04838936827148432,0.31485277617849783,0.7908943417824903,0.376392408760086,0.8643829123898152,0.012536742698493902
0.11304700374954732,0.9493297411794109,0.9050042981162174,0.9681504880217686,0.4289841122050829,0.9832405412839629,0.9947002843443968,0.9935692887711044,0.7864637226124327,0.9904989512675713,0.9437999806346443,0.9886541732673035,0.2899696858624547,0.9853815051795948,0.840469429719956,0.994859337155527,0.6453228032480961,0.7879419001777789,0.3999905410979613,0.7469287889713524,0.5966976801220356,0.9461714807479298,0.9822336865883806,0.7077378199933622,0.6107417843154582,0.2075239860700105,0.001232492883025127,0.4187426900529636,0.651614148037996,0.704764306621674,0.9692810818979036,0.857026838701137
0.06922029940362012,0.9818855328960759,0.9110584739960879,0.9673730494954511,0.03612120384876008,0.6802767320852741,0.2317581088155931,0.2188689350207827,0.8214499058475672,0.9374358887330677,0.9148239872025202,0.36739971556841405,0.5001339004892462,0.8422160619919323,0.8123269750835799,0.9532955490129014,0.9110715833506058,0.4991694589963122,0.4434169325051526,0.7306823039117334,0.08470477256148215,0.97068841359586,0.029031640798419366,0.00645393838656267,0.019204640554732977,0.1000725760233362,0.14020773448613918,0.04827501864268893,0.8678213030520376,0.16271704031182826,0.9836389810946495,0.5714577636589693
-0.588931661711742,0.9536167104111194,0.8336683921016627,0.7343080210822334,-0.005526585838788595,0.7010886575019817,0.912853871941041,0.19342635925404278,0.8840227147783857,0.6505160836378634,0.9145597516853422,0.06216796465972089,0.48380453306767884,0.9951904705846344,0.8136510749962066,0.9720856824923543,0.6825105420641682,0.5927308972722458,0.0027464927477059836,0.055353762687398236,0.20066986734621328,0.8214685204293641,0.9934748225949465,0.01994848507072461,0.1578557463034086,0.11207111383234009,0.1997881669895244,0.013953527955817141,0.8329319749926857,0.4787130743879494,0.23245746360693548,0.9314038933881896
0.06536433373995754,0.5346935135541777,0.8049900406939643,0.9715567890967597,0.23805985550984352,0.9708473830886035,0.90889905345956,0.23846555565387284,0.6025881546321985,0.9920874590108992,0.9317701609178686,0.9489375930834917,0.1698373078492108,0.84731206014995,0.844006292746465,0.9857751982367875,0.7252410505539475,0.8438973913705567,0.1520590818817021,0.20249532169223944,0.34565042360515785,0.6035363172845564,0.9604273369928694,0.1662503629180279,0.8831906206196917,0.016755854370653578,0.19514232438679463,0.4487611182661261,0.27097644617588257,0.10562298384631465,0.9158052595895821,0.9437999114251708
0.6622034158016042,0.5276622973082086,0.9052380742060977,0.7279755501627813,-0.005526585838788595,0.6439159180202622,0.9493569241641195,0.15926365210849425,0.20349942647829836,0.7882546298700521,0.9149388509851194,0.06660547196402006,0.4827199298572456,0.9804974183350305,0.8633241884484057,0.9824885756803726,0.48015833241227956,0.4164552989947508,0.046535850913403565,0.060018175939247936,0.055585032763207115,0.5681439116972463,0.1215590077477755,0.01994848507072461,0.04167273277367495,0.7281874992689791,0.08612705681683235,0.02817261156728096,0.854707518303656,0.009418105670712495,0.2298588060952335,0.8629632657843123
-0.267131786026112,0.9590888147051704,0.8183724536896216,0.7748221199392739,0.17599571076758647,0.7161252827667148,0.9493314244701933,0.17382082713583313,0.1985459283964428,0.29658338729378064,0.7733869674993854,0.4215185346449724,0.487897554342408,0.9929433972111616,0.8112720060308684,0.7664565815718154,0.6584368098711684,0.4238895397003823,0.6381430205765634,0.04871362811045871,0.45836287564425726,0.8568162337490846,0.03864741145669013,0.014626234044377795,0.7272582132519333,0.4407721723664568,0.014199189793312757,0.041445886123559234,0.07189415548890188,0.024765314428762307,0.7864950115560353,0.5534532568886372
-0.5892831308379147,0.8783058119974051,0.9047550571043252,0.9601060062079946,-0.004872572588069699,0.7040418641902306,0.9497704898913407,0.15926365210849425,0.19498994826189217,0.9023748746697662,0.9146470722795423,0.976927872957944,0.48410324354872114,0.837386617768678,0.8423314555857314,0.9906231614389615,0.49959459334211737,0.4164552989947508,0.046535850913403565,0.0636672481042098,0.4901175444840927,0.8860593862141211,0.05973723109825668,0.035548591497235604,0.7174049212085283,0.4114024894895209,0.1997881669895244,0.009714430528296292,0.2520755115951801,0.1245995731748204,0.2759435441432174,0.9216009930041593
0.5972117060080507,0.8872011673455888,0.904185500607034,0.9660686088291989,0.13905494583115563,0.7881643185572115,0.9318932490701086,0.20452079742140544,0.8832506001677025,0.960977320360011,0.9228057002077837,0.10855911818216189,0.36230432297363907,0.9825992906185524,0.8120704106359723,0.9874063574562338,0.8511002422627886,0.7160538530084533,0.3838701203175333,0.03287126727869949,0.1606910394078836,0.533131527684671,0.06642611069522031,0.8291388603787601,0.28915839530073206,0.10540315507638687,0.1124084755948582,0.1616418942180861,0.8328097359621839,0.022914018394480345,0.674721250758868,0.001568176089690794
-0.20600971201816207,0.46230071506617626,0.8540574984817386,0.7311169325291018,0.0767748374284383,0.70615718378732,0.9245351868284504,0.22238225909450224,0.9402154634877168,0.9672751625019136,0.9044618582573867,0.10535224413228014,0.33553144488463693,0.9216876138383104,0.7772586632666705,0.766022766569011,0.6269707371381821,0.8021059037960798,0.5376858975501346,0.01966715920883977,0.006968813657603858,0.5588991613303731,0.03934297090027833,0.6297299079374631,0.9487626180582426,0.03083262691389474,0.04634657431279868,0.18278552066336773,0.8465517392350083,0.4239042201980734,0.9576800479579808,0.016046726925596527
0.6151402588873082,0.9209322031529223,0.9053222512250872,0.984523770390812,0.15255234540444548,0.9546047879991902,0.8948003042316266,0.1713625456157763,0.19455595431637998,0.9109282817563802,0.9169968691836633,0.09010509252508328,0.3193978899665565,0.9105202399659827,0.8645163867206914,0.8118613406547104,0.6427254053334213,0.5828652441274812,0.48086272473486646,0.8569525583622264,0.058371489018489875,0.7420524247592599,0.028276517230160197,0.6560660041614839,0.1055923275608105,0.6475082775393146,0.010742204674091371,0.4414066384397265,0.84529504507478,0.057716642181830424,0.8805637850349854,0.3412109841374388
-0.274772471375362,0.9241057968266927,-0.8753736993002645,0.572826585366118,0.2472381981465006,0.756459948135391,0.967566570590312,0.13510683554693265,0.5080459631117209,0.08531515726618966,0.9403883508946739,0.8317764370049148,0.3467039596332507,0.918025083478835,0.8719884816187465,0.8231523681141043,0.032871667414752614,0.9814033386838016,0.5532441631903724,0.06291487905743229,0.17836664758199408,0.029548842633023445,0.026300622922391808,0.473146919343208,0.9143079633369628,0.10242460759441699,0.08895388496902554,0.2637545996269544,0.7799018441457668,0.09653273736778775,0.9701123943344307,0.6766044250537712
0.5840484989894137,0.9545172165892312,0.7620520421305274,0.9786233883205876,0.12742753231864348,0.9872643670309798,0.9229816040338878,0.30277458670329016,0.9069081551476572,0.9429758469619179,0.9244585329438912,0.9617249811777946,0.526488893793528,0.9627279647922163,0.8617510232467496,0.9897784539515362,0.9356775652042585,0.7658489362545762,0.8778665788270625,0.054390756983911666,0.028425892487508996,0.7461271466140385,0.03755364704732922,0.7393470274386729,0.9179547384699959,0.7007853597192121,0.14502654243973367,0.2911784343358107,0.05505518891942618,0.7387791291014535,0.852063420640666,0.9661300570822451
0.5573831438187695,0.9483920689767231,0.9460455565161301,0.9668431518223963,0.09764607618067547,0.6758739380695836,0.9164072964725635,0.20875732988129286,0.9565976783901117,0.9652049120127792,0.8804712692553307,0.10416634369538619,0.532400808432074,0.98751504825695,0.8627252449801499,0.9999872973902486,0.680558374476649,0.8932984126494121,0.45678733185718445,0.028235735209636625,0.029530194132886267,0.08650999895811778,0.020041476488892096,0.8469727120887962,0.10331439387487218,0.0012195195337259546,0.02487311401537337,0.40144030922763146,0.813419907533659,0.4198464527887041,0.6825561499601649,0.015155683207627639
0.46899162539971717,0.8686722363835553,0.9171679195589657,0.9837398098159287,0.15452628680725758,0.6703773360329623,0.9242576808805654,0.2043805393791958,0.9186873683335152,0.5178536058148193,0.9152524062633344,0.12199005959335008,0.6248134231642001,0.9916434899896289,0.814234837601137,0.7600672014289183,0.8527536964618058,0.9044053575646854,0.48211353122521805,0.053915231650887574,0.5962922140829774,0.9084024973488709,0.041464861516799754,0.8044465534249219,0.9664817537789065,0.1126480986951765,0.0915142150329209,0.44271299390120067,0.7329174023178442,0.5488487952556415,0.89177442077905,0.019095079691033155
0.569402901863202,0.5019803731699456,-0.7897326356363916,0.7382231504986254,0.16991377974597202,0.9747934330616798,0.9327820133520099,0.9715840734598589,0.9603453452810516,0.9236372519571107,0.9171640906046181,0.9874092875450542,0.4963707707314312,0.9891400454855659,0.6760839460212084,0.9838973384287953,0.6026037758978492,0.4925522660622187,0.005828470845401584,0.01088642160410936,0.053608181383452524,0.7565419887844067,0.010467037688521984,0.8562805179760189,0.9187491041444718,0.06624075952977543,0.030063647171154284,0.16140763148099177,0.010100131499118342,0.09874820451677419,0.9219100897390989,0.019376348491379362
0.5763514195821677,0.9492576763433803,0.7826764567423126,0.9361809731533202,0.15649426190680346,0.9865512121294027,0.9117046168026477,0.1789135637220401,0.8908220171452439,0.49528806642177703,0.9187051619410584,0.10686908906768075,0.5102678865690169,0.9869313431885998,0.8136888319391711,0.981757021200929,0.6309472238330768,0.44007896417522324,0.6567472185595036,0.02561269543711555,0.11399978575183978,0.4857388075132437,0.016400930891011613,0.8475574506455321,0.18960407128389528,0.511815339995093,0.1044354122996462,0.6023950032097378,0.07003754505522547,0.054533650722868976,0.8516513327549119,0.03905279776635173
-0.2667564363627521,0.4951256090563281,0.820278642302205,0.9789480471737483,0.17340883580664435,0.6765959932452947,0.9041952989877861,0.20490016322141988,0.9050481707655917,0.5207090880939997,0.879923587748104,0.10784328413738341,0.5055966204604524,0.8478150811539801,0.7109532102500828,0.9574288450646409,0.258997959407882,0.8620584519464067,0.01733186225390472,0.01944329000915887,0.013504364209846798,0.5201455007438401,0.04173330752635453,0.6303025619283954,0.7254918496895755,0.3130332844139253,0.09210232437783766,0.4375915604459982,0.9175288454734524,0.37590522038690793,0.9019472552470498,0.018756021255920744
-0.588931661711742,0.5414773685549727,0.9047550571043252,0.7281334844090075,-0.00531552878886643,0.7030156685747685,0.8827137387876287,0.15926365210849425,0.20349942647829836,0.9044193970096582,0.9137185069159547,0.06333675574311676,0.4850099760678917,0.985933689267255,0.8648467863128615,0.9721445696740797,0.46742756881221537,0.4164552989947508,0.002339015370740105,0.05844423713399913,0.18598260977809056,0.5683750945078894,0.049654575993559324,0.019205387999814506,0.04167273277367495,0.7411257494482958,0.024846129262145265,0.011615446711267241,0.8533626497626969,0.009761638816503639,0.22955736412229294,0.9514252391645698
0.55660141555508,0.9450435250249011,0.9053222512250872,0.9966643287913264,0.2203705460916232,0.7023732200761922,0.8961612381558351,0.24143369923130972,0.20590883923356013,0.996377009114748,0.9169968691836633,0.3978958056851156,0.31903072039960795,0.9177791172496379,0.8644412934996203,0.817957416655309,0.6718363942902413,0.5323309303227938,0.6549019529300133,0.8569525583622264,0.6120052628406591,0.7420524247592599,0.053584892260463535,0.8448635724577519,0.1055923275608105,0.9264816602374462,0.08605108644859952,0.5571836355454383,0.7937058508182948,0.2337954361809637,0.9818777679841184,0.920291980602806
-0.19576685422130896,0.9238250803221523,0.899688186955445,0.42111609267166517,0.25255346974543,0.8315444516732468,0.9787921768923197,0.1704952968798354,0.6154065830753565,0.9467895484175153,0.913086940673078,0.7506719668609059,0.5258781808196953,0.9677535043591089,0.840469429719956,0.9736824999344529,0.1941086021236762,0.37635978365885986,0.060053506957487124,0.0636672481042098,0.058928949720844455,0.560143405115338,0.0395736448583879,0.799362894225923,0.9376372604053266,0.004727758028456069,0.0159517815180864,0.30181367401421966,0.7988932455580106,0.020363776362783866,0.9834350424313761,0.5185175707868014
-0.571813243270506,0.5800678473026547,0.9259029084346939,0.7443013726071622,0.16249832241661635,0.9494945466998853,0.9562590277038597,0.21357807538883777,0.9008940466659725,0.9051510628118826,0.9138498553275999,0.06371635832298676,0.48380453306767884,0.9867384062521734,0.832514305605503,0.9715945718894178,0.6903387864364622,0.8968191325171273,0.01275823821311732,0.060018175939247936,0.907240677416155,0.801601282050647,0.5531391322685921,0.044043805436976446,0.9394988857680737,0.7144621181620943,0.21455817143538042,0.01125816322297428,0.8276088822780219,0.5317522909428739,0.22116672331925083,0.920059239994522
0.5586029247847214,0.9632513224904494,0.9054361162111892,0.9966643287913264,0.21487129066487323,0.9753597259964418,0.9455163808950976,0.20536167055970436,0.19942364888968925,0.9151150326904892,0.9165873158669491,0.1410753047063401,0.3193978899665565,0.986032525941266,0.8644412934996203,0.9801812939007272,0.6718363942902413,0.6853573971672895,0.6549019529300133,0.8569525583622264,0.6120052628406591,0.7420524247592599,0.038528844014682095,0.846019898837329,0.7787073975713144,0.9067345777887436,0.17613762335787916,0.6404156788092333,0.7937058508182948,0.6421667904857206,0.9467412539459069,0.3456964121918717
-0.588931661711742,0.9536854670087267,0.8195340765723627,0.7306246488113386,0.16027065882684927,0.8856078356601498,0.9497704898913407,0.15641527526915766,0.581383984769569,0.9494423797203907,0.9138512175111414,0.8795898061503686,0.48380453306767884,0.969242532902773,0.832514305605503,0.9721445696740797,0.49959459334211737,0.37760053834494406,0.07870733426310761,0.09871555574478512,0.21417694507228413,0.6599360620015691,0.02755363879580424,0.05555835527505293,0.9359768888139424,0.03582525604811543,0.08612705681683235,0.17894847375926495,0.8323519452053509,0.37942012067767605,0.7095810756346022,0.8991976351454236
-0.2074160721568315,0.513162506323826,-0.7665760763311309,0.7513857401458065,0.24197326010554804,0.8389061661037632,0.8860035777474176,0.22769483249385894,0.5841686705033549,0.7996697918667804,0.9474827947728994,0.8474570118600586,0.2424387555104724,0.5323747315145989,0.8206164716820659,0.7686423377562934,0.12271989521741755,0.8048418356475704,0.03528244474319478,0.2107082407120432,0.053382200888416186,0.6712414212181258,0.0229869194515833,0.6688884977989353,0.9487135094375081,0.020315094178644452,0.18964174318520274,0.15747509258148787,0.020891479466333407,0.9316683419985212,0.6487372865544345,0.6831841392590455
0.09026221912306676,0.9818855328960759,0.9110584739960879,0.9674109017775685,0.04033121513960795,0.6846062566960754,0.8889081637866414,0.21889451798967893,0.9372137153886068,0.9374358887330677,0.908981236785476,0.9266711826748071,0.6075090505091026,0.9872787645173521,0.8155051469404847,0.9719461217350911,0.6795418816121283,0.9731356971979123,0.17904866309553996,0.9841607158221356,0.08470477256148215,0.9960731752390989,0.017715717633885186,0.00645393838656267,0.9486533355846234,0.1000725760233362,0.14313491532539074,0.031052082084531404,0.8785166025873676,0.16191210197982459,0.6596696147382841,0.5714577636589693
0.14246707645382067,0.6948291315678741,0.8540696416888537,0.7467881412892557,0.17555168941223295,0.6572153430327893,0.8822113166584604,0.18940717947247887,0.9152534235007004,0.5532766731202272,0.9150596736433104,0.10682233464680818,0.37730868823921454,0.9721065599064662,0.8565507458037919,0.998742549107734,0.5895343477470001,0.789446703678047,0.6769285376938726,0.05073973733159793,0.6388724385004746,0.684428424422413,0.039752650737009704,0.605848581480662,0.9475243407946043,0.3119908548773833,0.17540239461751997,0.2580375698762069,0.8141225608200422,0.08398772103777702,0.9140001144535012,0.018756021255920744
-0.2932206752852092,0.4840323777129453,0.8198293015981916,0.7488463236318386,0.2705730136370183,0.9754265354050793,0.9905638623170757,0.954011357772649,0.5677978591646939,0.9545545342354328,0.8548608599686245,0.9658899789841247,0.5219318333060667,0.8376554807777302,0.934416328763805,0.9765800436023703,0.27310335651413536,0.6458722031777058,0.0017410833678315196,0.04973403445593989,0.0018724428888615696,0.5684689283247218,0.13831941793015312,0.8330667825429452,0.07334493286880012,0.09575688965794737,0.20071853564271105,0.2422612833750499,0.04842733899705301,0.042766742377860434,0.5672360487384728,0.05301494452224836
0.10087066223356554,0.4401743661271056,0.8306533707038147,0.9681486428515743,-0.0562303286423894,0.9989254719586016,0.9014057065380066,0.9594485653282874,0.07142214107515349,0.602814774279359,0.8864133252293313,0.9182249621161229,0.5102262306172198,0.8486956202781866,0.8384132019279499,0.9731432018683556,0.1533081723958181,0.7865194722689328,0.4195091883534105,0.8148864406191253,0.3865484249265454,0.11467084163323271,0.03959737811138907,0.044607736746114415,0.07175128104393907,0.07374707330438768,0.09101204541208824,0.40715675263898793,0.8694772899372266,0.15911901559376757,0.6777571044018972,0.01350869324828935
0.01611608572787506,0.9582476102909365,0.9482660872850917,0.8442769992836647,0.08142232383633362,0.9703055990474264,0.9254762206348979,0.9815279420715972,0.5990771293833584,0.9896920013922315,0.9190830027824344,0.9235614165311429,0.22008763172046605,0.9709531905266353,0.6298088822330266,0.9795293165580614,0.6844377649550599,0.8312015672200564,0.44722083701303533,0.05320903517868191,0.38825460902568826,0.5859618542277081,0.13897318366327469,0.7242243310593334,0.7553166943659158,0.3157557196929971,0.024563863887490697,0.8726528045950654,0.0635092454493616,0.9503743333626384,0.27326809831696075,0.008833165776050839
0.6001331723783341,0.8872011673455888,0.9033820183372265,0.9660686088291989,0.13905494583115563,0.701106103292259,0.9318932490701086,0.20452079742140544,0.8832506001677025,0.960977320360011,0.9139885357017178,0.10845148454207347,0.36230432297363907,0.9825992906185524,0.8120704106359723,0.9874063574562338,0.8511002422627886,0.7160538530084533,0.3838701203175333,0.03287126727869949,0.02411134859757509,0.0460253071499723,0.06642611069522031,0.8291388603787601,0.28915839530073206,0.10144861767751469,0.1124084755948582,0.1616418942180861,0.8328097359621839,0.022914018394480345,0.674721250758868,0.001568176089690794
0.5920586492646331,0.9674111381900454,0.7751142567737296,0.9708996780770429,0.14021687341365988,0.9977644914473989,0.9249525950244605,0.2053285172105987,0.8808222011363386,0.9532146091031619,0.9413344109441485,0.10802815347772204,0.2976831434445796,0.9561034041860732,0.8691100848281229,0.9706561447267056,0.8807866907199905,0.6481300917405456,0.5351421730572672,0.031481513404625225,0.2698491212733452,0.10942401699331655,0.04361169918682422,0.8462036655952851,0.6297381394741979,0.00924850043851562,0.3066019172866618,0.6034372968371898,0.13746756985572656,0.980094065052578,0.35702861962347354,0.018865215476132898
-0.21137897515682436,0.4856290735018163,0.8394806093674173,0.7107387238825241,0.07951755525727403,0.70615718378732,0.9244997437908644,0.22238225909450224,0.9402154634877168,0.9136573431052005,0.7868407541256075,0.10514301826577202,0.3324803823867529,0.9862719774005718,0.7726098344770711,0.9736796924351796,0.49226389430915696,0.7763317318147623,0.08773135183365954,0.012355246652802465,0.05282664124617105,0.592549309657659,0.03444557385781705,0.7750259736083444,0.0461048604338794,0.10136497543580378,0.054716337462785106,0.15971021757772036,0.7719925475774002,0.004779328367875285,0.6664447165285738,0.018569072519301035
-0.2932206752852092,0.4840323777129453,0.8198293015981916,0.7488463236318386,0.2718537243758692,0.9754265354050793,0.989223133295837,0.20241321596639184,0.5677978591646939,0.9466856779449154,0.8548608599686245,0.9472173583902983,0.5219318333060667,0.8376554807777302,0.934416328763805,0.9765800436023703,0.39489149946624924,0.7056721497318164,0.0017410833678315196,0.04973403445593989,0.0018724428888615696,0.5684689283247218,0.9858023657206083,0.8330667825429452,0.9587853643610584,0.09575688965794737,0.08840585077565546,0.1644303599360146,0.04842733899705301,0.0001154790315446852,0.5672360487384728,0.05344174984504388
-0.5709186479510197,0.9524606969809638,0.8298750308040371,0.7300419080462514,0.22947056702738988,0.879548907139634,0.9326561592264434,0.24585944554548733,0.9572572357220843,0.5356382725697916,0.9110432541749232,0.759985578465703,0.48413260846602074,0.9871688440686012,0.8016424582143069,0.9722366066045252,0.49968139563537134,0.4738325319913711,0.1512126233664564,0.06738278350688852,0.21404075819787996,0.5294734108483279,0.6013336134482365,0.025097753218414565,0.9768426434899431,0.12762904314032214,0.054716015405441056,0.016529094358550322,0.9978103932802823,0.40720882095167654,0.7143664040365587,0.9007299357031323
-0.04342715927305234,0.4965198147747955,0.7782951060834821,0.7480587544437494,0.07566024215543615,0.7081209517368828,0.9057463567489328,0.2180144913091805,0.9334649225357865,0.4990834432081558,0.9188593201407623,0.10593083457359358,0.3179691503532083,0.8536299776546179,0.8023655908427278,0.8072715828631727,0.1507123722437963,0.6902807337918145,0.03898915743135939,0.056459302735927405,0.024127224572446655,0.4852965120561938,0.024231212755394194,0.8766177518956773,0.88225071392544,0.17780575820612723,0.15361534538319507,0.1759223796831074,0.8328024063784033,0.9912363218411382,0.897761755261226,0.009740946165825434
-0.013751044400558285,0.4981019167971812,0.8473905988258346,0.9756535148969256,0.14030274889039934,0.9952066941964931,0.9239987437186834,0.20734972957655434,0.9171149724102605,0.6505765572800092,0.9140601676491864,0.10418381137498947,0.3629719418993248,0.9908796347619303,0.8039831342089024,0.8436264675001522,0.527529718768786,0.6805760225885616,0.1111983581089328,0.09897670888124861,0.0011253011544120756,0.7433539928643198,0.04418973371190131,0.6899907908988492,0.11254326282693289,0.15215790422857126,0.3430078083281827,0.35588985317937544,0.9612743448984347,0.09526236350088539,0.8464333089483225,0.01855824302558995
-0.19576685422130896,0.4828878577404905,0.8974728186630035,0.9880721934494231,0.28069008320360855,0.7039479043676501,0.9787921768923197,0.23979900772746945,0.19893991476075837,0.9152988355671228,0.8990369035026443,0.9521287590646432,0.5145056332329573,0.8905281868267212,0.840469429719956,0.8539908599053798,0.12228743269741332,0.37635978365885986,0.030138364340767332,0.055052989688544794,0.07429491376338156,0.5712694100896385,0.10591372992723824,0.6865085860525647,0.7252791731769779,0.020007271606930145,0.1406517492656166,0.30181367401421966,0.649885744912041,0.020363776362783866,0.2737020227748742,0.5650728694913314
-0.247541895625409,0.4849283560997495,0.8590383024531691,0.9125434444998791,0.1653664988002031,0.8807058743655772,0.920871810793153,0.21812108343661027,0.8776671230600368,0.5978825161951762,0.910846972981915,0.10756382326953176,0.31676690281161196,0.9837227342068635,0.7660005004954921,0.9893530872058323,0.4801500427864538,0.4519344269355401,0.14829009352615855,0.028738319374372705,0.004303358740647578,0.45911581660452483,0.04847983448566623,0.6201217112571462,0.781813271366256,0.03053042051811968,0.073003545748365,0.4424142086795938,0.815927678074418,0.043926994609295555,0.8103010946131487,0.01869157003564665
-0.19042928916035537,0.4757063097896518,0.6134647759990105,0.7104032975642645,0.16131724781061144,0.6751519437972777,0.9090382498052777,0.20660389028002463,0.8930844351706496,0.981304653983623,0.9102917473395647,0.09382497105172873,0.3352353249953266,0.990545260047346,0.6769775211166306,0.7659823922290636,0.09454223659154348,0.26653602945393645,0.02306766302838631,0.06019833127715607,0.02834661965332963,0.4832006689489191,0.02240226664999087,0.6199319218523004,0.6754994190330003,0.09205516472336048,0.09182183408047769,0.44020643843698337,0.8472752919662943,0.050714728138308546,0.22152847599513087,0.0027144970025095305
-0.19567176706613237,0.9209014495442691,0.898895954343758,0.42111609267166517,0.24788450283575578,0.7158276758500907,0.9071358885307009,0.23979900772746945,0.6154065830753565,0.9467895484175153,0.9534889989420666,0.7506719668609059,0.5258781808196953,0.9680159960461856,0.840469429719956,0.9722589726490236,0.1941086021236762,0.37635978365885986,0.060053506957487124,0.0636672481042098,0.04599595491808446,0.560143405115338,0.03940787589844404,0.7982007209805333,0.9376372604053266,0.004727758028456069,0.14293321381664562,0.150792521280688,0.7988932455580106,0.020363776362783866,0.9983585075190757,0.03250337553992649
-0.21145540744394795,0.35632405232848946,0.8505534471121184,0.7514998925456668,0.08535386548146114,0.689876020325725,0.9241163025603248,0.22154984080864906,0.9450265583463938,0.6779864945759816,0.9049592879577144,0.10514523502853756,0.38389709712949693,0.8335201064318745,0.7653817855857659,0.8135706629496418,0.10321615198076245,0.8444021356082533,0.16807598532017493,0.04334338116715081,0.007086064897489653,0.5538838957012381,0.01641011036117009,0.7232643366614826,0.04956380542161154,0.01624402032831734,0.043908208061255935,0.1556536514510905,0.7718069878000905,0.3363065820924013,0.8746382892456339,0.01770097005750915
-0.20587421870897576,0.49527984373405914,0.8178931477554595,0.7092029592781395,0.14163385713659474,0.610245371896369,0.8970902825566118,0.2051989846322405,0.8937048064906379,0.4211019450844555,0.9147391966452723,0.09500021315650994,0.5109634189728449,0.8407761979527162,0.811679257566876,0.7659663747239407,0.03934614133689521,0.9199019239391419,0.16640731460815464,0.04008218851746864,0.05525432145201384,0.561411127198427,0.04774885486118215,0.6724283819697697,0.06718155324547731,0.0782545077831322,0.15220059961646024,0.40967032333456327,0.791797064636227,0.011834633242100934,0.9356141554022414,0.018689630636276114
-0.20739718844062044,0.4970738087800823,0.8235591586638136,0.5795366076044698,0.08522324952008623,0.8229847595131853,0.9478388197356324,0.21625437451325924,0.8931393804209099,0.8960372839813225,0.8810228828466754,0.07724859216415914,0.33650302915732233,0.9310106479256826,0.8863509907525847,0.9984700973625202,0.9306439669364172,0.4407653536642994,0.13871319014338193,0.05006689487732782,0.054417426690790555,0.562669672972161,0.02498677259527557,0.7802902220608207,0.9530102867330945,0.10664717376582952,0.12682505704665334,0.16953487311324777,0.8180227186500846,0.4896518212530975,0.9785116654213146,0.01855824302558995
-0.2061727757548978,0.5260041265031381,0.8381875056586934,0.742743985577625,0.0796556454867214,0.7242322505286634,0.9252404497267297,0.22238225909450224,0.9402154634877168,0.912953951410014,0.9147722309217763,0.10545476410708618,0.38529226424544144,0.8585414597587516,0.7989460730898914,0.8375883811436133,0.8919475543579489,0.7756558259471068,0.5313033347223535,0.00037548210822641037,0.012643720065293615,0.869507354653908,0.021123148685429013,0.7232643366614826,0.7303796270019585,0.37182587838865394,0.17462812853394538,0.18202263727491105,0.7719925475774002,0.9357712429383622,0.6664447165285738,0.017182379247474424
-0.284736187015981,0.4549371221842676,0.9167122632682769,0.7499157249601004,0.07530600309069982,0.6895134591107359,0.9082203495735062,0.22374230287368546,0.9395936373365743,0.5795309444636736,0.8951954470349328,0.10762996013205844,0.4935348165699184,0.9843322284865562,0.8113708852507511,0.976838226817918,0.4945422992370023,0.7092799739484501,0.014506321939516453,0.02727202906886253,0.22516240334276844,0.5663697454009042,0.009118821351476385,0.7677136358223552,0.7825813209248296,0.03456120232939569,0.0843731250464285,0.1575195102521933,0.7374549382263864,0.060980400403844115,0.6830955097228945,0.019097173685902507
-0.1812239167761028,0.9240253876870824,0.899688186955445,0.42111609267166517,0.2477051218584781,0.988191487423867,0.9495720316468551,0.3002494005639416,0.6154065830753565,0.9467895484175153,0.913086940673078,0.7506719668609059,0.5257293286969387,0.9679217137081197,0.8607927014286137,0.9745517404106071,0.8628101659132874,0.7374828614998443,0.07731374376117857,0.0629352959470695,0.21416963428280422,0.5593788514991281,0.009297122350821727,0.019225403176199085,0.9721016777652156,0.011717530827150102,0.14578383437952375,0.30001905405814216,0.7956357146992624,0.022192483203365525,0.9834350424313761,0.5467022604391603
-0.27318701254670524,0.49396564022816103,0.8887790756235234,0.9543977467188707,0.09705354541989061,0.7039909277731364,0.932470498423718,0.21299770182552744,0.9417928537910196,0.5672515344840373,0.9291575690727095,0.10607194995686464,0.5270956961278672,0.4834939902775263,0.7972099965460064,0.7642371471390872,0.0689549077161479,0.6697302593161415,0.01850384515924139,0.012085011762944305,0.02617215496328791,0.054763150553527595,0.0012266534870450999,0.7596580113520065,0.10227102401072807,0.06450660258357063,0.040732351887724574,0.1745323701646,0.24512196760485544,0.04261749773176482,0.8939314876861174,0.018295830251797467
-0.005623690091669187,0.5417452430851291,0.9041672602180705,0.7235283650722382,0.1046669439271064,0.7040418641902306,0.9493575389858826,0.2210312838582225,0.20349942647829836,0.9279177160251859,0.9133610555296053,0.13429206120380616,0.3457952818592904,0.9864242675619301,0.7315176275043789,0.980016995133014,0.03610516341413339,0.4467303888257667,0.046535850913403565,0.06917360843368836,0.0637819463520994,0.04603521968090578,0.032256061271248304,0.01994848507072461,0.9424513901587102,0.7703466084407464,0.08612705681683235,0.40655627030174296,0.854707518303656,0.09539300377486683,0.9703603290280034,0.6299931446870787
-0.2856238882980066,0.4549371221842676,0.9167122632682769,0.7386390601836184,0.07481037401620758,0.6895134591107359,0.9082203495735062,0.22374230287368546,0.9395936373365743,0.5808203865433161,0.8951954470349328,0.10573047699447455,0.5067301304370526,0.9843322284865562,0.8127782252525371,0.976838226817918,0.6915721240124254,0.707466014822129,0.014506321939516453,0.05163512909451638,0.4874809458712996,0.5663697454009042,0.009118821351476385,0.7677136358223552,0.7825813209248296,0.007799481203161429,0.07666625638058575,0.22126602207213053,0.7374549382263864,0.09998096960125577,0.9087640894499718,0.019097173685902507
-0.6418381529152023,0.5414773685549727,0.9060887285607427,0.7281334844090075,-0.00531552878886643,0.7026126958116342,0.8827137387876287,0.15926365210849425,0.20349942647829836,0.9044193970096582,0.9137185069159547,0.061518302723491014,0.49895003724888953,0.9586003222395229,0.8648467863128615,0.9721445696740797,0.46742756881221537,0.4164552989947508,0.005948456870400853,0.06616520422404931,0.18598260977809056,0.5683750945078894,0.050239689995694184,0.019205387999814506,0.04167273277367495,0.7411257494482958,0.024846129262145265,0.011615446711267241,0.8537560537589127,0.01280466001780238,0.22955736412229294,0.9514252391645698
-0.19702656954829517,0.4944442558112781,0.8870879087032508,0.9674295421132081,0.09620833435327186,0.8087648569960074,0.9242472786682234,0.20496008451452521,0.9320427893596724,0.7300707845366996,0.9303432889788688,0.10768692686040347,0.3752983412718062,0.9912609818395584,0.8114454619798134,0.7605157689220529,0.29099058080597423,0.4590833869552661,0.4963732938336734,0.04806719042385072,0.02280278199809005,0.05093466079890291,0.020788030679777643,0.8478756120508407,0.10227102401072807,0.10115928036349281,0.08485042026316986,0.16375363233793622,0.9974660401515125,0.01702420633337602,0.9110118773059249,0.018556320574712376
-0.20740831798253723,0.4782673384460726,0.8212083617026014,0.7484016645075295,0.16589048343494603,0.8889265961688073,0.9054863225304509,0.20864758141899792,0.8874446600885443,0.9510890120086783,0.9070833680956581,0.10714387170004472,0.3757037993289209,0.7310077799071518,0.8217474987678169,0.8175210332005811,0.4033975539534109,0.4801434528436537,0.5238729045864583,0.003316181580351303,0.028342096835702272,0.5169608294399934,0.03079524813732025,0.6199991408414867,0.9961042709132826,0.3097241000497569,0.15616469963594673,0.45866252647013006,0.8214148766404994,0.3774405696371151,0.08034540839934622,0.014604615728574145
-0.02279650108847006,0.46293129079087897,-0.5056565802815289,0.9636010544801165,0.1458080575502867,0.8824498836543094,0.9241113067364821,0.20500811561742466,0.9350567133299225,0.9752812286455402,0.9138039125636018,0.10589434751027202,0.3699974122032221,0.843040380801992,0.8619092664584641,0.787719943983981,0.024484680122105335,0.7338958301452803,0.0067644875266241605,0.044227290928149886,0.01041939949952051,0.49906078815848337,0.07565061187767722,0.6070891815321245,0.0242195608214143,0.11256013661561298,0.04838936827148432,0.31485277617849783,0.7968260492345478,0.376392408760086,0.8643829123898152,0.012536742698493902
-0.21252613626104802,0.495416677185704,0.8397439511173852,0.7498494915375387,0.17540036267040204,0.6993782333576029,0.9205741224116949,0.18874324693868494,0.9048674525384279,0.6605165627299938,0.9165168226881535,0.10952984728180476,0.5276880818075864,0.858576654874192,0.7316766376529247,0.7343365832468458,0.01001724895926942,0.7674002975570802,0.5396780303652463,0.05073973733159793,0.006540811282463366,0.5867389201087468,0.04314604806664019,0.8554835091671861,0.020838868498132157,0.260414388679815,0.1747747783277678,0.6125476732470768,0.8118913386899641,0.10049718105156884,0.9900888138171059,0.016559640185321245
0.502287408663822,0.9510662109366771,0.8912063096436766,0.9928241365886389,0.1658017872015764,0.9667594857643593,0.9228591068970248,0.22288265578999994,0.9149900231713178,0.9785799954370216,0.9104565831283096,0.0914634901437007,0.5206947891585185,0.9861422665152308,0.846427707974841,0.990362428280541,0.6723358825140997,0.7770360584193784,0.5710351460261933,0.055376743673448255,0.20448693417859493,0.5836161700824458,0.03690706865978522,0.8131895798660309,0.7842800533849528,0.10135399616062081,0.013597525294616261,0.6639263824993499,0.7356204483246875,0.43342203087984266,0.8724597877210842,0.022111288297991014
0.5076626963686588,0.9493297411794109,0.8706407925962428,0.9576617837498589,0.2934948160160258,0.9754265354050793,0.9643223070606209,0.987191387425941,0.5596611760761688,0.9543473400830269,0.8786105146596946,0.9315489518765414,0.5218151456229614,0.838812279076477,0.8747838165827756,0.975476996258659,0.8706995296475531,0.8041552697902098,0.38181422885133404,0.047514335709035085,0.08600204243537797,0.8428607095802627,0.02880765137478259,0.6261010052412755,0.9619683668509631,0.6081351794178664,0.13065968413306553,0.23074699349989364,0.7962373663953276,0.06512823426191615,0.9401367723472268,0.05618714519048673
0.008261937884297119,0.4586626686923168,0.8745089922704739,0.7082693412249508,0.14066633617882474,0.8093152326707242,0.9263910316672007,0.20840238781392212,0.9337810350389579,0.5362847368001531,0.9063389395158974,0.10578946633956325,0.3471730592593989,0.7390068069766766,0.7934513661280802,0.9906131316346212,0.6279909782397386,0.4050599854067152,0.515305161952992,0.019536012877975864,0.05884482865764641,0.5174403688637821,0.0009368883924799933,0.8468407415092142,0.6253544988149166,0.07508839477997824,0.0038896430278205357,0.42162234150023875,0.8790770668824126,0.07853308075290982,0.939782411724756,0.004116354409541178
-0.1784523332403585,0.530387266988988,0.6312186466447679,0.8980552711234727,0.23985874949162278,0.9963497282818867,0.8772997093520117,0.1576845528554372,0.5778402977039117,0.9990328533720314,0.9150833966425541,0.9489330170693285,0.4234841288590996,0.8479300842460843,0.9030562451817564,0.9793177230066288,0.6806811700022857,0.645368061492189,0.15208756366555976,0.10155131139614017,0.20164357908154645,0.6743439060843135,0.19369793234674862,0.6056839954130468,0.7568215803645124,0.09875581451659642,0.1949698648525364,0.17471323774495684,0.27097644617588257,0.052838197251653715,0.6943679558478091,0.9213391240523288
0.4789022429423174,0.8967604618019578,0.7798108807587184,0.692752141312659,0.15215867764988725,0.6992708227706452,0.9318636295658236,0.20496914193720858,0.9184165313188006,0.5171470282580656,0.9104947266763307,0.12199005959335008,0.5074203771752193,0.9277090273369788,0.8851392338602412,0.7626155927035961,0.8561944850611278,0.9045930511284005,0.4863262897613452,0.053915231650887574,0.6361739509339799,0.9731444731467458,0.04141128731779558,0.6616762081499684,0.9664817537789065,0.8868314778905186,0.0024169160363759143,0.44271299390120067,0.6349001338103735,0.3800395234098555,0.89177442077905,0.018755358953916626
0.09479715976599187,0.4757063097896518,0.8350847926295265,0.8039194673720629,0.1727653594693983,0.6777651181930942,0.9530506928687892,0.20622534347974508,0.894067743459208,0.8980626393825156,0.9118511749029964,0.11850332510967534,0.5096022772273537,0.9022981660694873,0.8649933016524208,0.9853825813097749,0.5784912124366147,0.7467130489838869,0.1728645479932267,0.06019833127715607,0.02834661965332963,0.4881050452553518,0.11582139045946252,0.6203675589061127,0.9680907708078106,0.00013666445397889082,0.09184269678633038,0.44508002903449234,0.995667506444479,0.38623789621435933,0.9071183457902916,0.004201475473690508
0.5199992036417719,0.94842816320648,0.9050042981162174,0.7740391133642995,0.23707133762527086,0.9753446704131604,0.9077960016101927,0.1747882020326252,0.19502265149398812,0.6265873289933139,0.9666428557918424,0.12302855876800989,0.5461116274215165,0.984732217463282,0.868354070878517,0.9861945576999843,0.6701915351970695,0.7262748096676068,0.4115166427644608,0.8373659807321886,0.47976417135687766,0.7420524247592599,0.03454676674820892,0.8105195497339379,0.6313665917181656,0.008669402830060263,0.014199189793312757,0.043557123669871134,0.8329319749926857,0.09768065801323475,0.6592899298120635,0.554441826315808
-0.588931661711742,0.9500692622326544,0.8195340765723627,0.7306246488113386,0.16027065882684927,0.8856078356601498,0.9497704898913407,0.15641527526915766,0.581383984769569,0.904681545159141,0.9146481896895292,0.8791340163956255,0.34136636356496647,0.969242532902773,0.832514305605503,0.9721445696740797,0.49959459334211737,0.37760053834494406,0.07819408574920995,0.09871555574478512,0.21417694507228413,0.6626315709826827,0.02755363879580424,0.0368636799731008,0.9359768888139424,0.03582525604811543,0.08612705681683235,0.17894847375926495,0.8323519452053509,0.37942012067767605,0.7095810756346022,0.8991976351454236
-0.19258393576306226,0.5318204709088935,0.8226443906701905,0.79187515754816,0.1894518982021172,0.7073309738326455,0.9239987437186834,0.17048658541520129,0.94423084870102,0.9233938474268832,0.8862087530205554,0.103249447292457,0.37719574246282145,0.8153890122778672,0.8703303685735776,0.8315138871934632,0.6723376810967554,0.41828690464457563,0.5322896613084076,0.06769691362917113,0.08633026151005285,0.5926931706361025,0.040928343451154335,0.8465907352787516,0.7811168511480333,0.3493989153404201,0.1404154823241271,0.16505610001817678,0.8082240150692566,0.015039383391279637,0.789210342636361,0.01855824302558995
-0.004148215223394952,0.49073044732854976,0.8473905988258346,0.9684338456233227,0.14030274889039934,0.9879064554589622,0.9239987437186834,0.20734972957655434,0.9171149724102605,0.9721336173811582,0.9140601676491864,0.1042030887714232,0.32836069407559654,0.9851041649236809,0.8607177138855124,0.9747068160228259,0.5249522068579937,0.6805760225885616,0.3779240507486662,0.09686503040150637,0.0022192737925992734,0.7369072144898554,0.04418973371190131,0.6841795839671284,0.05372234575154605,0.14698605636254944,0.06780830957561315,0.35588985317937544,0.815774154939149,0.2969762064212863,0.8473502328230479,0.01855824302558995
-0.0030401120558621597,0.40942033840764674,0.8350283461498387,0.806199323760359,0.08109711552699572,0.699952143011415,0.9103130887090807,0.21822015565962566,0.9152459858080007,0.6588267399769885,0.8715719533643111,0.10570366706552309,0.2845060415355958,0.8326036552032147,0.7649065787124986,0.8035554326831424,0.22577494080262753,0.41553670608025023,0.0029251735860798544,0.04260281542117306,0.02700973548571184,0.10686809125270894,0.024854363619515367,0.8479919418437522,0.6594697922627112,0.08963277954387111,0.009515482734909625,0.17616255566758265,0.8128601900783451,0.14206662091419803,0.6645509055625615,0.011396388693005449
0.17499860732092856,0.9298865953710269,0.7690386146900637,0.9881835639262074,0.17305855778480628,0.7267081313652478,0.9056821058276248,0.23979900772746945,0.6206699897169067,0.9467895484175153,0.9131500056100004,0.9615746760260582,0.5258781808196953,0.9867384062521734,0.7103012001961972,0.9739091685517324,0.2565017657658884,0.548491020064398,0.017597885793442458,0.06589173239417781,0.4814558442193363,0.9227893517882473,0.023975567985048518,0.7982007209805333,0.947503932452427,0.10210154340961589,0.8485810356481048,0.5472059917148356,0.7988932455580106,0.005225766978096458,0.9005312921486435,0.5467022604391603
-0.19576685422130896,0.9240253876870824,0.8797721920107877,0.42111609267166517,0.2477051218584781,0.8830167956854008,0.9495720316468551,0.23979900772746945,0.6154065830753565,0.9472820385367869,0.913086940673078,0.7506719668609059,0.5186401464755788,0.9679217137081197,0.8607927014286137,0.9667485506457764,0.4971536777196498,0.6659502915071386,0.07731374376117857,0.049860209010866643,0.21416963428280422,0.5593788514991281,0.005720904993964236,0.0002290803969379196,0.9780279861192503,0.004727758028456069,0.14578383437952375,0.30181367401421966,0.7953965362439961,0.022192483203365525,0.9834350424313761,0.5467022604391603
-0.4282185403055291,0.46015770510257903,0.8169432985779072,0.943148030657485,0.0791938349519211,0.703175106201012,0.922860062456845,0.22240177723344834,0.9195562354541921,0.49657179197996326,0.91137929330876,0.1075937466506574,0.29887927507103257,0.8837230721524644,0.7940583121314759,0.7985439611321702,0.10948947025466255,0.7821420019849633,0.5649408633171878,0.024569788866408593,0.05574081373555314,0.7046658784703017,0.2239647974901543,0.8505546996812055,0.009903560168808168,0.04000629347016192,0.05550257205858852,0.16683660587123886,0.8687471034382105,0.07434794555638852,0.8813684241481341,0.018561997014370644
0.5573831438187695,0.9681604905032641,0.9460455565161301,0.9668431518223963,0.09764607618067547,0.6758739380695836,0.9164072964725635,0.20875732988129286,0.9565976783901117,0.9652049120127792,0.8804712692553307,0.10416634369538619,0.532400808432074,0.7109073012406735,0.856114716565289,0.7635368856331146,0.6809957749276524,0.8308778842864863,0.45678733185718445,0.02769530243222871,0.029530194132886267,0.06757086922553035,0.020041476488892096,0.8469727120887962,0.10331439387487218,0.0012195195337259546,0.036761540004393786,0.2733986871921794,0.813419907533659,0.38608158438503143,0.09517682756883517,0.0030474469064064313
-0.247541895625409,0.4400345489861783,0.8590383024531691,0.9125434444998791,0.18036654936180424,0.8807058743655772,0.920871810793153,0.2343989998903336,0.9013256648669487,0.5978825161951762,0.910846972981915,0.10756382326953176,0.31676690281161196,0.8665133220265464,0.7660005004954921,0.9893530872058323,0.5044958416392045,0.4519344269355401,0.14829009352615855,0.028738319374372705,0.004303358740647578,0.45911581660452483,0.04847983448566623,0.6201217112571462,0.7651684571263293,0.03053042051811968,0.073003545748365,0.4424142086795938,0.815927678074418,0.043926994609295555,0.8103010946131487,0.01869157003564665
-0.31071047480537894,0.8937419147771135,0.8859286849377966,0.6918926396759784,0.14281154480451325,0.8955968444290466,0.8920449653681959,0.20689486956674408,0.9383705100856005,0.9334262481852813,0.9031096980433071,0.10288950931801816,0.4822724469428886,0.9988430512553619,0.7248979723662687,0.9738029363645575,0.25318910420185625,0.7721873696845858,0.010079255115913194,0.030380140269572666,0.020718021014642717,0.566633648379609,0.11343475723430935,0.5960841528444214,0.9441801358746673,0.3134644769616413,0.03591284376690111,0.44513961248502343,0.8617031198260154,0.7214728332126046,0.896314693105556,0.004643479255554565
-0.19567176706613237,0.9209137343703361,0.898895954343758,0.9669510788026661,0.24788450283575578,0.7576855979298603,0.9071358885307009,0.23979900772746945,0.6168590933887075,0.9465888012344228,0.9534889989420666,0.7506719668609059,0.4739085454584244,0.9680159960461856,0.840469429719956,0.9722589726490236,0.18883284439309994,0.37635978365885986,0.06315567808269357,0.0636672481042098,0.04599595491808446,0.560143405115338,0.03940787589844404,0.8032029409620585,0.9376372604053266,0.004727758028456069,0.14293321381664562,0.150792521280688,0.8367051030811422,0.058606484348857096,0.9983585075190757,0.03250337553992649
0.16062607461159767,0.9444455616451846,0.9179880890646102,0.9149978331011829,0.16140714716019555,0.6760408959343261,0.9191329278641759,0.20655023147341323,0.9168286521600286,0.9648301884489326,0.909531904007076,0.12489296049181382,0.5102064469193048,0.9874522090061616,0.8106630332679691,0.7595692016251656,0.7462087607814853,0.448711585125563,0.14772137848152206,0.0028717055073576303,0.13658483826939996,0.6395647175100299,0.04513877309146214,0.8415289041222387,0.9869450768494897,0.4302175073045875,0.006830815286375448,0.14746174952794672,0.84374693959429,0.4527153569043807,0.9342332460654923,0.002268454773363982
-0.15252949054642242,0.3973281450769925,0.8891882716456524,0.7082693412249508,0.14066633617882474,0.6756907600883084,0.9267423142799772,0.2084819654254728,0.9147064516056757,0.5264980068022872,0.9064128728212486,0.10691305313628867,0.26870869249777596,0.9756625535856337,0.8868173892706382,0.9798460238906339,0.6252807991784587,0.418205816278361,0.43687694168620017,0.05044899265359611,0.04414748136366109,0.48369187019414694,0.04380956634196566,0.8412489560823408,0.0855227447587597,0.08691957066390464,0.15136219812842516,0.6068391537101687,0.9125398724341286,0.03756356499445171,0.9893321739232634,0.018629142177124823
-0.2055651603263726,0.45772961599753303,0.8776579257187709,0.9824637956706455,0.14163385713659474,0.5598166439196381,0.9355800585810945,0.2051989846322405,0.8808543837405641,0.4211019450844555,0.9168405198514487,0.0954037645051371,0.49386715276536375,0.9539819041552047,0.9841313053595045,0.765971162893002,0.12901031562551585,0.9199019239391419,0.16640731460815464,0.0297146318933249,0.051423203175530244,0.16939807236272755,0.04388052251342974,0.6497718722012522,0.062085098962189944,0.012613147688614934,0.14801014189861722,0.40967032333456327,0.8730937882873147,0.44518234696865305,0.9332008908968877,0.018689630636276114
-0.05692224806759756,0.4933505131486314,0.8213646963437351,0.9555977773548238,0.17540036267040204,0.6683814311120568,0.9180015413733222,0.205062817432837,0.9167418876826495,0.6605165627299938,0.9195268249410763,0.10948822373637093,0.509544529167182,0.8730287677628402,0.7170671783690186,0.9712455903127419,0.10494063274157406,0.6251655858133429,0.14612872606966476,0.024529139802804967,0.04941240862146559,0.558136212156646,0.05328177550056483,0.5736148990441706,0.9429987173234529,0.312798547036678,0.10788282150605902,0.22338845730113147,0.8119231853150595,0.0004901198992779826,0.8987385554412537,0.0042413986317800965
-0.19576685422130896,0.9240253876870824,0.8797721920107877,0.5477681194043942,0.2477051218584781,0.8830167956854008,0.9495720316468551,0.23979900772746945,0.6154065830753565,0.9472820385367869,0.913086940673078,0.7506719668609059,0.5186401464755788,0.9679217137081197,0.8607927014286137,0.9667485506457764,0.629666663000673,0.6659502915071386,0.07731374376117857,0.04995848028839895,0.21416963428280422,0.5593788514991281,0.005720904993964236,0.0002290803969379196,0.9780279861192503,0.0063821739418404265,0.14578383437952375,0.30181367401421966,0.9441054127630536,0.022192483203365525,0.9834350424313761,0.5467022604391603
0.5573831438187695,0.5488066130590374,0.9460455565161301,0.9651868070100909,0.09764607618067547,0.6758739380695836,0.9164072964725635,0.20875732988129286,0.9565976783901117,0.967172564443354,0.8804712692553307,0.10336643841465815,0.532400808432074,0.98751504825695,0.8627252449801499,0.9989579411420012,0.04062256188299629,0.8932984126494121,0.027566016068458238,0.028235735209636625,0.029530194132886267,0.08650999895811778,0.020041476488892096,0.8469727120887962,0.10331439387487218,0.0012195195337259546,0.02487311401537337,0.40144030922763146,0.813419907533659,0.10630736215323675,0.6825561499601649,0.015155683207627639
0.14976449688932314,0.9554345279774249,0.8381841783898392,0.972826526199839,0.16153997172317225,0.9982125667367756,0.9524850132478541,0.20875732988129286,0.9146947415067481,0.9536301146082014,0.919477157072976,0.1079691998435178,0.5741535465368722,0.98751504825695,0.878715821039959,0.9942559418977139,0.6930998871050524,0.7619665050326473,0.7106085908388428,0.04995390420237647,0.05285705075821501,0.501760757761111,0.11894945855684377,0.8468979450917875,0.6297381394741979,0.023669472180908036,0.1437337484721542,0.35397193972167035,0.974909917174966,0.4215722731945244,0.9744938105029464,0.018680701879415992
-0.22371147482776882,0.5046814138806617,0.7979451639533551,0.7614816608640703,0.1278382599504997,0.5990478472807726,0.9421660756229424,0.20684686872399669,0.9690804165826726,0.9449797715884092,0.9191738335935403,0.10355423907593769,0.33268442659608133,0.9500643100993369,0.7872441626288533,0.9688405669111113,0.7628164457123804,0.6931067096922316,0.01267056128197594,0.06002104525276916,0.026682651883046544,0.5429397335004876,0.021735669016841482,0.6237828575047377,0.7577004613085326,0.36416090729834905,0.08579618591292366,0.30775654109912115,0.7803915476501289,0.15297555658092615,0.8922735334470373,0.018651106607138222
-0.1523284667871127,0.44192955848541204,0.9556511818845592,0.9694707382076647,0.2937752105357504,0.9922071440574751,0.989223133295837,0.9584922986179579,0.9275348389443211,0.9836516983359301,0.889374124263195,0.9477905819142077,0.5218151456229614,0.8331213697037972,0.875256037624329,0.9765800436023703,0.8687650382294436,0.6533119139955976,0.8678089186391421,0.027171279757174538,0.00045258897331434955,0.7036024378720762,0.9838085509023516,0.7444883720196429,0.1870223096088855,0.10888900012236047,0.07703144969996256,0.3116677200336272,0.7962373663953276,0.014622049306808549,0.9416298953239522,0.9508807573879677
-0.2667564363627521,0.4951256090563281,0.820278642302205,0.9620495421543752,0.17360929236247494,0.6765959932452947,0.9224303758838971,0.20371888254515466,0.9039140846665679,0.5207090880939997,0.9069528167374726,0.08325996656520715,0.5055966204604524,0.8478150811539801,0.7109532102500828,0.9574288450646409,0.2698597400654577,0.8620584519464067,0.01733186225390472,0.06008268880498374,0.013504364209846798,0.5582541303483668,0.13013533029840163,0.6303025619283954,0.04179672660941747,0.10190231629881139,0.09239532960852517,0.16684533724956296,0.858716585565009,0.37590522038690793,0.9019472552470498,0.001411804022790843
-0.6152975860037344,0.34573977700182795,0.9321921644072877,0.8691902356025765,0.208474041614366,0.6951449427681049,0.8833563522777265,0.23122030895665446,0.8978327804120152,0.9044193970096582,0.9255646860033644,0.967475683660867,0.48342022484667097,0.9867384062521734,0.8096447633764879,0.9904252842529216,0.03611582807157743,0.38411995690745115,0.017673739516483766,0.05982755918399998,0.48834627425428395,0.6648062099809676,0.054812244064560534,0.8529194602243961,0.8734601359256561,0.0543176022129519,0.17357251401805512,0.1535729601314651,0.02150238880162908,0.12231257783285847,0.8715679741329252,0.8380685890046562
-0.2055651603263726,0.4951256090563281,0.8286820138181228,0.7121649990282706,0.14389740226572126,0.610245371896369,0.9689929005610098,0.20600526545665326,0.9337722280069384,0.4211019450844555,0.9143195818778893,0.09513040858597911,0.5109634189728449,0.9539819041552047,0.8117825357197972,0.8066116652974118,0.10929157500371361,0.9199019239391419,0.16640731460815464,0.05853951556114635,0.05657250938077235,0.590033810000696,0.04774885486118215,0.6724283819697697,0.10174439933983953,0.07852754992955438,0.15220059961646024,0.41380775389237007,0.791797064636227,0.5316540205915687,0.9322495847834935,0.018689630636276114
-0.17681550659665662,0.9365544901584637,0.8838309072394852,0.9911117458938781,0.24924330759428864,0.992621966595411,0.9665750863356891,0.9759749762529459,0.7035925517011757,0.9587980207131072,0.9111540562735668,0.9567116570530976,0.5413538720964652,0.9615615047329169,0.7367976589782793,0.9716074338598363,0.8298432345212666,0.7366474483773902,0.04590362641403205,0.050646972058028907,0.05377640590341581,0.06792094126423975,0.0692459123645086,0.7935639047656358,0.19148858907617397,0.10249321768775943,0.17239654326424908,0.2645433041496863,0.7946051721766965,0.0882258768723747,0.6998112453334773,0.6245289550223383
-0.2506397284326476,0.4172905849000472,0.6933848988650196,0.6560092347987538,0.2003577878701281,0.9746653015951794,0.9440387255907555,0.20891738705948046,0.9529982680270549,0.10584757441198667,0.8897737472197673,0.9913575568685224,0.3013759441365771,0.9831329031995945,0.8827588794444109,0.78022931916171,0.8553508463551527,0.7512239238982976,0.45896011887442006,0.04907687652831688,0.006304177852855558,0.5578319556774578,0.05930670925599943,0.8497087999661515,0.8390012963001761,0.30418058628240563,0.1785800682616014,0.43308590509431316,0.539164104107919,0.028583152608515683,0.9689391923316919,0.9020870664197596
-0.420872130740942,0.954951971841484,0.8507653029630042,0.7020972365987028,0.151950185939764,0.8830162705873303,0.9497704898913407,0.22125559315915366,0.916939448534603,0.9044193970096582,0.91486759358964,0.8795898061503686,0.49903348469279146,0.9862421103427956,0.864290990121687,0.9735946896116557,0.49959459334211737,0.7399325365161119,0.5021512446498917,0.05049110612810834,0.21418655923839283,0.5751265813357285,0.5461606526857774,0.686239123646196,0.9705236032653604,0.04822973083763138,0.19713536454257574,0.4436147648673169,0.8534056173857238,0.09354171227983558,0.8977074002228344,0.9294823697726706
-0.046989239856507437,0.4639697300392745,0.8379915339938719,0.9717999324861152,0.07595366517719676,0.70615718378732,0.9097645527033947,0.22008523603015173,0.933775246495438,0.6344015732404542,0.7849370123241106,0.11198925402732865,0.37207309819609385,0.851555853215295,0.7933526243869987,0.9694803508487173,0.8594079065357481,0.7071105298064196,0.0017867399873957093,0.05649703881740749,0.36923053783180076,0.5689585399249341,0.010501219024289918,0.8518080341826781,0.88225071392544,0.10394677339111791,0.00659235536775668,0.2300302141631136,0.2942162975860814,0.8754491832442806,0.896389478794999,0.009741980926749085
0.14976449688932314,0.9554345279774249,0.8381841783898392,0.751261856050272,0.11226705856709143,0.9185723518762509,0.9676007330921716,0.20875732988129286,0.9147499817654067,0.9536711989015715,0.9152319288107584,0.1089687476228792,0.5526650216379388,0.9534783287603982,0.878715821039959,0.7850713576089603,0.6757916140586759,0.9886973807544894,0.041875337352628994,0.010460382981730364,0.06298074665660303,0.10382194819034385,0.0262811631680141,0.8468979450917875,0.6316649792216948,0.026563334032718107,0.14231915314580373,0.35398071719262303,0.07088516160010433,0.360916491247363,0.9003792086620973,0.017321412957485127
0.06926775638173699,0.3479765831337261,0.8468784432788474,0.71163701600393,0.0643814601489294,0.9781679983913399,0.9241024046339537,0.2229691970548225,0.9436472034778567,0.6628881243594005,0.7659382697848768,0.10121539919631167,0.3831738365855086,0.8333701762865029,0.80743553033692,0.81294205461861,0.052216027708304476,0.9672570175627977,0.5467877629403595,0.012355246652802465,0.0017618258979388776,0.6115217177067642,0.03915563061711515,0.6590678466626598,0.044618107726979606,0.04094593591857735,0.029383687807487624,0.1680181327018047,0.771745936676725,0.42503762584171856,0.8756214332039033,0.01854801417313197
0.5920586492646331,0.9674111381900454,0.7349992132138764,0.9708996780770429,0.14021687341365988,0.9977644914473989,0.9249525950244605,0.2053285172105987,0.8807369446954167,0.9532146091031619,0.9413344109441485,0.10802815347772204,0.5038007450085865,0.9561034041860732,0.8691100848281229,0.9706561447267056,0.8807866907199905,0.6481300917405456,0.5351421730572672,0.031481513404625225,0.2698491212733452,0.10942401699331655,0.04361169918682422,0.8462036655952851,0.8380547189046592,0.010759833629365365,0.3066019172866618,0.6034372968371898,0.13768730032739077,0.980094065052578,0.35702861962347354,0.018865215476132898
-0.5496877441716801,0.4783425136514321,0.8507653029630042,0.9374442375301204,0.13973878881913027,0.8830162705873303,0.9226544446029913,0.1587353367155313,0.6426208246454487,0.9491802315663277,0.9036486166646872,0.8637664676799691,0.4784165535693573,0.9787037853486888,0.758144132974767,0.9729733804604894,0.6760292090760992,0.7399325365161119,0.07870902294614208,0.026708474659847933,0.04653563304822224,0.47679260105696725,0.4377977425907174,0.05567085398081258,0.9705236032653604,0.09956553837681624,0.09118692820937323,0.23445237463113472,0.8534056173857238,0.06105112617193733,0.7095810756346022,0.9294823697726706
0.437330910416743,0.8709536853802886,0.8203431619990449,0.9720284346974188,0.15708018285116762,0.9787939120394342,0.931796756385071,0.20481007831426593,0.9109733526947927,0.6623383201732032,0.9151505310567186,0.10408474129452323,0.3040954405453225,0.9542669042987919,0.8848849993548742,0.966950603571096,0.6998628381280041,0.8907735130190304,0.4033301401919931,0.04027806763968257,0.4167784226253734,0.5669259439577069,0.0439399268398864,0.8929934337329601,0.9671820355967581,0.18246139675991097,0.10332144024724628,0.4065105433533294,0.6358439126008157,0.359896056776106,0.8950167294964978,0.018755358953916626
-0.012222997615564349,0.49055660164741904,0.8460217995040189,0.7107387238825241,0.07808362453268439,0.9951386958164696,0.9238377176750432,0.21580505319514784,0.8884698937543908,0.6588388433607442,0.9175671235774145,0.10512885104669288,0.5403427933813769,0.8334945175751046,0.8095476994543342,0.7482896845200927,0.23942488311365076,0.6406675358126247,0.015013891453460493,0.07799781109710224,0.0011038947734260422,0.7423188988807157,0.017111167896317662,0.6943361337077244,0.044618107726979606,0.07441523139586102,0.02091075136931412,0.3522465662459724,0.9704061701929548,0.42503762584171856,0.879108140532879,0.01854801417313197
-0.588931661711742,0.9237853370973542,0.8507653029630042,0.7302899094562427,-0.02295356039879001,0.800473229505422,0.922645987224029,0.15926365210849425,0.6065422201804594,0.9044193970096582,0.91486759358964,0.8249929878997946,0.49903348469279146,0.9863363925231092,0.8439677184130293,0.9735946896116557,0.19654952714077004,0.3788094549888894,0.05959138149540201,0.05051428950735287,0.021443130243211622,0.5820351175411741,0.059846822348612216,0.018135147109614416,0.8427495277719989,0.04822973083763138,0.0855147215366917,0.013052799237156687,0.8534056173857238,0.06385972194301398,0.7095810756346022,0.9294823697726706
-0.20739412475407165,0.4757063097896518,0.8212083617026014,0.7490913810446113,0.14224009716562616,0.6790153151158,0.9090010775337164,0.20708467612799544,0.8875366070506787,0.9541822482195758,0.9100562822790731,0.10167548377604896,0.35183902158557523,0.7698620964182961,0.8329648745537874,0.7659663747239407,0.16598625602575934,0.5340241733179492,0.17700077530262126,0.021231869975687153,0.005006768992953827,0.5851550500687287,0.041597165500603814,0.6145583488903599,0.0934349680371703,0.08886314507895002,0.0490965839036667,0.4344880178541792,0.7430568137814697,0.38996923524406013,0.9411393584297456,0.014569637903706825
0.5573831438187695,0.9483920689767231,0.9460455565161301,0.9668431518223963,0.14100687205780504,0.6758739380695836,0.9164072964725635,0.20875732988129286,0.9565976783901117,0.9652049120127792,0.8804712692553307,0.10577807795350604,0.532400808432074,0.98751504825695,0.8627252449801499,0.9999872973902486,0.680558374476649,0.8932984126494121,0.45678733185718445,0.029111682086106604,0.029530194132886267,0.09513071604244641,0.04635744578742862,0.8469727120887962,0.10331439387487218,0.0012195195337259546,0.02487311401537337,0.40144030922763146,0.813419907533659,0.4198464527887041,0.6854572648648894,0.015155683207627639
0.5949900256240439,0.9322062817541806,0.9033820183372265,0.7634369746655292,0.13905494583115563,0.701106103292259,0.9318932490701086,0.20452079742140544,0.9321836220419153,0.9643337987621923,0.91453263707897,0.10548665694638064,0.49557286145409335,0.9825992906185524,0.8120704106359723,0.9874063574562338,0.8495936246034252,0.7160538530084533,0.3833833934077874,0.007186701967515764,0.024134019330198327,0.0460253071499723,0.06566895811453549,0.8299176866417065,0.28915839530073206,0.09105889122261802,0.1124084755948582,0.1616418942180861,0.8483676382616593,0.8729647922962646,0.6745941268450862,0.001568176089690794
-0.2055651603263726,0.49446254138066326,0.8286820138181228,0.7121649990282706,0.14389740226572126,0.610245371896369,0.9697686007240651,0.20600526545665326,0.9337722280069384,0.4211019450844555,0.9143195818778893,0.09513040858597911,0.5109634189728449,0.9539819041552047,0.8117825357197972,0.7614460038942382,0.10929157500371361,0.4482739529251887,0.00984694828445809,0.05853951556114635,0.022007770390813874,0.05440829558941479,0.04774885486118215,0.6724283819697697,0.10174439933983953,0.07852754992955438,0.15220059961646024,0.4066881050722131,0.791797064636227,0.09321167557036253,0.9322495847834935,0.018689630636276114
0.08855233535678916,0.9937159557403116,0.902406212556035,0.9395836590799939,0.15939490162944703,0.7494660801416236,0.920339329159549,0.19565495021709384,0.9345464383236539,0.9185885400449364,0.9097869790405602,0.11356611064036759,0.49770992710508566,0.8542081800889135,0.8015900215199477,0.9774021862830732,0.690343039014153,0.9771253872758948,0.17064720606356396,0.03546863806109246,0.05285705075821501,0.19397825447527928,0.04314078480536764,0.851811991560796,0.756772101585164,0.15430787135813417,0.1762303102205512,0.1483832542717172,0.15200571264847368,0.4296762325566591,0.9044032815802177,0.0012956898129955485
-0.212772603361799,0.45838673861091755,0.765663707494904,0.767133952467814,0.1409083563863711,0.9832849602381456,0.9241113067364821,0.2208618050223668,0.9350567133299225,0.9052347369462797,0.9148302709001574,0.10516342516508702,0.3752507217565825,0.8522055773585936,0.8642349991936273,0.8138397202419344,0.0074044051867091926,0.7629025009489161,0.011886557217703264,0.048803752707908904,0.031807980935191035,0.5745135386611314,0.03895985434356408,0.7123715121412445,0.0242195608214143,0.10507261073967714,0.04847573991711112,0.31485277617849783,0.7908943417824903,0.37624755633269397,0.8643829123898152,0.012536742698493902
-0.024738812097054363,0.34573977700182795,0.8812793194227085,0.9760127963282372,0.208474041614366,0.6351537100888993,0.921136366014087,0.1875706936830237,0.20349942647829836,0.9044193970096582,0.904667703916204,0.9671905064893825,0.48342022484667097,0.9929670046245647,0.8010560152360104,0.7855776035284023,0.027970775411762266,0.41581151017668533,0.0013476095634992191,0.041063441346275174,0.4661739022262234,0.6648062099809676,0.0888275748310148,0.01994848507072461,0.873529967116232,0.052760379820531944,0.16421943694722158,0.13221863684224291,0.5869889019100591,0.12231257783285847,0.8962222197515901,0.8693010664298411
0.46899162539971717,0.8436458169345039,0.7798108807587184,0.7478610938379494,0.15215867764988725,0.6700824840138678,0.9318008629762787,0.2041852884794945,0.9184165313188006,0.4970983816109405,0.9152349137967974,0.12199005959335008,0.5044144327785022,0.9277090273369788,0.8858420078889412,0.7366142375123932,0.8561944850611278,0.3734083956414572,0.18137041412325267,0.05360340327120992,0.6361739509339799,0.9669111200186316,0.04090112898163357,0.6616762081499684,0.9664817537789065,0.8920294398958867,0.0024169160363759143,0.44271299390120067,0.6177948022233466,0.5988196218460805,0.89177442077905,0.018755358953916626
-0.20992440055505548,0.45843890207441335,0.8347381898198847,0.7082693412249508,0.14274336966211834,0.6756610445010253,0.9287480474905082,0.20501995214015103,0.9368714455114646,0.5207090880939997,0.9077202385518455,0.10510430085371701,0.3232145216147313,0.9504955060771804,0.811406474896562,0.7262178069207942,0.029574850076698023,0.4148730960005549,0.4222602115311357,0.06209269302655722,0.0006130673135178351,0.5667731613887118,0.05151131170110175,0.8545925456733551,0.836611399209269,0.09290526294902521,0.041734795602082056,0.437076476439221,0.7893291126069502,0.06365093758098861,0.9357473295975479,0.015264258705865674
-0.24906859938322332,0.9782094605538276,0.8591868450220093,0.699255333114209,0.24134259347350256,0.7791410607327447,0.886463021035177,0.1248437952208318,0.6071384084204511,0.993938957552552,0.8536294432279962,0.9333136397711868,0.2842307130648121,0.9921931752185684,0.8625343810569528,0.9915911331419274,0.043269834821672515,0.7710444285155575,0.022876138117961888,0.05983904488671481,0.029087235584834503,0.8940850543195156,0.05011058698290083,0.632724991803123,0.9623269298560548,0.3033932748339994,0.1719945473777908,0.14954801645615384,0.0695039176588999,0.4340428865735133,0.7059768245933634,0.640862620564033
0.5961643041956735,0.9356020800337039,0.8761092308147904,0.9725207751176261,0.14066633617882474,0.6756610445010253,0.9241304934368667,0.20776282891982573,0.8937783152020566,0.5362847368001531,0.9391752987558671,0.10394417067243068,0.3471730592593989,0.9584755963910018,0.8051424764392799,0.9984062673154316,0.6279909782397386,0.6519018396744489,0.17188347170498022,0.010686492900690747,0.05990038091967856,0.5174403688637821,0.054585383923702824,0.8487505844654482,0.09073099514189764,0.07553425081924942,0.027975699095506568,0.42162234150023875,0.1426488191590481,0.37134283223633124,0.9395719821768251,0.005294381724002358
-0.05197462496840102,0.45001709800683376,0.8214167178343856,0.8946509797604454,0.15278639492448043,0.7702146770420838,0.8997848375452016,0.17997386324334727,0.8811951666686293,0.5110461630923745,0.9129278503756426,0.10068808783544869,0.37329576761540273,0.9032443715089628,0.8533639506628821,0.763468358363328,0.027307815946455122,0.5010471598804624,0.0902019281484238,0.02579214406581637,0.007121218306033329,0.5797898541818383,0.016400930891011613,0.8510054997786963,0.21012981269778064,0.13560455885544898,0.16307200262474061,0.4146137350881035,0.8338269707129431,0.019432237092500772,0.8331851668043548,0.04140552604045483
-0.20656761002026847,0.46310368838717536,0.8373549722183614,0.9786789932471305,0.13151086789342625,0.675736111908768,0.9159523234552409,0.20636713820062136,0.9397918234976645,0.531830947424293,0.9149110507846291,0.1057697938682549,0.3439134123956837,0.8519282945926514,0.8640591936843377,0.9905305095307866,0.6842546135355249,0.3997533466235717,0.43736494773426804,0.059554198079596436,0.010361818333799185,0.9211631085849649,0.05059653206935151,0.8618209944832098,0.03325229168616595,0.6450693355706294,0.1701852136299886,0.43459714099632,0.12845907067832574,0.5854950059375298,0.936477724096927,0.01593896821517013
-0.2664083001564108,0.49190415837003604,0.7700055189012908,0.9447300132937685,0.14077036999126075,0.5996838078608477,0.8860277313274473,0.20497466579031848,0.8931820978977918,0.5207090880939997,0.9150560016040709,0.09355458591928398,0.3344707680244898,0.852246306876173,0.673988323532249,0.7568180792603124,0.9288637526201979,0.7709481719450305,0.019642814880009893,0.04022415215501389,0.031908041577564834,0.5925271859464416,0.006745403706919419,0.7081188534201333,0.7255800549269779,0.1871565976344707,0.09693230454312472,0.30549125484862816,0.06577443005867736,0.09487816797969728,0.9524197735358602,0.010496109883989647
-0.2076860250888986,0.4586626686923168,0.8771858563179266,0.7115260185978785,0.14002550296647606,0.6954617330919542,0.8339831945713857,0.20413391999736433,0.9403271569954986,0.9189542848854375,0.9149529674141835,0.10580174394617295,0.34176204184624237,0.8275992324870354,0.8446385508361254,0.9893557094039372,0.02375985924848152,0.41329135867957373,0.34958517969020264,0.06013324060443482,0.0060616501627652405,0.5723493265190813,0.014801828870750489,0.8487505844654482,0.7783951193962911,0.09693178769448635,0.10340092652167929,0.4170767331549268,0.062236901225692164,0.6283647426212289,0.18478430854608874,0.015120367941686485
0.12041114679193068,0.4483829044984451,0.9047550571043252,0.7279755501627813,0.1402137048771639,0.9910446405302846,0.8833563522777265,0.9662913325939337,0.20349942647829836,0.9044193970096582,0.9136726245382255,0.966625932781978,0.4841572275572922,0.9868466990519158,0.7873268393988464,0.9904252842529216,0.7549251353509023,0.4160157857942267,0.027771715218818382,0.06014087342219479,0.48834627425428395,0.6523335896698106,0.049654575993559324,0.03824892333863694,0.9658276621173867,0.08629993628414956,0.15139353431280753,0.388420208943145,0.02639919099144089,0.4178543426902368,0.9008447648841612,0.8380685890046562
0.5940182669174245,0.9055501314971542,0.7753237793120665,0.7564482827387636,0.15153336894312738,0.9577980154684594,0.9113169118707549,0.2053285172105987,0.8810884541815306,0.5223624599004069,0.9308615312904366,0.09385884541838554,0.3422752422368413,0.9233914497409498,0.8174892059978468,0.7842918445568627,0.0031772872240451444,0.6479656040639471,0.5276597284816685,0.025912785976068088,0.6043592441124989,0.12958186701714441,0.03208790228479439,0.8462957713540986,0.7632410819228045,0.018386949050717638,0.1431292162346462,0.4064670785076572,0.1457588970663432,0.965825318060896,0.8822393870115728,0.018776076513231366
0.14800669380018194,0.9554345279774249,0.8381841783898392,0.9834277559634892,0.158869945221139,0.7251149636200181,0.919124878214969,0.2014503671080174,0.9167383361604556,0.9536711989015715,0.9198133320616243,0.10791148626883804,0.5741535465368722,0.7422787569151137,0.8082348613325057,0.8053723243215065,0.7140255148889334,0.8983638001492715,0.014673388611527949,0.04982626166950028,0.05285705075821501,0.06390240199310271,0.03467760563222022,0.8468979450917875,0.08623401950458559,0.026563334032718107,0.8990951976285304,0.35398071719262303,0.8945978094325708,0.4217145854257192,0.9736612269207651,0.014353058229716466
0.10874501623870873,0.46891688725451497,0.8494870380518321,0.7389986703607366,0.08098491429722506,0.9426520974781708,0.9267780434082177,0.9496768565788818,0.6399121458953418,0.9801294869084043,0.9050452580741634,0.9486051276255275,0.22919319979831332,0.7485662810443088,0.9675083072218792,0.791657703686414,0.12341551391567086,0.7135942765567355,0.5209411188859099,0.05214882468690131,0.05390781422066605,0.5569222718608181,0.010188722212231868,0.40161591737373914,0.6446407562757517,0.33712449379209425,0.3000025202567862,0.2278795489997542,0.1660889461399379,0.8650100095784491,0.7953806423968495,0.019265364317477194
-0.2883456931933979,0.45719553163516435,0.8194477104698137,0.7511360760305196,0.2705730136370183,0.9754265354050793,0.989223133295837,0.954011357772649,0.8262515391261135,0.9831175781153372,0.9050227205997536,0.9472173583902983,0.43426644915524953,0.8376554807777302,0.934416328763805,0.9765800436023703,0.8687650382294436,0.7695558231422902,0.006622448432978385,0.04973403445593989,0.0511765966605072,0.5684689283247218,0.9838085509023516,0.8327077495161099,0.12222986580785253,0.09575688965794737,0.11626818089721751,0.3448746656603315,0.04940965046720972,0.35399693562730716,0.5335275779681379,0.0642199058797652
-0.07333212441516106,0.3564973430550327,0.7680717652998661,0.7401659449994883,0.14056891051733225,0.7761674261614767,0.8980121266090852,0.2064224448603946,0.9015377149199943,0.5266404463502464,0.9070645040502361,0.10187697091212203,0.3424575499748758,0.8530370149401568,0.7337439544960005,0.7638145115676576,0.06878226864524817,0.7410356047054534,0.03233396430450747,0.05381842522974172,0.027929372192045124,0.5942567638472642,0.01858398624199941,0.6316035787000092,0.7585910563980649,0.147039276680425,0.08985987366212106,0.1488533893776727,0.033929283767630034,0.3775813312738985,0.9396651571936745,0.0011934777600127447
-0.588931661711742,0.5414773685549727,0.9060887285607427,0.6470494101825085,-0.00531552878886643,0.7026126958116342,0.8827137387876287,0.15926365210849425,0.20349942647829836,0.9044193970096582,0.9137185069159547,0.06333675574311676,0.2990371403213983,0.9586003222395229,0.8648467863128615,0.9728562621731739,0.46742756881221537,0.4164552989947508,0.002339015370740105,0.04136032839175748,0.03212239084982178,0.5683750945078894,0.050239689995694184,0.019205387999814506,0.04167273277367495,0.28920858752762946,0.024846129262145265,0.011615446711267241,0.8537560537589127,0.009761638816503639,0.22955736412229294,0.9765990798984188
-0.588931661711742,0.9536817226827697,0.8336683921016627,0.7343080210822334,-0.005526585838788595,0.7010886575019817,0.912853871941041,0.19342635925404278,0.8840227147783857,0.6505160836378634,0.9145597516853422,0.05751254397995803,0.48380453306767884,0.9951904705846344,0.8322967722240646,0.9720856824923543,0.6825105420641682,0.5927308972722458,0.0027464927477059836,0.055353762687398236,0.20066986734621328,0.8214685204293641,0.9934748225949465,0.01994848507072461,0.1578557463034086,0.11207111383234009,0.1997881669895244,0.013953527955817141,0.8329319749926857,0.4787130743879494,0.7152584266479796,0.9314038933881896
-0.21085470064870443,0.45001709800683376,0.8214167178343856,0.8946509797604454,0.15278639492448043,0.7702146770420838,0.8997848375452016,0.17997386324334727,0.8811951666686293,0.5110461630923745,0.9129305575072967,0.08596345941068234,0.37329576761540273,0.9032443715089628,0.8533639506628821,0.7634757914763461,0.027307815946455122,0.5010471598804624,0.0902019281484238,0.02579214406581637,0.007121218306033329,0.5797898541818383,0.016400930891011613,0.7978257480996177,0.21012981269778064,0.09185686233254028,0.16307200262474061,0.4171156609575136,0.8219103186912204,0.019432237092500772,0.8188488822583835,0.04140552604045483
-0.21725502606271585,0.3489357336096896,0.8209100463065099,0.7516054462733183,0.07595713439633632,0.9781679983913399,0.905026581698431,0.22184168634762116,0.9508855266595186,0.7606280743457002,0.9070915948519525,0.10483227666416643,0.38389709712949693,0.9722398764763424,0.80743553033692,0.8135706629496418,0.052216027708304476,0.04606082674707457,0.5467877629403595,0.01311117413513498,0.0017618258979388776,0.6118610528065506,0.03346453480942464,0.8436450659552149,0.10663746737548885,0.047680264288798055,0.054685190979543,0.2354449208943291,0.7467402340842665,0.3767627219450569,0.8959968121465373,0.018408892506288962
-0.5808640219747693,0.949321274591253,0.8229272974359377,0.729395967965039,-0.028884898595728847,0.8830162705873303,0.9497704898913407,0.2435344504589193,0.6000705383251046,0.9044193970096582,0.9133138645806591,0.8795898061503686,0.49911754360418303,0.987393915609591,0.864290990121687,0.9729765238020831,0.49959459334211737,0.7725238613100257,0.01990496757629403,0.05951931202538046,0.21418655923839283,0.5627911495129476,0.012471271823105867,0.048692014044741175,0.9705236032653604,0.04601429553744893,0.04872883185359983,0.2886995202699515,0.8534056173857238,0.36283694582763926,0.7095810756346022,0.9294823697726706
0.5467057893487022,0.9397761134987076,0.8193342163238313,0.9953907564123657,0.14710381866428696,0.8816829224531079,0.9239044177123747,0.1809941075671347,0.8937344657496007,0.5055660019052289,0.888906341168846,0.09364172683651495,0.5005231300230265,0.7537215755622251,0.9062886307336989,0.992547105069604,0.017603499352445706,0.8099506986405265,0.3948414922907313,0.02868485597279602,0.11470896579899967,0.6658376902904246,0.020878521619783146,0.6755904747942122,0.18159286776698458,0.2438008230047256,0.06671677102289253,0.4355222451831402,0.9358852455703119,0.37926787417895547,0.8908152505790987,0.018869016980622013
-0.1964055125132707,0.5003451589916577,0.7642809136285209,0.5263595428318498,0.29063697961408624,0.6779745480529659,0.9787921768923197,0.23682949545742477,0.6199482332355165,0.7994253292870809,0.8350908154916276,0.8542754519051101,0.5249703170766774,0.9680159960461856,0.863060679174133,0.9770015217854806,0.1941086021236762,0.3910050300153859,0.060053506957487124,0.05847712332199128,0.05668553288945298,0.6006927464393195,0.029359614719550037,0.034117542145061575,0.9397807289740367,0.004727758028456069,0.0861517423339489,0.14832628590612593,0.05533367912155618,0.10063346982157556,0.9638720820680222,0.5285773153526306
0.021188178839944227,0.9329659885485342,0.8966582760298515,0.9881835639262074,0.2477051218584781,0.8010671442894667,0.9787921768923197,0.23979900772746945,0.8920298326538582,0.9467895484175153,0.913086940673078,0.9829714994154576,0.5258781808196953,0.991293198284195,0.8453979271817963,0.9721445696740797,0.5882865854120727,0.3760849578739879,0.38430224241891775,0.0636672481042098,0.18033700077087392,0.9378273853528565,0.10776834240326161,0.7982007209805333,0.9683980509637269,0.10162295216586566,0.14592935571501106,0.30181367401421966,0.9869362925113876,0.01470755707175972,0.9724513791571477,0.8719188359783385
-0.20531629523497413,0.3578549341533743,0.9061288104520057,0.7488605443336112,0.20732197999590862,0.6669946813638954,0.9085454363321113,0.23122030895665446,0.20349942647829836,0.9151545103668862,0.9255646860033644,0.964358076968644,0.49125781163324633,0.9860265919298759,0.8716329822929879,0.9838787716440863,0.038562488176890786,0.8153115925994263,0.017673739516483766,0.06098854350336265,0.4954209857964124,0.7505556906601405,0.054812244064560534,0.03224056345052623,0.8681328187628361,0.5985576429978594,0.16305074124602595,0.04436319673411157,0.7101692026806126,0.12231257783285847,0.8914690983803484,0.8387638108695137
0.4380670072291834,0.9364164828356507,0.9124581871366231,0.9726914720562807,0.08568672384353049,0.6690243484428259,0.879521501412626,0.22440791423160433,0.9191670149349026,0.9506090087061592,0.9225717988286,0.10472731106206835,0.38033688071678673,0.8523806474586173,0.8439472483699144,0.9671643230901584,0.4977224714967443,0.42975646743387386,0.4862745451795609,0.05170646831679017,0.05189996688913385,0.02218730893654991,0.02472046797528804,0.7187750853434551,0.0531572647310965,0.022670449940690396,0.09850385903306089,0.17336743616975753,0.7013739916432756,0.38012818353424555,0.7196794084858829,0.012217403206692215
0.15738818144836259,0.9444455616451846,0.8317432220175043,0.9149978331011829,0.16424793791908815,0.6760346075246466,0.9191329278641759,0.20499693303056724,0.9168286521600286,0.9368136296890505,0.909531904007076,0.10586073847602731,0.5102064469193048,0.8397084027455691,0.8106630332679691,0.7595692016251656,0.6886915696233393,0.4115142396115033,0.6985235645768719,0.002193816343705225,0.13599190326489438,0.4976732930718054,0.04513877309146214,0.8286672135717946,0.9722312055792831,0.4302175073045875,0.0068143346473655,0.6070372423374492,0.008281396379620054,0.4527153569043807,0.9342332460654923,0.002268454773363982
0.46899162539971717,0.8653323099428474,0.8203431619990449,0.9837398098159287,0.19964708714805435,0.6934070537067609,0.9267892121930138,0.18540894785496742,0.917527688031286,0.6081909686927702,0.9152349137967974,0.10184706387972095,0.536269125170048,0.9706498726627536,0.7755151709563454,0.7953311865040534,0.40178440914265995,0.7328929729063712,0.4953730336916231,0.000876672108895471,0.4167784226253734,0.565016444191986,0.03958946055300768,0.660428002851138,0.9671820355967581,0.43695233726973637,0.1028769464583466,0.4426066800018106,0.739651319325362,0.30425119779321363,0.9878097187834334,0.018775181617318202
0.1445926758182976,0.9554345279774249,0.8381841783898392,0.9994118861706817,0.11226705856709143,0.9185723518762509,0.9524050834728183,0.20875732988129286,0.9156156045462175,0.9536711989015715,0.9152319288107584,0.1089687476228792,0.5526650216379388,0.9534783287603982,0.878715821039959,0.7850713576089603,0.6759186350043093,0.7619665050326473,0.04627230563750789,0.009169770417405087,0.05285705075821501,0.6733524646479307,0.020414982378204258,0.8468979450917875,0.6297381394741979,0.01672536507977901,0.14231915314580373,0.35398071719262303,0.07088516160010433,0.35939447540288866,0.8898688975063885,0.017321412957485127
0.5982102191206842,0.9612891730802375,0.8899346122125703,0.7181020381908113,0.09970346419127935,0.8729381843213471,0.9318574383359287,0.21959054378352436,0.9175890186884668,0.9707174538204238,0.9409994111215924,0.10606662409932227,0.5009028501841372,0.9521054149671374,0.8806763504049323,0.7641324164533754,0.1620765209714339,0.7092918298249161,0.3726945605931992,0.04804973701124197,0.02427340033306404,0.5735108547666696,0.023771677564712414,0.6575259026435121,0.10050979355827766,0.15469372337581727,0.10218077908480289,0.31303172832819776,0.8612684411010137,0.5363422136534592,0.9015761096567495,0.018261326736601503
-0.18776655291012911,0.45929404546628083,0.6022848906134979,0.8400461362035027,0.09640877043914793,0.6961153463613675,0.9251528092355653,0.2157521852165208,0.9334775184981854,0.8951379568608464,0.9158321662312853,0.10410346768223133,0.5090617856335691,0.986609120031469,0.24697911330256916,0.8050780204352493,0.12304634084089022,0.5858955580569088,0.3459904777035078,0.08412201889666646,0.0019592755082202123,0.9201590414542495,0.041336354209843114,0.7242179850177788,0.7811168511480333,0.10057941006700552,0.0843107565343274,0.16275590262841003,0.6871966584297533,0.09754965597243373,0.8922700731632405,0.018562161511207785
-0.588931661711742,0.5405922754991505,0.9097978936014239,0.923673057479945,0.06549903714737293,0.6509980094569633,0.909475904538609,0.3226838696427277,0.9027262195575781,0.9051510628118826,0.9160743508835542,0.9374530039885145,0.48529761461020743,0.9867384062521734,0.8404971191622593,0.9715945718894178,0.6698837255764621,0.7616778535677691,0.8361792793251175,0.0738356381711715,0.14127603519855728,0.5681439116972463,0.5531391322685921,0.044043805436976446,0.9394988857680737,0.021599247086225792,0.10130027521102312,0.011033604694521998,0.8195450284368035,0.1769388193742755,0.20176277697854375,0.9200553223258865
0.1382972102054037,0.5163894798660245,0.9011320493783938,0.8383392903201912,0.32874657901949966,0.6775213238837999,0.9241483876396775,0.8903916742877573,0.608836566348314,0.8970622322990841,0.8041201540337652,0.813828083581633,0.8203534394056574,0.9748157939918132,0.9320145979661609,0.7543325249474265,0.029576976334804984,0.7208986492308215,0.4392429015759085,0.004787025083452252,0.050983018520836004,0.5547989467147038,0.41903565960019185,0.7317517748329004,0.7553166943659158,0.11088006365554753,0.1226285802828903,0.13249933775403952,0.023679883749086847,0.3794849804507957,0.9729422502558809,0.034728941726169756
-0.6819254429094558,0.5414773685549727,0.9060887285607427,0.7281334844090075,-0.00531552878886643,0.7026126958116342,0.8827137387876287,0.15926365210849425,0.22714849559637218,0.9044193970096582,0.9227574781296242,0.11752267995964114,0.49895003724888953,0.9586003222395229,0.8648467863128615,0.9721445696740797,0.650240256213864,0.4164552989947508,0.14125897086851813,0.06616520422404931,0.18598260977809056,0.5683750945078894,0.050239689995694184,0.019205387999814506,0.04167273277367495,0.7411257494482958,0.024846129262145265,0.011615446711267241,0.8537560537589127,0.01280466001780238,0.22955736412229294,0.9514252391645698
0.015973926797345717,0.4713261850800709,0.8350283461498387,0.799551105513816,0.17016752910597377,0.9833250749803802,0.9191310652404392,0.206287677647995,0.9152459858080007,0.6588267399769885,0.8993122839900717,0.1058313833278676,0.5025347969061351,0.9765270972879093,0.864758464750676,0.944736872852032,0.24928618928512275,0.4342621960049483,0.5448895652642243,0.04281111441609493,0.0007166745057110707,0.6676978947879496,0.11254400666417014,0.84586656568309,0.6579408084520055,0.28821881283620127,0.0388406417078201,0.4138994013958717,0.9996029208188522,0.04481238686043451,0.8912406991314223,0.00666686553849203
-0.3033754950354546,0.4917162406438041,0.8036233191074055,0.9792302002896269,0.16990879826739566,0.7077604472227672,0.8926537274399342,0.2150834132829716,0.9551040753639229,0.541387566670139,0.9112763741410703,0.10577541746072057,0.5920129279646174,0.8645158854613454,0.7990159137719359,0.7611008278029014,0.042842084989818285,0.7780935233813792,0.012300365591127085,0.056820475716452774,0.058167661884273025,0.16608715152165893,0.017555954775019977,0.8395719369563592,0.10897491753162858,0.17729387092050974,0.005363461362970029,0.3936025953836631,0.8702194187550698,0.0007444570342503842,0.8947600166296951,0.0051467497336036136
-0.010126557563765334,0.496132241595166,0.8464668069432376,0.9728756712706782,0.06683804064886065,0.9764665687571485,0.9664510453955512,0.3061271824601649,0.9386083522379282,0.9466187140272837,0.7910394918299976,0.9419086720024981,0.22442133321809032,0.8436463804686426,0.7855272422286164,0.9818898386445702,0.25393355537282547,0.7074407637772202,0.00985703294810275,0.0601245860419376,0.0006126240419919576,0.2135654993616931,0.02114974650642453,0.7077519322552508,0.5754329803083369,0.03848400915322634,0.05943767542640743,0.40155003582484655,0.5805295190779762,0.006721942834084366,0.6775967163928048,0.12716431082532637
-0.2257196838259106,0.47629220049206944,0.8933562265069819,0.7630297950350526,0.13618198502643045,0.5938375980591237,0.9288904158118917,0.20685547267782015,0.938436789615205,0.9617493428053225,0.910901878688844,0.10678429094502874,0.28742412404575024,0.7361141499869923,0.8800580543984056,0.9688405669111113,0.06534522163502154,0.4340182404410275,0.006739148433162409,0.06002104525276916,0.023852849399783056,0.549474953685175,0.021763058788414807,0.6202768506091023,0.7577004613085326,0.3095544130618591,0.08456278420603282,0.3076461176932752,0.08118452870907805,0.014868846089099996,0.7280773258466117,0.015284024171560778
0.09693176457922684,0.4348392320925002,0.7700055189012908,0.7466490782340435,0.1405997798893213,0.6904195140181792,0.9182608499279815,0.2038918015634117,0.9136226663694189,0.43800317670579625,0.9150986434626337,0.10516342516508702,0.33694965506869223,0.8229340668339887,0.7642517453072217,0.7614859683303982,0.04558432457406207,0.8080863615038634,0.0067644875266241605,0.012394897824998238,0.011169178036616437,0.5824945469912381,0.006177060134432449,0.6070891815321245,0.024530827340416395,0.10486529192752266,0.04637872964610727,0.31485277617849783,0.018567305541598213,0.3925825436227245,0.864419286084237,0.011827398462287335
0.22607266946159255,0.9415020779253132,0.8524758493394506,0.9700020346096808,0.15417245835840054,0.8407785322569976,0.9264028660386614,0.22055223458567663,0.9013908647782534,0.9197035768705057,0.9151404417650836,0.9471805147860332,0.27435150090893595,0.9960041941545144,0.8114969336654543,0.9734535629070723,0.6753226732100907,0.7733628193797863,0.8367406544990628,0.5110302292564236,0.03817869863310275,0.9351488471225843,0.23079252465139882,0.07490232091227939,0.7701594175999642,0.07952838214821958,0.8228601905447492,0.19895032179415442,0.8678213030520376,0.11335259005344875,0.9829757386097985,0.936279877982664
-0.15855128223237167,0.4292241413073936,0.8305978634405216,0.8035826725025389,-0.005526585838788595,0.5872058671754502,0.9237722805870066,0.15926365210849425,0.8560012308564817,0.4917005672433469,0.9144872867925706,0.06334288215509458,0.2946303154444466,0.9760416103824376,0.7112942397543464,0.9138274802028482,0.24806071649946526,0.34097056560294403,0.042149501460406025,0.06322433162568894,0.20045549613582153,0.5770221801473999,0.003525275057871202,0.01994848507072461,0.7302771045761229,0.33679129905101235,0.05492562405364031,0.015036199486655782,0.8142206806438992,0.12107392736076103,0.9493967374618909,0.8842064046772371
-0.250362638758466,0.4720608766349182,0.6385088521830999,0.7636832982478632,0.08810289458178938,0.6940679125715175,0.9161625624021839,0.21622207161770457,0.9153904566003129,0.5001294161625287,0.8750278048510697,0.09120645939380519,0.3099935597630659,0.8254310524045781,0.7880172193680512,0.7896473720510939,0.6337552177727785,0.7446160634594758,0.006105253235119221,0.02659841501981871,0.02233496315448856,0.6200703151226731,0.010226618069135066,0.6024625126186127,0.7366439759195721,0.08313136470090127,0.060450370698294384,0.1755520073430643,0.16348767155535243,0.09570596009921123,0.8539910524553949,0.019041305762981367
0.09971015328478877,0.34705651319848335,0.8469678852075964,0.7281815084521494,0.06431733117455608,0.9468305810497644,0.9241163025603248,0.2229691970548225,0.9467386727733159,0.7606280743457002,0.8010033894985382,0.10121539919631167,0.3831738365855086,0.9934458636885085,0.80743553033692,0.8135706629496418,0.052216027708304476,0.9767200673805982,0.5467877629403595,0.01180433228556681,0.0017618258979388776,0.6118610528065506,0.03915563061711515,0.6590678466626598,0.09752822754766599,0.04558547403876491,0.029383687807487624,0.2229205262648549,0.7858533313180022,0.9354324558237985,0.8756214332039033,0.01854801417313197
-0.3033754950354546,0.4846554664646108,0.8359872492399363,0.9797961673024012,0.16990879826739566,0.7077358699153259,0.8926537274399342,0.21440944144224777,0.953399230697751,0.5293808953832415,0.9112763741410703,0.10597724193053258,0.5664189240480196,0.9999303979736284,0.991181112173309,0.7611008278029014,0.042842084989818285,0.9276208351803525,0.012300365591127085,0.056820475716452774,1.1052210541252078e-05,0.16608715152165893,0.017555954775019977,0.8444736725369405,0.10897491753162858,0.17729387092050974,0.005363461362970029,0.3567438338499193,0.8702194187550698,0.004240648803456842,0.8947600166296951,0.0051467497336036136
0.5717831498702686,0.9477511124527437,0.8742368020500637,0.9698371834001334,0.18921544068205137,0.8767419250182205,0.9291899017648186,0.2389723859151453,0.19502265149398812,0.8793367133862625,0.8867237916787946,0.22686725495211296,0.5124368838903691,0.9867384062521734,0.8396304419123884,0.9735571301919025,0.6856298299759843,0.4639825317266415,0.6411176626237068,0.9156149657127813,0.3721937502460765,0.9889669793715565,0.005954254122150603,0.7233593037753867,0.6291864517471101,0.9203186485521087,0.025443500993579074,0.5972231728886359,0.7654359844868669,0.5739564772440712,0.8895402478162665,0.0062139556518119865
-0.2464235231958369,0.45978937139916903,0.8771361824727377,0.8015726957607234,0.14074037535957618,0.626888881839823,0.9241371056367877,0.20885601000404075,0.9099000928390095,0.5400389597639914,0.9149879384001033,0.10580174394617295,0.49363821317437906,0.9483594501351473,0.8440132116991674,0.7412931286419395,0.02375985924848152,0.4186539815376642,0.01766278291135144,0.060993553931998686,0.043970821184752706,0.5241373077620747,0.008943428396530687,0.8470297943875087,0.5442230198597455,0.09929865237306375,0.06082455084248531,0.42161554141879487,0.8332423843155308,0.11055416052051686,0.9397218898148452,0.010093278880174875
-0.21252613626104802,0.495416677185704,0.8397439511173852,0.7498494915375387,0.17540036267040204,0.6993782333576029,0.9205741224116949,0.18874324693868494,0.9048674525384279,0.6605165627299938,0.9161135964997134,0.10952984728180476,0.5278913924796135,0.858576654874192,0.7316766376529247,0.7343365832468458,0.01001724895926942,0.7638385218656971,0.5351936247218146,0.05073973733159793,0.006540811282463366,0.5867389201087468,0.04314604806664019,0.8554835091671861,0.020838868498132157,0.260414388679815,0.08711150975378125,0.6227621309185588,0.8118913386899641,0.10049718105156884,0.9923131208266475,0.016559640185321245
-0.21078772102671658,0.9720178426861087,0.857012885996064,0.9845998033921644,0.26539730995788485,0.6106209540363082,0.9271076581295675,0.12862661472394302,0.6071384084204511,0.9868520872206921,0.8536117066504899,0.9646064667635916,0.340729940124354,0.9927317891807865,0.9149131035307639,0.990693561523336,0.9908201427003859,0.7719708157927537,0.13686656357134827,0.06000653878378877,0.012645657459041695,0.8974911275052672,0.05011058698290083,0.5943954850988986,0.9696829808294389,0.0872230629217133,0.12719138888357448,0.16935663704950163,0.8256617490795344,0.4250393407349641,0.9749330914657607,0.6460643221958744
0.13273686298678794,0.5070265372132791,0.9045210586348392,0.9910417796335883,0.11397192012173742,0.9185723518762509,0.9528878461045633,0.2087596556316765,0.9143891087369813,0.9537560505104512,0.9152319288107584,0.10898116244120795,0.5878380473055895,0.9545201870468994,0.8796440886441724,0.9979161442750013,0.6757916140586759,0.9775890432935979,0.37006925733405127,0.010460382981730364,0.05285705075821501,0.10382194819034385,0.02035210836229066,0.8468979450917875,0.6297381394741979,0.026563334032718107,0.18522964231518352,0.3574209706886603,0.07088516160010433,0.4209272457944945,0.8933333181993249,0.017321412957485127
0.0011823427725468072,0.9561217962973427,0.9028013655018406,0.8848101832778982,0.10898757205315045,0.7129547028678265,0.8184173967860965,0.20367873403966846,0.8826260247253096,0.9595360713259778,0.9068038530088399,0.08538518015712468,0.36230432297363907,0.9983521415249442,0.8533446073844246,0.9694785989885555,0.7704353507232712,0.8446349388138893,0.5655978260220634,0.03287126727869949,0.18445030100624565,0.5625279360243252,0.04290437147606869,0.8044946214313778,0.094597806072371,0.10432023124941173,0.12779462386951745,0.16952046585514724,0.850813671711429,0.08775594446545226,0.9778434890259191,0.001568176089690794
0.5444900105652574,0.48120545859764574,-0.546172324878738,0.7010546357278034,0.10748407936967981,0.6910955403718614,0.8814848325737603,0.20507643980042717,0.9093387539186775,0.900750400391819,0.8612798406173889,0.08945908389334678,0.5044012859332861,0.8448538841254906,0.8398720924599128,0.7654450989508532,0.05479146005092437,0.7204903497962968,0.0036536155883451138,0.05461371015514875,0.05114392398291792,0.023218385228395977,0.02009709016078759,0.6075798371722352,0.19494078467189507,0.10031644705364402,0.040109300526094835,0.14244838512525748,0.7498468633484319,0.1283327260357851,0.6585906573036314,0.025580408047361065
-0.11911111500332242,0.7821322281100309,0.8206438534309499,0.8092333765346055,0.14331712648655515,0.7142308447181893,0.9174178339724536,0.20395053513899886,0.9136240008446992,0.43889488690510736,0.9150992151954551,0.0994987817579854,0.29596297014095835,0.8470516492861787,0.8585079622622793,0.758858556951683,0.8654805162261457,0.6802272506573941,0.08742853521007232,0.04252612150184056,0.04286150638768487,0.5683110753094421,0.022253031925255518,0.7104259718872737,0.017822940069664117,0.09750138806219855,0.05343741156795878,0.3445895935995211,0.4727803147731181,0.8984811385119342,0.8893056828363807,0.0017786542632151972
-0.27318701254670524,0.4944442558112781,0.8887790756235234,0.9543977467188707,0.09705354541989061,0.6478020399106178,0.9030336162302821,0.21299770182552744,0.9417928537910196,0.9829492592048651,0.9291575690727095,0.10693507590885196,0.5270956961278672,0.4834939902775263,0.8895539683882685,0.7642371471390872,0.0689549077161479,0.6697302593161415,0.01850384515924139,0.015200828252024817,0.02617215496328791,0.594797418081044,0.0012266534870450999,0.7596580113520065,0.10227102401072807,0.07324838701865459,0.10261593358412208,0.2254545767062981,0.7809295151970226,0.4308315400907236,0.8939314876861174,0.018556320574712376
-0.20531629523497413,0.3578549341533743,0.9061288104520057,0.8119031305000605,0.23454541686979352,0.7081737838222562,0.9085454363321113,0.2309286975995188,0.20349942647829836,0.8881688635079583,0.9255646860033644,0.967475683660867,0.5032493030516246,0.9848852972539752,0.8046351996947777,0.972351013768825,0.038562488176890786,0.8137732476976652,0.006403882242891098,0.05280891493648931,0.06330598441951571,0.5242849411910377,0.022737103698587828,0.03224056345052623,0.8681328187628361,0.5787202022399542,0.05252111087762447,0.044754290086223086,0.7107936205726487,0.12231257783285847,0.6880154614765157,0.8285719836501277
-0.19740962735926543,0.5686269464123996,0.9995989725358125,0.9676615882012264,0.096906975954984,0.7040418641902306,0.9604521324106257,0.22548813872736354,0.18804915973835057,0.9776156719900592,0.890025714196578,0.15766350536245471,0.481992354250994,0.8793411572822648,0.9277848342082047,0.9556916944263292,0.5378514020418121,0.8050633392318615,0.046535850913403565,0.13589174731737813,0.19729885463231567,0.8028988640907083,0.038690290260665096,0.031675176478363265,0.8490537114101382,0.4114024894895209,0.007855743926502411,0.0015859801734116608,0.9920295884034599,0.06010384329751417,0.9035651619125261,0.9360394766059059
-0.19702656954829517,0.494464169526006,0.8390230384207306,0.9703927617531393,0.0995851452471202,0.8090125549156875,0.9241916652942457,0.20496008451452521,0.9418509925733443,0.7300707845366996,0.9303156881045861,0.10764732247302689,0.3752983412718062,0.872792525170141,0.8129364529798999,0.7467424138582061,0.29099058080597423,0.7226661515923953,0.006651054902665043,0.05278844953529736,0.02280278199809005,0.051061967298010186,0.020500639537334678,0.8498563308666747,0.08165269100426131,0.09097332625799875,0.08464103739098225,0.16375363233793622,0.9974660401515125,0.38394381958721835,0.9093774603887543,0.018556320574712376
-0.18010164042555546,0.47107564904911575,0.4710502324457495,0.7122953912051496,0.14148370039138447,0.939952270172581,0.9260986637750459,0.20726556406080376,0.9134748660328765,0.5134433847594471,0.9027926375950449,0.10509739754672592,-0.5681791216946891,0.45991599398002714,0.8448421359529722,0.7894976661850006,0.5143882106550067,0.5900536970301262,0.3714106849489389,0.05071962024350918,0.1539233497025816,0.5261852543047382,0.056555950450507944,0.6981815235230949,0.5869947005908662,0.3091664303472354,0.04297048928755123,0.15520574307906929,0.010441058071546959,0.17979832748136462,0.03554269982981552,0.012552633509087412
-0.20991475640904117,0.4602902120003122,0.8385760946869508,0.7533249747583548,0.3004179119074735,0.9265517087468241,0.8872395147341099,0.19769975463410533,0.568322766194301,0.9114605759969672,0.8552683550415346,0.9108620309770495,0.5103711023576537,0.8684075883892453,-0.7799263784853288,0.19926156438466075,0.03820702773228039,0.7671302723788342,0.21894765636370098,0.028726464909079045,0.005474945010778776,0.5812302880474856,0.04544905187502131,0.5867636412617908,0.8738537523711385,0.0044819121572920555,0.05658713467637105,0.1560491296296835,0.020873902176849382,0.3551672639590815,0.19691060622885687,0.014523634928500728
0.5920586492646331,0.999362679662997,0.9115840373683322,0.9707695436287551,0.14063705526098835,0.6467848055395896,0.8449527841545487,0.2230803752866802,0.9518121298478274,0.9532146091031619,0.9413344109441485,0.12592829696095692,0.4681052597539025,0.9540220217384693,0.9056689354036651,0.9955312723941391,0.06449090680955327,0.7715989644938628,0.5284690487488007,0.06712474571743274,0.05281735210194365,0.047586560842245995,0.04841751276398809,0.8498638318214472,0.6304752372909277,0.006589052687091131,0.0809107717531388,0.6299310335070927,0.8732952626069013,0.4469139567670474,0.9580524027482529,0.01801873480539115
0.5974281152752953,0.8872011673455888,0.8958242341860323,0.7274115849802986,0.13905494583115563,0.701106103292259,0.9244290464912146,0.20452079742140544,0.8832506001677025,0.9041770696850179,0.9139885357017178,0.10501817612329105,0.36230432297363907,0.9825992906185524,0.8120778819885267,0.9874063574562338,0.8804019933425338,0.7160538530084533,0.38386229041940084,0.03287126727869949,0.02411134859757509,0.0460253071499723,0.03877822743262453,0.6190976687198518,0.10134761700630711,0.10148191872236408,0.11239645859735327,0.1616418942180861,0.8326724661180847,0.022914018394480345,0.021565016312819374,0.001568176089690794
0.6167245304247719,0.9447195926597116,0.8164487817589546,0.8444840600007375,0.14382097878211286,0.6670539216692708,0.9489171387815455,0.2092731723688135,0.9149317695600189,0.960977320360011,0.9054664758832313,0.11807794469925438,0.2801732711789923,0.9617347695993407,0.7698108935134522,0.9737089947505803,0.5167162565740597,0.7553628006524595,0.3730819680989115,0.05773885715469716,0.4912408751514077,0.5767275206462752,0.021673958830997292,0.8592994739857664,0.7842194787269859,0.1475097963056339,0.08991628296571233,0.39279565013212003,0.8178766410686632,0.8444665236494678,0.6470188178363637,0.010050768203053152
-0.20587763978218818,0.421828134768244,0.7550087206976148,0.579321102921116,0.07951755525727403,0.7115909800740816,0.9252404497267297,0.22269912595091865,0.9405544238995319,0.912953951410014,0.9109160174116028,0.10106750778911815,0.34448314218579845,0.9243097694613475,0.7995187977376719,0.7669413261702156,0.04665694341038243,0.7677245809120397,0.006876180924632158,0.012687783294975157,0.07127149033081193,0.546919850031266,0.033423872948901534,0.7235680316212556,0.7368931689399361,0.08739471451088385,0.09441094231665009,0.17524882166691996,0.7447829799583586,0.9357712429383622,0.6664525476302008,0.017182379247474424
0.14976449688932314,0.9077960178118487,0.9063720868820019,0.7476751557823017,0.1410912811066784,0.9982125667367756,0.9254051174780461,0.20875732988129286,0.9138867699447818,0.9251083108016158,0.9150168913241451,0.10405157962769468,0.3217631066840402,0.9301572449373874,0.8783872263483281,0.9939919136760217,0.4002443871488948,0.7527227424248836,0.6871010329383105,0.04278427219590741,0.05035041539036966,0.10382194819034385,0.0205350230609549,0.6153711805499997,0.011799752232998117,0.026563334032718107,0.14231915314580373,0.3194108194857967,0.8923506039023485,0.36603728393007207,0.9744938105029464,0.017321412957485127
0.5972117060080507,0.944293628251502,0.904185500607034,0.9660686088291989,0.14036663435691465,0.8026696044401389,0.8796550578931218,0.20449295333738327,0.9901014471034207,0.960977320360011,0.907101480404686,0.1057994033417889,0.3759564385409413,0.9680400116634961,0.8518968388269702,0.9940449402089304,0.8820148896257195,0.7160538530084533,0.5519507316039619,0.023237935867566385,0.4771300703223207,0.8301101751563988,0.05274768431425536,0.8032052020347535,0.28548398427609184,0.6173014450315065,0.16817574150411188,0.6036435816431733,0.8302903787502858,0.00559879569061375,0.8885592791062029,0.005027433558329327
-0.20219374308804602,0.3637023189437167,0.7928499467490605,0.7633470856708956,0.16990879826739566,0.7196393458576038,0.9237512487387556,0.2150834132829716,0.9401896242896717,0.517434722344995,0.9149428500344146,0.10648847495541056,0.5986711326629232,0.9696596885792904,0.877892870667773,0.962701479972288,0.038760382770889085,0.6098539013200959,0.012300365591127085,0.056820475716452774,0.004862636155278637,0.015203906199757866,0.019694950141499787,0.8444736725369405,0.9623453079184684,0.017588817784312955,0.029939092024398033,0.16299166895936326,0.6218218978478396,0.0034505808105661576,0.8947600166296951,0.06020974520431818
-0.29498308523446876,0.4846554664646108,0.8135303566554959,0.9701591250099353,0.16990879826739566,0.7077358699153259,0.8967119476788221,0.2150834132829716,0.8968842508598412,0.5123785193120798,0.9123582391995917,0.10577541746072057,0.35334684639651154,0.9995271427445441,0.9876422096978341,0.8327831708830925,0.038760382770889085,0.9276208351803525,0.012300365591127085,0.056820475716452774,0.017167317933614906,0.12307425491204785,0.01962436492572226,0.8444736725369405,0.10897491753162858,0.17865070768217534,0.005363461362970029,0.3936025953836631,0.08211282368812306,0.0034505808105661576,0.9024961047834079,0.0051467497336036136
-0.21201958843211283,0.9170704932588151,0.8466472658727084,0.7445014370805494,0.14077036999126075,0.798908006766071,0.9241113067364821,0.20883168949773342,0.9138653193829102,0.5207090880939997,0.9044775785146604,0.10798353201603966,0.3344707680244898,0.8136233053768888,0.806319004494908,0.8319103937689253,0.057304161188579394,0.7629025009489161,0.0067644875266241605,0.012394897824998238,0.010632903064050726,0.6282632545459382,0.020592474042507886,0.6241898289518447,0.01684474336234354,0.11834569472080814,0.04838936827148432,0.3131417990054484,0.02785532609313085,0.4045944397536224,0.8544724213962377,0.01824334538494944
0.5109330931630494,0.971249359244301,0.9062575938319258,0.7219211130331722,0.1756755789730596,0.6751307686413109,0.9244649755372019,0.20621154799524358,0.9146259605490823,0.9665232601279771,0.9222002614555939,0.11715547205200671,0.37685580358961646,0.9676070888836131,0.8584061035551166,0.9776397926335795,0.6372391222394422,0.7512860961447817,0.6488674686030392,0.05170646831679017,0.2234862903625334,0.4926833617617582,0.04376174624961095,0.8523197891383185,0.8907256691856185,0.10522747929531433,0.1449523071006791,0.6036435816431733,0.9774132361485378,0.37803052527339154,0.8544820212132592,0.00206175453292394
0.5316990743884724,0.8763270411778136,0.9048256979952456,0.9140806982757756,0.23454613878117864,0.7074832886660467,0.8994884902246637,0.20887764471712197,0.9413793192913864,0.9153215742493956,0.9160399320880819,0.920793971149339,0.5214740002854472,0.8345699207783337,0.840469429719956,0.9849291212318567,0.5042197683177618,0.7685399165747433,0.6710497305237658,0.6321707510814671,0.03328927178125532,0.5930699565937664,0.031611785290326294,0.700966770627076,0.9298041097521131,0.20607737060317066,0.08769104565326197,0.07660849238080877,0.8329319749926857,0.3849757564082863,0.3697250105635249,0.01815079271031378
-0.2260249680234747,0.7959770825655506,0.7700055189012908,0.6916243534644927,0.13618324377610463,0.5978326677983209,0.8881620271133507,0.20682714243781058,0.9152798700810103,0.503579272510319,0.9096173114473871,0.08477418008954835,0.3344707680244898,0.8480283701736676,0.9314714368002631,0.7643828465677989,0.21891886235414437,0.40439649275041634,0.13534636684269435,0.06002104525276916,0.010820307508566343,0.5502709646095824,0.021763058788414807,0.6240550111592,0.08568204158019899,0.08306244513742327,0.009733437785311952,0.3325895725405145,0.8059370991032457,0.1406138232157057,0.895332884522642,0.00577842397207508
-0.06857753772682051,0.9501345141770535,0.9023866399907945,0.8379062709465953,0.32213244754370507,0.9465541078334485,0.8850312182798454,0.9922535602715137,0.5677978591646939,0.9993558351685693,0.8815528354879829,0.9477905819142077,0.44488577987040845,0.8388336913242841,0.875256037624329,0.9951033907298503,0.07247197237826442,0.6496915756180807,0.3824182654918473,0.04641919959501494,0.1887877534441502,0.570121004418067,0.486552650030312,0.8406673196916238,0.9736781392715746,0.09575688965794737,0.090091434119126,0.1494121492213643,0.090752244420444,0.0631278768665953,0.9417266221664501,0.03912877403980037
-0.058043467988612665,0.4144547799235764,0.8213646963437351,0.9555977773548238,0.17418269489750843,0.6451131016516843,0.9179019261952011,0.2062308469870796,0.8753118124723753,0.6605165627299938,0.8910546266267887,0.10952984728180476,0.30535489976566316,0.8730287677628402,0.8400906841811346,0.841407669618051,0.10494063274157406,0.6295729048326889,0.13890296788962042,0.024529139802804967,0.05241184433180086,0.07315227335810534,0.023212522699630544,0.5736148990441706,0.21664306636506064,0.059535540422074124,0.10686340594261991,0.22338845730113147,0.7724388625755747,0.0004901198992779826,0.7154104839540443,0.0042413986317800965
0.12627253498778662,0.7976620488188438,0.8948091359746863,0.9051739566895265,0.18178914636212026,0.8521839182201241,0.9648809535421429,0.2232683789911493,0.8798275467787441,0.9284693978898332,0.9132452387578017,0.8685148151613995,0.3901675264305082,0.8641045432132567,0.8032477011064536,0.9760501246499983,0.7301166095889129,0.899285416905836,0.640247777854602,0.04203271235858877,0.0379484277976009,0.8298297038864709,0.11494143407789345,0.8708932378121619,0.9860915892744098,0.15275632161294084,0.10379168635546548,0.6042959191726112,0.009959456156730382,0.4523609838267225,0.8871397937394301,0.0017842780364602795
0.34950539150774806,0.9035596370487387,0.891102744966418,0.7089683191808648,0.12010304737939022,0.7062061245502748,0.9238503047811678,0.20512474081468926,0.936319948010909,0.5324898317101322,0.9150922883411359,0.10756900272322197,0.4604228835824802,0.9896243933212019,0.8169305247707477,0.9884214468064814,0.6826481168841436,0.486638679822615,0.05302958058983348,0.06013989365834539,0.00474661457878112,0.6999045374627573,0.03637661130757734,0.8636251213629941,0.6591776493235105,0.1016049165162736,0.0544524655872554,0.437076476439221,0.8358109360405643,0.61592354461926,0.9950029449257942,0.012628347510059533
0.008261937884297119,0.4586626686923168,0.8588489780123619,0.7082693412249508,0.1414678816498902,0.81353396825424,0.9263910316672007,0.2079666680367156,0.9371652064259214,0.5362847368001531,0.9063389395158974,0.10578433155162296,0.3471730592593989,0.7390068069766766,0.7934513661280802,0.98990465787484,0.0013738501301527872,0.4050599854067152,0.017943909135630265,0.019536012877975864,0.027939416167467146,0.5174403688637821,0.0009368883924799933,0.8409112987054951,0.6253544988149166,0.07508839477997824,0.0038896430278205357,0.42162234150023875,0.09899371809693586,0.07853308075290982,0.7057216339093002,0.004116354409541178
-0.20329639993843884,0.7807636078781379,0.9821201144115811,0.7581912154642341,0.06432247609498054,0.6850087102028551,0.9266724080441311,0.5669683358950728,0.4035338860275741,0.9708923453358671,0.8941152143574596,0.9471638838169617,0.14328004776334063,0.8838622635943657,0.7717951758466659,0.9842761069510405,0.8298461189547173,0.425791897163386,0.37973631896405885,0.8365985351326154,0.4572649910368285,0.3413741160882642,0.6170866734043612,0.6643393253000439,0.6687344167448412,0.09716807619984909,0.9325482832604899,0.16186146498540332,0.057349458369980344,0.04908380803961476,0.9627313369561418,0.005604101937498024
-0.225346417166704,0.4838637075926868,0.6291286136654398,0.9292795258675738,0.2492753128417378,0.6412694509033121,0.9492001609229342,0.2876733631807188,0.5836144386517053,0.614040623946413,0.8682111564956356,0.9197474009849921,0.20535172456970668,0.764456466831379,0.6816720118352155,0.2651982248505034,0.013707340287334297,0.4438688355056677,0.20830657515596407,0.024180715292440536,0.033072832122318874,0.5613168987209096,0.040817644926556804,0.6883805039441203,0.9290837942726162,0.011317752701761108,0.057593896792447086,0.26304447014050136,0.02358569694397114,0.42332381819318515,0.2673735287469949,0.08898100439525033
0.06254692213279908,0.4674602784031764,0.8590383024531691,0.9125434444998791,0.1615842586242932,0.8869812263527869,0.9210041565489154,0.21825394291290812,0.8776671230600368,0.5986547893349289,0.910846972981915,0.10756382326953176,0.5099495116283723,0.9975554018394904,0.7469376092290527,0.7604774939320457,0.8451636577193068,0.4646792921686532,0.02009091968885368,0.028738319374372705,0.6203024166175127,0.9800771605495255,0.04847983448566623,0.6372772243602185,0.9545402339067356,0.03053042051811968,0.05075131155866018,0.4697490574336387,0.07130263954891826,0.06562858030680388,0.852238495961638,0.013341087875471508
0.5920586492646331,0.9638715020761679,0.8308852156453013,0.9728589554465825,0.14063705526098835,0.6933096110378492,0.9245571654882736,0.2067433608370425,0.8812863906759221,0.8815541499805237,0.9413344109441485,0.10793913041492269,0.348301579509234,0.9582371739354489,0.8625821890855531,0.8052757794170734,0.15490345087037063,0.9304119560234421,0.5351421730572672,0.02477110117901814,0.2027273193670736,0.6264275093526783,0.04361169918682422,0.8462957713540986,0.7794306479088399,0.03999383568042302,0.0894834620331112,0.4064670785076572,0.7785208858703236,0.9555486870882393,0.35621691764379027,0.01064431067030987
-0.588931661711742,0.9536817226827697,0.8336707823451078,0.7343080210822334,-0.012697552730730463,0.7010886575019817,0.9416135491080379,0.19342635925404278,0.8840227147783857,0.6505160836378634,0.9145597516853422,0.057444422171376075,0.5034570642864223,0.9951904705846344,0.8322967722240646,0.9720856824923543,0.6825105420641682,0.5927308972722458,0.0027464927477059836,0.055353762687398236,0.20066986734621328,0.8214685204293641,0.9934748225949465,0.01994848507072461,0.1578557463034086,0.10727410709835677,0.1997881669895244,0.013953527955817141,0.9975135800389431,0.4787130743879494,0.7192427473731741,0.9314038933881896
-0.195064501289995,0.9522830956824524,0.9942964904050495,0.7107304999816856,0.304599503713709,0.9831774738077425,0.9576012695587669,0.953706115242598,0.8680422947129518,0.9707686325361458,0.9070908970860946,0.976131525065828,0.3723588662422921,0.9851156347321003,0.8088714600431836,0.9111926773431333,0.7090715532966423,0.7796358373076766,0.5353823763026908,0.020059467371554184,0.21741980555347334,0.767163983301776,0.19514773324246149,0.7271908141316346,0.9268405901489565,0.09541104964274252,0.04813180943077225,0.35744887735645187,0.7780653354184549,0.5893403716150336,0.9927003148077443,0.005105684919450823
0.5884578568593991,0.9576286665665535,0.9091883624597722,0.6065528584989803,0.31367412995088495,0.9754412129879121,0.9518270430667177,0.20886423246979446,0.13367495210932706,0.9126829400820083,0.9329073835442145,0.9004909855108543,0.529785923259031,0.9870026331696395,0.8388440399958437,0.9674859148738244,0.4107542544773548,0.7072161656929391,0.7417485598821973,0.057463043557408076,0.3937423385965233,0.738245490300966,0.10768480421680869,0.8473658056241048,0.9937184690832117,0.5916319955791312,0.13958379423855816,0.6010918751222889,0.11324425183867287,0.9828246955333957,0.9802735042961478,0.5804391444259519
-0.29331304621640975,0.4846554664646108,0.8135461448526038,0.9701591250099353,0.16990879826739566,0.7077358699153259,0.8969248197161455,0.2150834132829716,0.8968842508598412,0.5123785193120798,0.9123582391995917,0.10577541746072057,0.35334684639651154,0.9995271427445441,0.9876422096978341,0.8327831708830925,0.038760382770889085,0.9276208351803525,0.012300365591127085,0.056862777605369126,0.010451013496045769,0.12307425491204785,0.03369313062551242,0.8444736725369405,0.10897491753162858,0.17865070768217534,0.005363461362970029,0.3936025953836631,0.8149807919009331,0.0034505808105661576,0.9024961047834079,0.0051467497336036136
-0.20585979547531394,0.9419087628753691,0.7852514841979696,0.7317355690634265,0.16094244233905136,0.6759103117903305,0.9005786841619441,0.20635500410127813,0.8900582840139111,0.5205901100536168,0.9096211469085097,0.10454653612213782,0.2544415609242295,0.7322473071595345,0.8149240127888304,0.7659663747239407,0.6866581704213698,0.4227337514181584,0.1666138913483676,0.00035183196700513605,0.02834661965332963,0.9129608741651616,0.11996483177856648,0.8694697490253266,0.9750689539692192,0.07305176710155845,0.009401759752740782,0.6050290309792447,0.8996330644114031,0.3875980275848608,0.2597570281180196,0.0037611053245517334
-0.013751044400558285,0.4981019167971812,0.8479219212372558,0.6220987105926885,0.14030274889039934,0.9952066941964931,0.9239987437186834,0.20734972957655434,0.9339134418453392,0.6387957175583114,0.9140601676491864,0.10993485042721797,0.3629719418993248,0.9906189531425484,0.8039831342089024,0.9810694348933963,0.5011384110724387,0.6805760225885616,0.1111983581089328,0.049847972452483125,0.0011253011544120756,0.7433539928643198,0.0503859552614077,0.6840555000868932,0.05372234575154605,0.14465269449236606,0.0665285727103807,0.3525782924640081,0.8970705199904561,0.09526236350088539,0.8464333089483225,0.017268200731902453
0.08961128548741856,0.47623650016960384,0.8191955151716426,0.7490913810446113,0.16131724781061144,0.6760135055498995,0.9530506928687892,0.20649799720617987,0.8932850601897182,0.9673997849098083,0.9102917473395647,0.09382497105172873,0.5096215812800685,0.9852387215464465,0.8501782821793962,0.9724504089313193,0.6914078452099919,0.712303199368646,0.1666138913483676,0.06029243218776123,0.02780166690189591,0.6461900987266358,0.07751289699362506,0.6192583538398603,0.9662691885489982,0.7496229214791986,0.09024613712996168,0.4427921177401628,0.863877437689528,0.5249375404430098,0.9502194326748807,0.0027144970025095305
0.0009789562181691247,0.37186395352514534,0.8828249579664691,0.9506828219135282,0.22008899172630736,0.7072760923181618,0.9195083655189299,0.16665249531497867,0.6474022039244727,0.9825060892322416,0.8441518091586766,0.8784679374536924,0.6560738910462287,0.8865007874919213,0.8278826807056067,0.8198886890736221,0.08870984319873398,0.749618525183774,0.907911897302748,0.048500254807335885,0.21741622713195613,0.6094653484133846,0.044381105494846376,0.5819027224924367,0.8204474698971146,0.34189986317255733,0.14511219601153313,0.5675444082463614,0.0231369894380555,0.024079933786606805,0.9799781741993888,0.017526875414507148
0.14976449688932314,0.9554231150462367,0.9063720868820019,0.7476751557823017,0.11226705856709143,0.9982125667367756,0.925274623707626,0.20875449127265105,0.9138867699447818,0.9251083108016158,0.9150168913241451,0.10405157962769468,0.32192279742467667,0.9301572449373874,0.8620269617871372,0.9964971621770938,0.02861270755016021,0.7494971501844824,0.6867123098345589,0.042795555621419346,0.05035041539036966,0.10382194819034385,0.0205350230609549,0.6158873606053648,0.011799752232998117,0.011169327341178314,0.14231915314580373,0.3194108194857967,0.8923506039023485,0.36603728393007207,0.9659187423796838,0.017321412957485127
-0.43110250369786374,0.7817421717282862,0.9047550571043252,0.7472326100084383,-0.005526585838788595,0.6739307422391894,0.9482670189255783,0.20652512196587755,0.20349942647829836,0.8940775549914245,0.9149388509851194,0.061639550420989724,0.5353422513734469,0.9854191871175928,0.8648467863128615,0.9721445696740797,0.4745430360379284,0.5946699602859037,0.046535850913403565,0.059967062847129375,0.20992322653238787,0.1506125785156094,0.5538262372877123,0.01994848507072461,0.05358392533798145,0.9589527484965459,0.1507620825892647,0.0026225553364262466,0.9058312700915983,0.18657952545437426,0.2298588060952335,0.920059239994522
-0.08438227061922415,0.4467622954851808,0.8180802617619235,0.5865418058520584,0.12701948677555228,0.6667632638029362,0.9180015413733222,0.21322805647350002,0.20599150696652385,0.7700283274658033,0.8910546266267887,0.11022808164383965,0.30535489976566316,0.9163300766203519,0.8554685609930961,0.9884748308260145,0.07467354064975679,0.6948711035437012,0.033700895794147256,0.02702093884226342,0.06159318493226822,0.16000518050854903,0.0442814333168263,0.04117805084268805,0.9604982573578578,0.3384190682897545,0.10647802981579665,0.2330983477938863,0.8119231853150595,0.00882160858125458,0.8780827169612068,0.7411727049324186
-0.2260249680234747,0.4919119002087191,0.7979451639533551,0.738356667093699,0.1278382599504997,0.5990478472807726,0.9421660756229424,0.20685547267782015,0.8915148779675195,0.9416894846369789,0.9138574132751286,0.1038261746377511,0.33268442659608133,0.9500643100993369,0.8014452465322887,0.9688405669111113,0.12777805139988574,0.6984362714091061,0.01267056128197594,0.0398627220712697,0.002589525075646932,0.549474953685175,0.021763058788414807,0.6237828575047377,0.012226508724240748,0.3266517655419105,0.08579618591292366,0.30690428644058937,0.8051043921655395,0.1406138232157057,0.8922735334470373,0.018651106607138222
-0.5235573196843185,0.4109624179998498,0.6414199984791453,0.7470874586789019,0.1615287347511408,0.725177871871535,0.8809177719312062,0.2802893560805527,0.19335137674269465,0.8928435347548487,0.91398990606725,0.12046417670384625,0.47830996128104,0.985933689267255,0.7228717944295833,0.9717107295036348,0.02494885976642197,0.4164552989947508,0.017325420441340278,0.05993490310845713,0.038133743432672604,0.48557146979206905,0.04972493301829165,0.7382146789700694,0.10140511132246144,0.14869276962343764,0.07766012971804226,0.011094140807870495,0.10278206725950345,0.06173384426723805,0.9116665061063519,0.8893749740775891
-0.050526729011439536,0.4639697300392745,0.8391528317202259,0.9866811841750657,0.07614972669844483,0.6773558743377671,0.8882347404352839,0.21892983509865632,0.9137662067126201,0.6344015732404542,0.8468563975120007,0.08784004727972362,0.3909238931420923,0.8523643650930826,0.7767187856396442,0.8717103814659679,0.1252946623276334,0.4471127073220511,0.07052162188495945,0.05328846642110718,0.056200017553710936,0.09800104178553395,0.048763833727908656,0.7193793945016105,0.9352035836928994,0.02991527271119522,0.09771426161643082,0.21995735256646354,0.03263817687557691,0.9545961017859197,0.33363467908849925,0.0097220621595161
-0.19963099450981975,0.8409665239861115,0.7667602341139255,0.7311169325291018,0.12692959089736242,0.70615718378732,0.8835095765020506,0.20439365846940363,0.9126387092733874,0.9596620229857304,0.9089192582562676,0.10514263861821227,0.29599853549078703,0.8374503652012962,0.8444739716084086,0.9644207079641325,0.6269684496848134,0.7753683588150184,0.030031180263915797,0.01966715920883977,0.05959104130264353,0.07941591156579414,0.03855490246937503,0.5865889239803644,0.9487626180582426,0.05261603617244812,0.05347729668422446,0.18081961259463428,0.9385202183407217,0.9165853986299032,0.6928502013430738,0.0011918404976752192
0.049864986954916854,0.5229254336169671,0.9555859035685565,0.9536444326655406,0.18477491929996023,0.9754695127450145,0.9241010233905881,0.23848362840834647,0.9077620778938323,0.9699208275288375,0.8781688232026086,0.06654160924272873,0.5223531471907056,0.9650046153769778,0.7851587389152498,0.9051971482126462,0.13989681251918815,0.6494517882013459,0.14109010795147592,0.12888975252450308,0.18922139382830794,0.8846862363061947,0.1926301488942483,0.7606751317976378,0.7490317794330579,0.09686342244456239,0.08399437712070475,0.09184181376890861,0.1677594650709029,0.5492044774672282,0.7572267712884974,0.848077735952292
-0.04811449924233194,0.4951256090563281,0.8948091359746863,0.6240401249480527,0.16160028305768503,0.7066697566357513,0.9306628407568025,0.20801484102047085,0.8901803947461477,0.5256398200317616,0.9102791942252871,0.10454653612213782,0.3917801321408487,0.7206873678338344,0.8138626774132897,0.7669155278703182,0.7139400799014615,0.899285416905836,0.5396807777885144,0.00035183196700513605,0.053159528792651525,0.6974461339552215,0.02288684215543136,0.8691438189370002,0.967653841119625,0.09946170947469192,0.10379168635546548,0.6072744695697874,0.7769908040386265,0.9072816235630193,0.9119134288280191,0.004902586872176101
-0.1879109690189115,0.9238250803221523,0.8999382499813466,0.42111609267166517,0.25255346974543,0.8315444516732468,0.9758969788611053,0.1708126232207315,0.6097307398480389,0.9467895484175153,0.913086940673078,0.7506719668609059,0.5273463752026668,0.9677535043591089,0.840469429719956,0.9736824999344529,0.20071431625236444,0.40161125214146615,0.016148947596385545,0.07980281743879974,0.08137890813405763,0.5635382511658014,0.0395736448583879,0.06408342978893378,0.897457706111766,0.004727758028456069,0.0159517815180864,0.30181367401421966,0.7988932455580106,0.020363776362783866,0.9834350424313761,0.5185175707868014
-0.012222997615564349,0.49194185334031193,0.8460217995040189,0.7086828637080735,0.14718640539970326,0.9951386958164696,0.9238377176750432,0.21580505319514784,0.8884698937543908,0.6588388433607442,0.9175671235774145,0.10512885104669288,0.5403427933813769,0.8334945175751046,0.8095476994543342,0.9709917430743343,0.22844382153481868,0.6406675358126247,0.015013891453460493,0.07799781109710224,0.049154026273355855,0.907575520696031,0.016987709090275603,0.6943361337077244,0.044618107726979606,0.07441523139586102,0.02091075136931412,0.3522465662459724,0.9755669706941079,0.42503762584171856,0.879108140532879,0.01854801417313197
-0.012437869456933894,0.4981019167971812,0.8473905988258346,0.9756535148969256,0.14030274889039934,0.9952066941964931,0.9239987437186834,0.20734972957655434,0.8936071290086838,0.6505765572800092,0.9156135501513987,0.10418381137498947,0.3629719418993248,0.757257605637806,0.8026736061469423,0.8436264675001522,0.527529718768786,0.6805760225885616,0.08945408011710754,0.09897670888124861,0.06793934864672087,0.7427813826120957,0.0441726178606776,0.690150535259438,0.7157172987113287,0.15215790422857126,0.3430078083281827,0.35588985317937544,0.9612743448984347,0.09526236350088539,0.8464333089483225,0.01855824302558995
-0.5869840338249449,0.5414773685549727,0.9041868399912064,0.7276630037698794,-0.00531552878886643,0.7030156685747685,0.8827137387876287,0.15926365210849425,0.20306385607570007,0.9044193970096582,0.8975240778851122,0.05517126052500959,0.4874479650107344,0.9826365993784,0.8629475481574548,0.9718443016990493,0.46742756881221537,0.4164552989947508,0.002339015370740105,0.03194489327455187,0.18598260977809056,0.5317458557225322,0.049654575993559324,0.019205387999814506,0.04167273277367495,0.11150218292132336,0.02433207696405884,0.011615446711267241,0.8533626497626969,0.009761638816503639,0.22955736412229294,0.9407974491652563
-0.20616218100754974,0.4772850707536739,0.5044346382017378,0.7108842733428444,0.14148578614610385,0.9718719592984937,0.9243312724733609,0.20664421318944723,0.91228416846472,0.7798764349319831,0.9089378021392025,0.10486230062090067,-0.44252853197919984,0.5392090552002698,0.6899663228567383,0.7584543027539359,0.6805953573365784,0.5904119059317594,0.049334491842643005,0.04914698384388247,0.006164929927076512,0.5261658547174307,0.18714708517020656,0.746941578589672,0.04389895445395253,0.0913369922154513,0.033136954364539284,0.18069584893777446,0.010441058071546959,0.090488700825996,0.03554269982981552,0.0020501612512680524
0.14976449688932314,0.9554345279774249,0.8381841783898392,0.972826526199839,0.1565553694501803,0.7958582377813309,0.9525043190723713,0.2252073007175834,0.9146947415067481,0.9536711989015715,0.923157229800408,0.11763960411321825,0.334065100437042,0.98751504825695,0.7909020523170304,0.9916428281426255,0.6807286944327318,0.8939716015281491,0.6547265194801817,0.032977218391131914,0.18446353036946225,0.5498203530318092,0.034329373123600536,0.8452241467285085,0.6312913055519226,0.013306637587922152,0.14279805769137585,0.6038247974089054,0.7964420489202974,0.4317085027319513,0.8646551881331401,0.017440791350127195
0.09415567979747774,0.49161189370119274,0.8466546982017715,0.7444514875208775,0.13831539867952103,0.676084875063012,0.928992024448765,0.20236656221072202,0.889968145401517,0.9129520648712309,0.9151240050442971,0.10571407420569644,0.2906627643560744,0.9417968844894699,0.8081849076956945,0.9700699946925213,0.09217544764014235,0.681901565274163,0.010741908175736024,0.013992352708560765,0.004276015973424169,0.48177725189446674,0.01896969455194436,0.8494720795849446,0.7686690943225346,0.019920345369781156,0.05351461748595522,0.21434647014323924,0.02631530988731612,0.4477156277254204,0.989345304898074,0.0184991407532991
0.39490349304827155,0.9462479061418417,0.8381841783898392,0.972826526199839,0.06316292206294387,0.9925548992045846,0.885772003183376,0.20875732988129286,0.9146947415067481,0.955934640032675,0.9237492330143707,0.07735895886007399,0.33659092609894486,0.98751504825695,0.8407730912851076,0.7696264970187013,0.6807286944327318,0.775785074512557,0.009026311507468798,0.05475444461189471,0.013690032506697127,0.012895516726424971,0.030609171184902414,0.8356737781847867,0.6312913055519226,0.026563334032718107,0.03743794967015152,0.1620378869767608,0.047098140692018176,0.43675205702123826,0.9015539339051424,0.9960909678101615
-0.00638453780788846,0.46651624230716426,0.8341368532107761,0.8162887606419758,0.08132430497972774,0.8599951643686087,0.9677177356775691,0.21614837977557422,0.9155492860285814,0.5970489950571292,0.9105894746022882,0.09379291101732634,0.21272578996935892,0.7506667679760296,0.811437772265698,0.7723565023243029,0.06145245186521894,0.688557095739663,0.12250493398970214,0.06856525621854373,0.21163003934927427,0.0009725195157442856,0.02999597022298172,0.8221994819763422,0.04263564689760796,0.04029116046991303,0.14279677879812705,0.1752160175471183,0.8132528888576116,0.955057599225616,0.668744491396833,0.0038124222533066233
-0.012437869456933894,0.4981019167971812,0.8473905988258346,0.9756535148969256,0.14030274889039934,0.9702291195748112,0.9239987437186834,0.20707340987454848,0.8936071290086838,0.6505765572800092,0.9156135501513987,0.10418381137498947,0.3629719418993248,0.7910032689029987,0.8026736061469423,0.8436264675001522,0.527529718768786,0.6805760225885616,0.08945408011710754,0.04892143153369716,0.06793934864672087,0.7427813826120957,0.009402859372633847,0.690150535259438,0.7157172987113287,0.15215790422857126,0.08943053570089951,0.34835534034289123,0.9612743448984347,0.09658992700347487,0.8464333089483225,0.012485193852487106
0.1550483370438711,0.4570408189154671,0.8381841783898392,0.645113132807043,0.11226705856709143,0.9186044379900482,0.9529815528323503,0.20873177290609268,0.9147499817654067,0.9557037607726437,0.9150475291808621,0.10801925650979124,0.3911713140807502,0.98751504825695,0.8826316667587089,0.7850713576089603,0.6507097830008621,0.6802850246229442,0.03108245008901367,0.002935222646610291,0.05285705075821501,0.10382194819034385,0.02035210836229066,0.8468979450917875,0.6297381394741979,0.026563334032718107,0.1382792836444917,0.35589021539422083,0.07088516160010433,0.4211024503110046,0.9766908896891189,0.017321412957485127
-0.18733206192010998,0.47568364742882235,0.820337116085266,0.7081405445289684,0.16382011171951055,0.9421717382550735,0.9277993818586774,0.20678195668229835,0.8951570722008111,0.9355869617792896,0.9090624366646896,0.08527591897363021,0.54161774578514,0.9187160012578279,0.6689804865073057,0.7971772005111244,0.13254808461697468,0.5089043862982245,0.01229296093529024,0.009989390302578869,0.017018960115376597,0.20996272511346867,0.013886796487499797,0.6195591003693797,0.19771821331026895,0.0928340689372376,0.05524415649418171,0.2609867667725048,0.8840939136297747,0.026685723904719072,0.22152847599513087,0.01857510817503894
-0.21145540744394795,0.35632405232848946,0.8505534471121184,0.7514998925456668,0.08535386548146114,0.6882422502782363,0.9241163025603248,0.2215016396657823,0.9450265583463938,0.6779864945759816,0.9046125135244921,0.10514523502853756,0.38389709712949693,0.8335201064318745,0.7653817855857659,0.8135706629496418,0.10321615198076245,0.7901607676457213,0.09989851911378317,0.04334338116715081,0.08996345756086135,0.6785396093756574,0.023432221712159248,0.7232643366614826,0.04956380542161154,0.09841792673924236,0.04379897283428398,0.1556536514510905,0.7833281100685466,0.3363065820924013,0.9723161857910363,0.01770097005750915
-0.012222997615564349,0.48906283544673596,0.8460217995040189,0.7086828637080735,0.14718640539970326,0.9951386958164696,0.9238377176750432,0.21580505319514784,0.8884698937543908,0.6740530432787682,0.9175671235774145,0.09749245073193878,0.5404795886168892,0.8303314267098652,0.8085343619293329,0.9709917430743343,0.22844382153481868,0.565226717985234,0.512323755366075,0.07799781109710224,0.04942315362897832,0.907575520696031,0.016987709090275603,0.6943361337077244,0.044618107726979606,0.07441523139586102,0.02091075136931412,0.3522465662459724,0.9755669706941079,0.42503762584171856,0.8816027134020924,0.01854801417313197
0.10735869436226905,0.9783700070806619,0.8007769247069132,0.8395634142598369,0.0847323949976273,0.9700974964924453,0.9267180384397458,0.9825532881042376,0.6149868074638226,0.9518974655300572,0.9375178037617915,0.9486170642189111,0.22726246941490624,0.9500386365536121,-0.6175608941706962,0.7917252960958042,0.019918695826290366,0.7208197117534068,0.5431649920262368,0.06484344711107068,0.014028940387697725,0.5700330004884645,0.022280635173395846,0.4143189340797987,0.6073368845908437,0.36406728568126334,0.11344229490161503,0.8685754648051963,0.934958507933352,0.03415031843304958,0.276748038699707,0.01722849382045183
0.16062607461159767,0.9444455616451846,0.8113717677730042,0.808601029814862,0.16140714716019555,0.6753881496899705,0.9191329278641759,0.20655023147341323,0.9168286521600286,0.9648301884489326,0.909531904007076,0.12472629317304332,0.5102064469193048,0.9888220446825453,0.8106630332679691,0.9760372018962605,0.7462087607814853,0.448711585125563,0.14772137848152206,0.0028717055073576303,0.02480540633798394,0.6395647175100299,0.04513877309146214,0.6389127868811968,0.9869450768494897,0.4302891572537532,0.02539561630905162,0.14801694427844142,0.84374693959429,0.4527153569043807,0.9342332460654923,0.00490802788389571
-0.2055651603263726,0.45772961599753303,0.9019663479461637,0.9824637956706455,0.14163385713659474,0.5601305001799245,0.8727116435623856,0.2051989846322405,0.8846406949645467,0.4211019450844555,0.9169887461373747,0.09548158661973954,0.49386715276536375,0.9539819041552047,0.9841313053595045,0.9896888853946468,0.07038620846542828,0.9199019239391419,0.5463203896455407,0.05823451740144825,0.05657250938077235,0.5234006994002621,0.04388052251342974,0.6724283819697697,0.05986126008235339,0.10894452346322017,0.15220059961646024,0.44424033117712725,0.8730937882873147,0.44518234696865305,0.9332008908968877,0.018689630636276114
0.19068473383482404,0.9155239664925154,0.9007789124968476,0.9750625601831467,0.1592169813856494,0.7655863261918496,0.9923040914372994,0.21868080936547354,0.6154065830753565,0.981566810487051,0.9360260230020978,0.9292873350509396,0.527630079026419,0.9984028762572031,0.8438993030904846,0.9875686676505679,0.4848528949103958,0.4685347911816927,0.7143199596578135,0.2868026457002216,0.02870399212981163,0.7530689096698211,0.0208214389089216,0.8440752313892368,0.6247423231665106,0.3116937018969715,0.17843703200158392,0.44574211940967023,0.8154823478370521,0.03417485827715562,0.7207630590485404,0.0370164352020525
-0.21198327244928583,0.4858070266054599,0.7700055189012908,0.9174194259876464,0.1414077145991551,0.5996838078608477,0.8897317407834747,0.20497466579031848,0.90023981312857,0.5224880372122132,0.9136818495585947,0.09355458591928398,0.5376136470518893,0.8515346382204517,0.7374123234169847,0.7509020497478777,0.24349058368619916,0.7709481719450305,0.16975330017239293,0.02463211795193273,0.031908041577564834,0.5924008304988412,0.007673261106540371,0.7081188534201333,0.11564840649817426,0.04340765603549536,0.08478695111683644,0.30549125484862816,0.01490592626243531,0.09487816797969728,0.8748314494333772,0.010496109883989647
-0.588931661711742,0.5396485409220837,0.9050651349413268,0.609957261924915,0.15619960085327192,0.6574593235398141,0.8828479873904022,0.15926365210849425,0.20349942647829836,0.14950556298305967,0.8117347925894582,0.06333675574311676,0.4850099760678917,0.9931270944961208,0.8569659811534741,0.9557080708514429,0.02531422348601814,0.4164552989947508,0.017325420441340278,0.05865628637349721,0.18077066148679938,0.5683750945078894,0.04988375741726382,0.02722141052299093,0.04167273277367495,0.0759400924793025,0.014960060730583851,0.0026225553364262466,0.018575368258047467,0.009761638816503639,0.22955736412229294,0.8902789531260763
0.0858630503663757,0.5018607266587666,0.82173371190809,0.5843811929922029,0.17134596442189795,0.8937687279894232,0.9225510758176734,0.20487124075473387,0.9145089638884251,0.9799793814468623,0.9153400106767354,0.09532237340635581,0.5114386714643486,0.9840396238770663,0.8918501559987912,0.8958839047985417,0.7119865319052794,0.7031511241313967,0.0067644875266241605,0.007222563991776652,0.010862077716785046,0.49880464478847075,0.020547052285784337,0.5960841528444214,0.7573448801868439,0.007853668648353351,0.02253257504319684,0.42766453249403696,0.029653937378638928,0.019120695324257878,0.8940439186585324,0.018922299868091914
0.6256037349708095,0.953563106526745,0.9059944437805423,0.9818224006024286,0.16541102695713777,0.699110571518312,0.9208013215802098,0.21313724297130482,0.6417792299177417,0.6505160836378634,0.9191699749541398,0.9978849547740029,0.3312372838828421,0.970380630760414,0.8318922821789062,0.7988499589545629,0.6292774721467351,0.5927308972722458,0.07806818822105537,0.052794748635051396,0.0315040821254567,0.81661960953882,0.9959621737466904,0.004401284665756011,0.10437055569665321,0.028248215231617135,0.16701212498372864,0.0019387378204632488,0.8387167892032922,0.04800021384285946,0.23061611746935817,0.9343243604810751
-0.058043467988612665,0.4144547799235764,0.8201881787392029,0.9555977773548238,0.17418269489750843,0.6451131016516843,0.9084626674836008,0.2062308469870796,0.8753118124723753,0.6605165627299938,0.874120899604926,0.10952984728180476,0.30535489976566316,0.8720746469818579,0.874666724291915,0.8409519282259537,0.10494063274157406,0.6198887627887951,0.5585489736655254,0.024529139802804967,0.05241184433180086,0.07315227335810534,0.05344870807660346,0.5736148990441706,0.21664306636506064,0.059535540422074124,0.1406345786647099,0.22338845730113147,0.7724388625755747,0.0004901198992779826,0.8256430177753329,0.0043336839919970805
0.10137611978288061,0.9164691238132755,0.9751438794526724,0.940559344867881,0.16182310129953506,0.6791046843434211,0.9095470669273206,0.22412322116453542,0.8908102376464748,0.5352235562324856,0.9102791942252871,0.10454653612213782,0.37918581640125426,0.7310077799071518,0.8138803640335005,0.9735209221141343,0.6866581704213698,0.9519559917798655,0.46573638157728015,0.006468556491817417,0.06661518513871165,0.7194111784717369,0.043105491669549474,0.8691438189370002,0.967653841119625,0.022227180806060204,0.060526596511159825,0.6042959191726112,0.20495902610339106,0.37836458215092045,0.950444148604993,0.025227674847443145
0.08197344373279995,0.47405039403004284,0.8219588322503815,0.6967723164285939,0.14053757957255786,0.5961357040852286,0.9240145842490666,0.20662977076780417,0.8937048064906379,0.4653603759173498,0.9103141743537004,0.07769622108461045,0.40510183586826026,0.7383111355972017,0.8076179797922639,0.7714905391848439,0.05586878826099029,0.4836709260762954,0.007127371755332942,0.05782359249818326,0.10690998177251318,0.5497744459149554,0.021053022533634176,0.5998910800211927,0.7895824281917425,0.42417124142803303,0.04815070678394673,0.43866916621128915,0.868269194751569,0.45298495930422056,0.6692338402525836,0.0027144970025095305
0.6113498625489695,0.9360141615850408,0.8761590446214118,0.9725207751176261,0.14066633617882474,0.6766793837506009,0.9319580280699392,0.21915177664592128,0.9321643735432104,0.5204498309325493,0.9391328673814938,0.10786976405657242,0.5046940914890545,0.9584755963910018,0.8660786204665709,0.9906131316346212,0.6267229558399133,0.6519018396744489,0.045406955463873966,0.0601893408880582,0.05238450959856607,0.5174403688637821,0.013789584335837657,0.8456441847050178,0.09073099514189764,0.07553425081924942,0.03302417726350704,0.42162234150023875,0.022344824203477477,0.6195241760365731,0.9395719821768251,0.015582321819017033
-0.15238737925032603,0.46615833995578204,0.8474021123491142,0.7112978925765404,0.0880412898453985,0.8309915672513152,0.8876778987288024,0.21625437451325924,0.940334108736789,0.9158510893317112,0.8810641380868344,0.10577482618878098,0.28619057386251306,0.8247006108991934,0.8041958214185286,0.8303100056770178,0.6723358900065279,0.43174000276450974,0.008226134871572477,0.04232832087489677,0.035847192671160204,0.5879191529120047,0.05939919630552498,0.8458789352716201,0.7501052137389365,0.6152601763132513,0.0810958131426541,0.24289358121254465,0.7445995018270228,0.08815678601330942,0.9355893150569898,0.01841866928518376
0.6088574657630563,0.9554345279774249,0.7119367496679048,0.9081097999978004,0.11320199861416178,0.9185723518762509,0.945396601295644,0.20875732988129286,0.9098669406610423,0.5143007099806324,0.9152319288107584,0.1084443581704178,0.3843195723992571,0.9595052256870444,0.8547107053580254,0.7861934454031786,0.07992460861661438,0.9896758383775421,0.041875337352628994,0.010460382981730364,0.0630552050045345,0.10583516237833518,0.0262811631680141,0.8470387510092886,0.6304776923703346,0.02627210457675563,0.09076953361465157,0.35850771290281414,0.7350410631657152,0.360916491247363,0.9248312724859069,0.017321412957485127
-0.30376379917241203,0.9045643933125687,0.8379235062253224,0.9728589554465825,0.14063705526098835,0.9293861377916067,0.9113169118707549,0.2053285172105987,0.8819048698170999,0.8794320977193562,0.9064601960362004,0.10733299951357712,0.3304039123045673,0.9403004600770997,0.8625266646534052,0.9722398175026108,0.002070724827772541,0.6432702566095951,0.5276597284816685,0.025912785976068088,0.020555175487491043,0.09617928576474621,0.04361169918682422,0.8462957713540986,0.7632410819228045,0.018386949050717638,0.14315552503239964,0.4064670785076572,0.8554904418642703,0.9555486870882393,0.9538666027367957,0.01877938405491682
-0.21282869897792753,0.5414773685549727,0.9047550571043252,0.7276630037698794,0.002107082148412376,0.7031088342643076,0.9123190711494173,0.15926365210849425,0.13956421209059033,0.9044193970096582,0.8980846874129099,0.05517126052500959,0.4850099760678917,0.985933689267255,0.8648467863128615,0.9718443016990493,0.46742756881221537,0.4164552989947508,0.005391108335248751,0.05844423713399913,0.18598260977809056,0.6007587811026899,0.049654575993559324,0.04937344826153056,0.04167273277367495,0.7411257494482958,0.01489092166000397,0.011615446711267241,0.8533626497626969,0.009761638816503639,0.2662056047928666,0.9452279263120158
0.5798838326280024,0.9935389877394422,0.9118670744933599,0.8246184479607599,0.1417813823985036,0.8049158703102716,0.9241111537536618,0.21830509000706674,0.8823569510039211,0.9608245394960213,0.9246381726677356,0.11679696147915837,0.3830363077331499,0.9585148983898345,0.8458817056607241,0.965219999891251,0.6509452051180993,0.4132835085507949,0.47670801210221336,0.019161376705830367,0.06289040663189747,0.006794248035529082,0.043416876819410415,0.7878588148886593,0.7537901207497391,0.10032000134466573,0.1449523071006791,0.5898423857188771,0.8520797476668549,0.8518091260733286,0.22988840660099352,0.0013840902767340325
-0.250362638758466,0.4720608766349182,0.6385088521830999,0.7506566473741604,0.08810289458178938,0.8269944530390869,0.9054229157184533,0.21625437451325924,0.9153904566003129,0.5097531494727289,0.8750278048510697,0.09120645939380519,0.3099935597630659,0.8254310524045781,0.7880172193680512,0.7893032289337081,0.6337552177727785,0.7458621327304508,0.16372115503965298,0.0031823509966924547,0.02233496315448856,0.6200703151226731,0.010226618069135066,0.6919197881005318,0.8035252301239457,0.08313136470090127,0.006540681081941519,0.1755520073430643,0.1700759775544045,0.047204212352218895,0.9358624861063567,0.01903874617815875
0.10263977179068173,0.9799207956004714,0.899372580763853,0.9401246932551265,0.15970107562711533,0.7061298053594748,0.9219941561191043,0.20883703702429351,0.9345464383236539,0.458590132935387,0.9111046316312266,0.10710789935915038,0.49770992710508566,0.875637384441576,0.8021869284899861,0.9089608202351168,0.5398461845720819,0.8801925845691214,0.0069488767993483025,0.03530191402534674,0.05285705075821501,0.5917985588818293,0.03560162371447216,0.8568432096467056,0.9143597531883578,0.15430787135813417,0.08776916753497864,0.6186239506901883,0.13170152105761485,0.4296762325566591,0.9159208418218479,0.0012956898129955485
0.14597531599109248,0.9963648919166772,0.8381841783898392,0.9994118861706817,0.17670348164844274,0.6567326761867451,0.9188962328685291,0.20389861825887787,0.9156223566900493,0.665759781951438,0.9152346453108633,0.1089687476228792,0.3866034208203227,0.9483616640753784,0.878715821039959,0.7615035292579477,0.6759186350043093,0.7683409537291571,0.04627230563750789,0.009169770417405087,0.053203978174498914,0.5841510645223968,0.020414982378204258,0.8468979450917875,0.08316395148192737,0.01672536507977901,0.04630012274139224,0.35398071719262303,0.027968125825166064,0.018554500909032462,0.7578397392945433,0.011823103994780527
-0.21188931982654008,0.4735414660399864,0.8458223268278681,0.616795379945823,0.14029648397480646,0.9887098511080298,0.9241719044683938,0.2071573713290329,0.9129460157475032,0.5114696799749205,0.8878502354486089,0.10509739754672592,-0.5478359346787387,0.43267529965500123,0.10663772818441603,0.7645944969432305,0.12876230624822715,0.5990278168457522,0.34455851167189955,0.026811208211934855,0.06321748050502152,0.40333071267229104,0.013625403299191752,0.6839101588464989,0.04999347136225163,0.054660527705645834,0.10410856401442076,0.1653807556554206,0.010441058071546959,0.14267905234630165,0.02196357344184008,0.0011586733019478999
-0.21137897515682436,0.48575882489744227,0.8056136607948303,0.7107387238825241,0.07964891360147937,0.70615718378732,0.8832891965916674,0.21812673778751845,0.9402154634877168,0.8987594481675123,0.9104134703704717,0.10788829608522126,0.33583248402231014,0.9848516866569375,0.8551547148106846,0.8665024396016199,0.23728333071982027,0.8058853634395774,0.3234781152406705,0.01263696787439638,0.03515866532105976,0.5587493356567773,0.021491997019131594,0.6897399387097908,0.08395293715588747,0.03437390255063426,0.05422241505085896,0.1753052531533314,0.7701860757097226,0.9571620729959051,0.651018823522572,0.018778661808206303
-0.2306885482198697,0.9414454986877583,0.8394806093674173,0.7501744459308967,0.1629816623922984,0.7062116058825356,0.9274170771790612,0.1995136036341163,0.8874543440585277,0.9545982536109331,0.905677890102616,0.10512131849120376,0.5416934089952279,0.9030550127277756,0.8627893237926936,0.7237238637675918,0.05405295823557826,0.6876258433736169,0.31947128535446434,0.0249341876103149,0.027844387395910164,0.557396213619264,0.012062998048523725,0.7241154554597036,0.0461653159460723,0.16179787352461583,0.34585969322028803,0.3285714197610424,0.8070567607765411,0.36891657839668957,0.8024481246475199,0.011365004190360184
0.07642444525732849,0.3422472261128912,0.8214450704391784,0.8081903765602396,0.1727653594693983,0.6777651181930942,0.9537413040068391,0.20663328470294876,0.8937048064906379,0.9510890120086783,0.9095967003113412,0.09955841810086864,0.4984384772683283,0.8427164116149725,0.7129977775201937,0.7623838211139667,0.008812289302997656,0.76312473535146,0.13981722664256463,0.06019833127715607,0.02642131855996027,0.4832006689489191,0.05477881892188627,0.6200678853712247,0.07438636349748134,0.09661344574474308,0.18893210327617477,0.4338823560297751,0.18824814103280169,0.4000085982692183,0.9071183457902916,0.0017583866210600357
0.59088701694999,0.9389789297150464,0.805396057152004,0.8444840600007375,0.14379123712349642,0.9745439549808528,0.9489171387815455,0.2051149759448806,0.8984129679272257,0.9282775186478985,0.9054664758832313,0.11881721070848163,0.2801732711789923,0.9846784288843835,0.6370537572716316,0.9737089947505803,0.48248704064044134,0.6113924149471542,0.16847396654453414,0.058192735204502265,0.8189273268126952,0.02044623530320008,0.0373041869681435,0.6273194125641578,0.6321002325540603,0.08384752440274479,0.0019511916915812832,0.39279565013212003,0.8234817811662638,0.9529391484891517,0.9910171689423121,0.0031802864772090267
-0.15252949054642242,0.3973281450769925,0.8981726130473777,0.7082693412249508,0.14066633617882474,0.6756907600883084,0.9267423142799772,0.2084819654254728,0.9147064516056757,0.5264980068022872,0.9064128728212486,0.10691305313628867,0.26870869249777596,0.9756625535856337,0.886403458358156,0.9798460238906339,0.2535215640609835,0.418205816278361,0.43687694168620017,0.04278407570668004,0.04414748136366109,0.48369187019414694,0.04380956634196566,0.8412489560823408,0.0855227447587597,0.08691957066390464,0.1452652335651802,0.42159904426490424,0.9125398724341286,0.03756356499445171,0.9893321739232634,0.01143517842812599
-0.003278322298217111,0.4144547799235764,0.8201881787392029,0.9555977773548238,0.17418269489750843,0.6451131016516843,0.9084626674836008,0.20587452437159676,0.8753118124723753,0.6605165627299938,0.8910546266267887,0.10952984728180476,0.30535489976566316,0.9854284112432115,0.8461135971210015,0.8409519282259537,0.10494063274157406,0.6209583921618731,0.4774566480289696,0.014369539920285859,0.04894231783530168,0.07315227335810534,0.04368994196269868,0.5734363979939733,0.21664306636506064,0.060818384197407066,0.1406345786647099,0.22338845730113147,0.7754267987808544,0.0004798954560448071,0.8256430177753329,0.0043336839919970805
0.09026221912306676,0.4852433475236256,0.8706655214644848,0.9454207860682959,0.04033121513960795,0.593480673454379,0.8887680976088861,0.20465427087766033,0.9312081351224153,0.7649161405287351,0.9062581346755234,0.960800393665221,0.5593448660474298,0.9119555798148125,0.6101232611512546,0.9735659810870473,0.04745371577177254,0.6770389002345365,0.2451552199229468,0.04124891197918423,0.004153450671951206,0.9905285786109321,0.007367395080689676,0.0012558559973887065,0.09520937088079728,0.09202640505749678,0.09646785225783652,0.031052082084531404,0.7798446547686313,0.1601019790466429,0.6615948223956215,0.5714577636589693
-0.27228528533444357,0.8458196140288938,0.8999505136826603,0.9826403484035152,0.15050613982388783,0.8842558694718019,0.9495720316468551,0.30985991216877506,0.6154065830753565,0.9467895484175153,0.9412828999413231,0.7506719668609059,0.5074095718504239,0.9858204973187599,0.8607927014286137,0.998018934913804,0.8643059936782564,0.735064372438029,0.04495455573782911,0.060563023346737035,0.2149395605634143,0.8312225434421457,0.046315980681481794,0.5731867439498682,0.742646572356479,0.011184155998702934,0.14578383437952375,0.46625720342924465,0.7946077862410685,0.022192483203365525,0.936951061239534,0.5467022604391603
0.13273686298678794,0.5070265372132791,0.9055041206357289,0.9910417796335883,0.11397192012173742,0.6810775150211539,0.8757183352041042,0.20876518641215083,0.9143891087369813,0.9537560505104512,0.9152319288107584,0.10580539050964981,0.5894095207653683,0.8470163853834576,0.8796440886441724,0.9979161442750013,0.6757916140586759,0.9775890432935979,0.37006925733405127,0.010460382981730364,0.05285705075821501,0.10382194819034385,0.02035210836229066,0.8354852076419579,0.6297381394741979,0.026563334032718107,0.18554290705411244,0.3574209706886603,0.07088516160010433,0.4209272457944945,0.8933333181993249,0.017321412957485127
-0.10704642216931487,0.7888904434465682,0.8406568483477549,0.6209778299801887,0.16138336774186218,0.7144277245136668,0.9312206763778672,0.21222014298713807,0.9136240008446992,0.43889488690510736,0.9148341112414552,0.10603868778323042,0.675911240551747,0.8583366538506262,0.8589538855864485,0.9652848651844054,0.5180901708195811,0.36717395997494323,0.005160955400513673,0.0037808932120687033,0.0433096513139224,0.5683110753094421,0.021211209376261166,0.7083562472303188,0.6679029945268133,0.09719061564405874,0.016536477768205673,0.32472700303567503,0.8472019152442016,0.04591986282316457,0.3238848488014614,0.0005982076172005378
-0.2097161770446368,0.451279337721196,0.8481910618646017,0.9554974494040097,0.07784961581798795,0.7066072844663648,0.9175440265554607,0.22049869141576145,0.9443830499926748,0.7053372030565139,0.8518235757657188,0.10624587560214402,0.33638280667846926,0.7479590711551688,0.7767052331178215,0.8326121628627228,0.17243990828268685,0.8953596580168978,0.13919970195802928,0.014265194320697245,0.04828252576267962,0.4239200762481525,0.025004963868025212,0.6989240482545325,0.1519374124404948,0.015053450554577026,0.10184643763605439,0.1613437701146682,0.7380192340289636,0.4767656425452203,0.6675459871443081,0.01855824302558995
0.609675031259094,0.9606101782846468,0.8201107545437194,0.8671191689902066,0.14063705526098835,0.7012970931009236,0.9052659364126757,0.20364686532474158,0.8814050387690179,0.9559417344929946,0.9413344109441485,0.9667803832648403,0.30178797940610075,0.9867602212174371,0.8625821890855531,0.9944895712014183,0.03867904465701616,0.7794115108578002,0.5445875494304317,0.025847738478684434,0.20425513253307098,0.10942401699331655,0.1063348520784847,0.8460708310421813,0.873484097734566,0.25227054417362077,0.25104580412356853,0.37815346471137223,0.13746756985572656,0.8855806783150618,0.31614172051217815,0.03821506366933351
0.008261937884297119,0.4586626686923168,0.8588489780123619,0.7082693412249508,0.1414678816498902,0.81353396825424,0.9093784541152159,0.2079666680367156,0.9371652064259214,0.5362847368001531,0.9063389395158974,0.10578433155162296,0.3471730592593989,0.7390068069766766,0.7934513661280802,0.98990465787484,0.0013738501301527872,0.4050599854067152,0.01781839945539059,0.019536012877975864,0.027939416167467146,0.5174403688637821,0.0009368883924799933,0.8409112987054951,0.6253544988149166,0.07508839477997824,0.0038896430278205357,0.42162234150023875,0.09899371809693586,0.07853308075290982,0.7057216339093002,0.004116354409541178
-0.5578293368000283,0.949321274591253,0.8507653029630042,0.9456859728946266,0.158199770526224,0.8830162705873303,0.9498902546151614,0.2131833300019582,0.17499122290691072,0.9044193970096582,0.9138681605271879,0.06175981653658949,0.48380453306767884,0.9862413671023462,0.832514305605503,0.9721445696740797,0.537400196071155,0.44274652083681554,0.03455161358938713,0.09871555574478512,0.2115439022549295,0.8454660594249451,0.004469653442504662,0.018115834541059417,0.963180610909187,0.7272737419360251,0.08612705681683235,0.013052799237156687,0.10719184432871555,0.12231257783285847,0.7095810756346022,0.9473470602208465
0.007905609775127831,0.45810062613901,0.7762894571410719,0.7501853934380482,0.17188430377798125,0.6903518640491364,0.9176088532301742,0.2161695127653786,0.9024316466142118,0.9127279962710904,0.9184573299608896,0.13519723117001803,0.5330810348810536,0.8299466220983467,0.8016590869322656,0.8388234197039859,0.6694755813093799,0.4960560751462722,0.022424652555859598,0.040803470838228315,0.021807471440771383,0.5658188139124977,0.01674832199204837,0.8465996820576674,0.8181910429895808,0.008874008426625911,0.12141703110356475,0.6364412116418006,0.7802927873116656,0.4297747241658858,0.6634559706009395,0.0200451429827404
-0.21137897515682436,0.3501372880767008,0.8349287971896661,0.6709437906829412,0.06248846475825223,0.9806378092455045,0.9240996633185625,0.22229215614910397,0.9170353465232255,0.691779403348876,0.7920380045956755,0.10446682931384672,0.2315346115774355,0.8207880021927305,0.80743553033692,0.8137612854148977,0.10321615198076245,0.05773329585599796,0.008963714806312223,0.012355246652802465,0.0017618258979388776,0.05962104676085371,0.03875652708633187,0.7088569729710309,0.044618107726979606,0.03942830729912901,0.054685190979543,0.16118779812434872,0.7791797413123047,0.42392590097416727,0.7968153633401774,0.01854801417313197
-0.588931661711742,0.9569944195497162,0.7291340640639022,0.5832700953325346,-0.004495238710997135,0.67436637631079,0.8966213493751541,0.23513986350240765,0.20349942647829836,0.03804874317135398,0.8792712406540225,0.06333675574311676,0.2422455114485244,0.8662257580571967,0.832472514365995,0.7580466351654196,0.09672072277076527,0.41582336971423317,0.046535850913403565,0.05011714123974979,0.05600751334291307,0.6607183242970113,0.2621080823513226,0.01994848507072461,0.15966879381185506,0.06854687741940517,0.03298663613978371,0.009714430528296292,0.007087885774786411,0.1205287703654768,0.2298588060952335,0.07416141395658071
-0.1982565082139714,0.4706501175495538,0.9450357233008705,0.7545473018860838,0.232372116595918,0.992527648611622,0.9243312724733609,0.961604584219929,0.9130480914183019,0.8975374522099084,0.9110307492205281,0.10510658005964367,-0.5142561112368884,0.9811419828171554,0.8565382617362312,0.9645869154925715,0.6805953573365784,0.7114174124146578,0.9862788663701214,0.09061879391794482,0.2278483646261652,0.5878440025979412,0.9861426502838446,0.7489030569886506,0.7335410285188206,0.10587585011642003,0.14779144501287775,0.18069584893777446,0.06125378338500531,0.18541220606753725,0.610384085251888,0.012758499183592136
0.35020432504205923,0.9493297411794109,0.871843042571228,0.9730708820835012,0.3459197481739543,0.9820222412954781,0.9080370472002317,0.987191387425941,0.5237515275809534,0.8735709401146077,0.8003998276208896,0.946855698133347,0.33196244661794694,0.8524892270493122,0.8747838165827756,0.7885484061517827,0.05398488923620626,0.8370877064348758,0.4064107345472584,0.000909148327921501,0.009531956122150805,0.7274058158944479,0.043498850000810045,0.6261010052412755,0.17691158783446398,0.07587034045181357,0.14997742402820696,0.07963838488527569,0.7962373663953276,0.9013878585462691,0.8695041162795475,0.0492191587511042
0.5037487909135769,0.974583638684005,0.8974042029391841,0.9881835639262074,0.24945375510046197,0.8010671442894667,0.9792124273147498,0.23979900772746945,0.9217487304645966,0.9467895484175153,0.7899189817895569,0.9663516079016744,0.37460477039277806,0.991293198284195,0.845235633658308,0.9916072024444427,0.6908881355344612,0.37635978365885986,0.6476564370255723,0.027077161791799538,0.18033700077087392,0.9962153182357827,0.02942096487612109,0.8004428562766529,0.9252753692324416,0.10174799901307893,0.14456170203148994,0.30181367401421966,0.7988932455580106,0.06073650846011914,0.9713260557335044,0.8324250901894487
0.5940182669174245,0.9055501314971542,0.8360516586788945,0.7564482827387636,0.15153336894312738,0.9577980154684594,0.9113169118707549,0.2053285172105987,0.8810884541815306,0.5223624599004069,0.9107821524992414,0.09385884541838554,0.3422752422368413,0.7251938291342594,0.8174892059978468,0.7842918445568627,0.0031772872240451444,0.6479656040639471,0.6099399959108164,0.025912785976068088,0.20385532614419855,0.12234685411758603,0.03208790228479439,0.8462957713540986,0.9389572534537636,0.01745957717342462,0.1431292162346462,0.4064670785076572,0.1457588970663432,0.17404684741895488,0.8822393870115728,0.021041426454750052
0.11377050197086139,0.4582023636385281,0.771580346889182,0.7891607150181184,0.14141863038898547,0.6665715760989332,0.888210036154156,0.2247293490235585,0.8796175629902002,0.6344015732404542,0.9079494037712207,0.10768816849439282,0.36280491758325767,0.7294348418797574,0.8854923735766702,0.8667960978505661,0.7074759715870715,0.7096850057478797,0.054073627185268994,0.045353514389356586,0.06018103884714483,0.5728719757060592,0.0014329345176048898,0.8502326239657636,0.766992259338809,0.10349126790782678,0.03580966146530871,0.3855095895801597,0.6020404321579145,0.33679665600757464,0.8067046141444323,0.003331008242714124
0.30513031916047045,0.9978245843791724,0.8996897465655525,0.9596468087068691,0.14552849689675465,0.9995885900848976,0.9227732771837699,0.20565253322468097,0.8750562446394241,0.9216743174744146,0.9060030783408753,0.09932296965272952,0.5077927667506461,0.9636558053383557,0.8209735771176004,0.8032200331990728,0.08417041744804621,0.7776760438326265,0.48694203909032824,0.05398933324418679,0.052244361210387946,0.5916087504601422,0.030137343793617294,0.7827232407477219,0.7739354667066513,0.04003009521443697,0.08612894620159359,0.4359193479699201,0.8466759034759938,0.9544707570762682,0.8966274215749958,0.0185517519050433
-0.20065081753585273,0.40770937129471296,0.901550563405832,0.9681671554029793,0.08156972760185084,0.9623396887321186,0.9181760360272555,0.21741738501007418,0.9179434731811658,0.6601546817627548,0.9049014686258304,0.10756382326953176,0.4802209163406672,0.9540959820205911,0.8193384934439593,0.985455945213014,0.6891671582185336,0.43632055502138434,0.37258273535692243,0.09749742600655745,0.22468362405742404,0.11902269074276757,0.9629626293429836,0.7907547123429891,0.8471558619717849,0.005834366590397266,0.2746892679187529,0.17458042928890447,0.8685689825363359,0.9837274821924852,0.6588127341195756,0.0064759068154618665
-0.4323391875668275,0.5405922754991505,0.9023841760725133,0.9393234645209009,0.07952676819159492,0.7040418641902306,0.8800267074615431,0.22196679607856842,0.20031597258871459,0.9029703676850971,0.9092258830562244,0.10572265619881334,0.48380453306767884,0.994419949648468,0.832514305605503,0.9721445696740797,0.49959459334211737,0.4164552989947508,0.07613456868538193,0.06746902781208855,0.055742710889268354,0.48120351937690087,0.5398669153895898,0.01994848507072461,0.9705236032653604,0.7408819660365896,0.08612705681683235,0.009714430528296292,0.21133875135191638,0.14172094017559192,0.8989228109323966,0.9060365812659206
0.5961643041956735,0.9356020800337039,0.8761092308147904,0.9725207751176261,0.14066633617882474,0.6757552363652592,0.9241304934368667,0.20776282891982573,0.8947343529405717,0.5362847368001531,0.9391752987558671,0.10396467449708514,0.501562771066723,0.9584755963910018,0.88795457358957,0.9984062673154316,0.6279909782397386,0.6519018396744489,0.17188347170498022,0.010686492900690747,0.05990038091967856,0.5174403688637821,0.054585383923702824,0.8487505844654482,0.09073099514189764,0.07553425081924942,0.027975699095506568,0.4051018915593623,0.1426488191590481,0.37716132783762113,0.9395719821768251,0.005294381724002358
0.09693176457922684,0.8596913669553041,0.7700055189012908,0.7466490782340435,0.14077036999126075,0.7093109523167539,0.9245146794180545,0.21626985159408088,0.9138653193829102,0.5205433294398987,0.910303670890582,0.10386532402606996,0.27734679080733315,0.8170025957325672,0.7981865131082716,0.772295269605941,0.04558432457406207,0.774443258496781,0.0009747702008122139,0.01125293878170474,0.08663574416271487,0.5570746514242098,0.0060823316314683185,0.6070891815321245,0.024530827340416395,0.10507261073967714,0.04637872964610727,0.31478685169583986,0.02552987440160337,0.952917483400742,0.864419286084237,0.004040991184634015
-0.22433904788069148,0.44251527045918004,0.7700162498240405,0.7584327595725565,0.075478429506218,0.6903458400185483,0.8051374924267501,0.22461530805607324,0.9385765648889117,0.595018206083978,0.8951954470349328,0.10762996013205844,0.5185234843986037,0.9824754289518828,0.8626587961663951,0.976838226817918,0.4945422992370023,0.6655311234324496,0.014506321939516453,0.11142397471691441,0.1335219643075415,0.5692194919293334,0.04531439899131805,0.7677136358223552,0.11699950688981464,0.4301495814347189,0.009807144861938961,0.1575195102521933,0.7374549382263864,0.14052149173641987,0.6830955097228945,0.019097173685902507
-0.5592706448626619,0.949321274591253,0.9116358737419855,0.7269064212692123,-0.02295356039879001,0.8833219274321046,0.9497704898913407,0.16790921491537933,0.6061358690055658,0.9599838944160629,0.9133138645806591,0.7690526400735631,0.49911754360418303,0.9873933994169611,0.864290990121687,0.9768822652993092,0.8603967356576547,0.7749523013637908,0.01990496757629403,0.0562357265856549,0.1553001936443703,0.6045337498667834,0.042693200143160755,0.02584318590893797,0.9574330553996544,0.027427834659834303,0.042736243346315386,0.008970846360787252,0.8533749412676265,0.34085182270407244,0.9744672215583441,0.9367077333159941
0.003384022166966108,0.4932565568883586,0.8270968847767157,0.7104032975642645,0.1613450103831355,0.9855103191648298,0.9091730086194522,0.20870544833119548,0.8928726169761799,0.981304653983623,0.9103906884342681,0.09412302548130316,0.3352353249953266,0.990545260047346,0.6770559883952871,0.7677661242707403,0.193693818952606,0.2664866279289376,0.43582098947407844,0.06019833127715607,0.03169887310960236,0.6367127419029923,0.5690792089929304,0.6199319218523004,0.973105401112895,0.6810666502445293,0.09182183408047769,0.44703596912705246,0.8501081043667851,0.07963746955061854,0.22867270356570077,0.0025048403397918344
0.22607266946159255,0.9501863563511759,0.9000661511473432,0.9705040347511489,0.22375434397242538,0.9912783317160383,0.9264028660386614,0.12844243198228605,0.9013908647782534,0.9968894777824849,0.9175260492176937,0.9471805147860332,0.34898447812704747,0.9960041941545144,0.8068120909790201,0.9734535629070723,0.6755528317743997,0.8248604714939479,0.8367406544990628,0.5110302292564236,0.03520763192381187,0.9351488471225843,0.23079252465139882,0.06070998529872862,0.7701594175999642,0.07952838214821958,0.8228601905447492,0.4491117521435197,0.8678213030520376,0.12373596285001542,0.7159867725378706,0.936279877982664
-0.284736187015981,0.4121871594496754,0.7683980423472319,0.7499157249601004,0.07528654301612744,0.6895134591107359,0.9228819142752287,0.22393787838761778,0.9432137812334108,0.5941908780662052,0.8951954470349328,0.10762996013205844,0.4935348165699184,0.9609484623090937,0.6934418513585979,0.9686015432560581,0.4945422992370023,0.7140620667531926,0.014513852334426416,0.06073776502521045,0.20486508784305735,0.5699228416383229,0.04376039486212151,0.7677136358223552,0.7825813209248296,0.1837754584718479,0.005366674491546798,0.1575195102521933,0.6921802340666536,0.060980400403844115,0.6830955097228945,0.019097173685902507
0.6257495235206454,0.9078665792892354,0.9004291278700675,0.9681125461188884,0.16545939574283364,0.9578106673145905,0.9736308605726061,0.21680085736220556,0.8810672345059896,0.4938920408595924,0.9308615312904366,0.09385884541838554,0.49743880947647373,0.9253644735788763,0.7983853224728156,0.9439117402622396,0.8509197852806875,0.6487490245805163,0.47220953509759206,0.025912785976068088,0.6043592441124989,0.1138477966432262,0.03208790228479439,0.8462957713540986,0.7632410819228045,0.01318340860901427,0.14331609866370507,0.3031729948097264,0.8835950145354037,0.9732721204025716,0.8822393870115728,0.010388287009963044
0.05989390809230394,0.4659114121556227,0.8652698767554262,0.9125434444998791,0.16930422270268758,0.8885559972987782,0.920871810793153,0.21825394291290812,0.8776671230600368,0.5759020806404671,0.9148517134339684,0.0919831186358318,0.33615686427936087,0.9979399938893019,0.7660005004954921,0.6927026502696533,0.4874441329263258,0.49250971005522426,0.022143618273440663,0.028738319374372705,0.057164678087877764,0.04619893040796458,0.010345707364272216,0.6201457298141351,0.8561455387928376,0.030071536428227005,0.028037639063044538,0.4697490574336387,0.07130263954891826,0.04064105712356425,0.852238495961638,0.013450774796286955
-0.561611834815084,0.949321274591253,0.9995750464752251,0.971213839188588,0.13928455298103168,0.8830162705873303,0.9689603086753193,0.22317909708187153,0.5348347567506954,0.9659291371942095,0.9287947481931833,0.0003791828210466322,0.5032015813843396,0.9862413671023462,0.8342107483158362,0.9721153539533728,0.5444220527023772,0.767029094138076,0.07819577443224443,0.09989011078754291,0.6071550029376068,0.5706479212848856,0.03700493959263019,0.02433428205285886,0.9705236032653604,0.7340109174297131,0.08612705681683235,0.009539730225810221,0.8819635527757663,0.10577544831761762,0.9391796094703855,0.920059239994522
0.5940182669174245,0.9510853044564155,0.8673147405315944,0.7564482827387636,0.15153336894312738,0.9577980154684594,0.9113169118707549,0.2062918886445745,0.8810884541815306,0.9325869566202831,0.9308615312904366,0.1039142535549984,0.344282306830077,0.9788428660940831,0.8174892059978468,0.793589583982874,0.0031772872240451444,0.7825343640579812,0.6099399959108164,0.026848174872254285,0.6043592441124989,0.14593150287606435,0.03208790228479439,0.8484212678788136,0.9389572534537636,0.01745957717342462,0.1431292162346462,0.406218119526839,0.8257057628367757,0.965825318060896,0.8822393870115728,0.018765632542413292
-0.25652868057420974,0.944858755637554,0.7700055189012908,0.7124514017951741,0.13134935524850663,0.9128297141666526,0.9255093726072744,0.20685314692743653,0.9170553569173483,0.503579272510319,0.8854948478414005,0.10515302782966861,0.5551813088812205,0.8449101298213617,0.796425958497308,0.9655893409063788,0.25091915386788016,0.7008028965269013,0.005921695193307817,0.011280332662623987,0.010740691901628683,0.549474953685175,0.021763058788414807,0.6657591160904444,0.6274257045912559,0.03612107814027113,0.08579618591292366,0.2940604940182212,0.8542065013140111,0.13493565973149063,0.8596263659048604,0.010336076129054832
-0.20587763978218818,0.4890891440526759,0.8381875056586934,0.5771397054771159,0.07754316571564032,0.7192516894874977,0.923182566223045,0.22238225909450224,0.9401258430694498,0.9170461169453054,0.9109160174116028,0.10211257501546142,0.33583248402231014,0.7844148008256229,0.7635444631361336,0.7411368942862456,0.13181161095301525,0.7626102237995814,0.006876180924632158,0.06294815492358063,0.052135363524822044,0.04321459836712538,0.016718586463212195,0.7232643366614826,0.7368931689399361,0.18925660401157293,0.0968033827247978,0.17524882166691996,0.843933791974024,0.9357712429383622,0.9323242863207079,0.01484253835949761
0.5973427219499974,0.8578066663868962,0.8312513298854043,0.9660686088291989,0.14145925579221735,0.7881643185572115,0.9318932490701086,0.20452079742140544,0.8831676349664099,0.8818930870696464,0.9228057002077837,0.10850267787200317,0.30094114732464466,0.9826186503346441,0.8629562839938707,0.8347921086680584,0.8511002422627886,0.7155194723898678,0.3838701203175333,0.032921591653754786,0.20261900201996763,0.10631637236873545,0.0685067387865364,0.8291388603787601,0.28915839530073206,0.10513345746910867,0.11177601621049342,0.1616418942180861,0.8429241349281644,0.9713198366933474,0.6785557587134843,0.001568176089690794
-0.002980166521832639,0.9351922000976329,0.899475530067875,0.7501847785522826,0.1592279453317046,0.6745167659223895,0.8856018067174536,0.21773127492924269,0.8878532690937735,0.8660252159491248,0.9123579492718477,0.09382497105172873,0.3772635926381411,0.7310077799071518,0.7516710528604369,0.7855748448902702,0.4467779197605627,0.478284840640764,0.1463655382166737,0.06019833127715607,0.02834661965332963,0.4958986942826581,0.03326452254247386,0.6200621565613211,0.10533615832860266,0.03486526098761327,0.14444086917498686,0.4428401495929588,0.8112644051306541,0.38623789621435933,0.01044866371036507,0.0027144970025095305
-0.20177785206888624,0.4940368814236203,0.8885995235247959,0.7375618611711939,0.10148339037806435,0.8731922106594542,0.9339025379242145,0.22058064989225692,0.9407561635029746,0.8790675657867553,0.9303185342926492,0.10694047957519909,0.4999492498575723,0.7431260091291658,0.8557727056784192,0.9895072617247782,0.027932868343599038,0.8522588669992148,0.40027591234996585,0.04804973701124197,0.02617215496328791,0.646412842595943,0.06716242468571396,0.6341897296239504,0.10227102401072807,0.13592032488656178,0.027563052376368954,0.314559165885101,0.9572079322243457,0.9572523379073434,0.9017020705325347,0.00825524097995392
0.39490349304827155,0.9560039330337256,0.8381841783898392,0.9877978219797762,0.21335984097281985,0.9925548992045846,0.885772003183376,0.2066568262686583,0.9140319897021637,0.9992680633287522,0.9237492330143707,0.07735895886007399,0.33659092609894486,0.98751504825695,0.8464143322862746,0.7696264970187013,0.6807286944327318,0.775785074512557,0.009026311507468798,0.05455990496744576,0.008519734802400127,0.012895516726424971,0.030609171184902414,0.8433585224429134,0.6312913055519226,0.026563334032718107,0.03743794967015152,0.1620378869767608,0.047098140692018176,0.43675205702123826,0.9015539339051424,0.9960909678101615
-0.4282185403055291,0.46015770510257903,0.8169432985779072,0.939127852964843,0.0791938349519211,0.7026400385903259,0.9227673661214911,0.22240177723344834,0.9195878363045069,0.49657179197996326,0.91137929330876,0.1075937466506574,0.29887927507103257,0.8837230721524644,0.8549497026279393,0.7985439611321702,0.10948947025466255,0.7821420019849633,0.5542553850044836,0.024569788866408593,0.004719291514171907,0.706413637509424,0.22534349132343287,0.8505546996812055,0.009903560168808168,0.0400338750300951,0.3289810416066321,0.16683660587123886,0.8794973453389395,0.07434794555638852,0.8813684241481341,0.018422276272068893
-0.206445149641017,0.4757063097896518,0.8519215409027254,0.754355866875893,0.16131724781061144,0.6386248220958753,0.9084786233922679,0.20660389028002463,0.8930844351706496,0.9833374425672985,0.9103297189941063,0.09382497105172873,0.31886352856175143,0.8429720584437265,0.7611998005182528,0.7111000544414895,0.590528784894231,0.4830056865209184,0.1666138913483676,0.03344918559524328,0.023897722918558822,0.5580266899423952,0.001626497934793629,0.6199319218523004,0.9679939440477242,0.11895893346927906,0.043550151665186235,0.44020643843698337,0.8472752919662943,0.38654664701385866,0.22152847599513087,0.001803004480479748
0.09051426214271485,0.4887369131425594,0.8217245258168034,0.8045448366001313,0.17006234114463703,0.8572579387131297,0.9192373679142214,0.21321407102711856,0.9516350420140255,0.9946958650988583,0.9102530340430758,0.9769722430710949,0.34420167290287507,0.9646503254362195,0.8101044945954881,0.9627401434423971,0.09527963937632067,0.6394009102565699,0.5486590548093004,0.8666128126874322,0.014638351045947545,0.7216397034333137,0.010284904910334066,0.733315541838391,0.6677845994678143,0.06656812038481862,0.17823574511434243,0.15880383447636315,0.876098172790996,0.8710435952318532,0.8945757196627881,0.03533634900088033
0.630407249855163,0.9541673268671689,0.9118670744933599,0.9681586785395503,0.1417928297411681,0.790507399913343,0.9241111537536618,0.21830509000706674,0.8822803982572156,0.9608245394960213,0.9246381726677356,0.11679696147915837,0.3830363077331499,0.9552580972484216,0.8462776135428386,0.9851244149529763,0.7123570210266627,0.6449535093311016,0.47670801210221336,0.019161376705830367,0.06289040663189747,0.007532888755559103,0.05846017054008188,0.79078547400185,0.989307346201111,0.10032000134466573,0.1449523071006791,0.6069484930482985,0.8520797476668549,0.9474095810977277,0.22988840660099352,0.00046778171146394376
-0.058748583809719784,0.460840695275611,0.8372765780586225,0.972826526199839,0.06735830579189175,0.70615718378732,0.8699287071992514,0.22008523603015173,0.941164953964667,0.9116867643751136,0.8969833661276251,0.1125876590536182,0.4726613838055995,0.9754631186882855,0.81663391085673,0.9793159205031097,0.6186605723006336,0.7061391464823816,0.07783620451351578,0.05628544315072359,0.053896605330170905,0.7065621699456892,0.03616034099853488,0.8544652415381864,0.6055687992448198,0.0967832210290322,0.03853948370305329,0.18271657796102164,0.6192729944260487,0.8963736391203798,0.7022165141964388,0.009822924716446227
-0.20656761002026847,0.46310368838717536,0.8373549722183614,0.9725136046126339,0.13151086789342625,0.6757408404290371,0.9159523234552409,0.20636713820062136,0.9400690101778486,0.531830947424293,0.9149110507846291,0.1057697938682549,0.3439134123956837,0.8519282945926514,0.8640591936843377,0.795360691188674,0.025816284569790182,0.3997533466235717,0.48617408287909214,0.05954273356162395,0.010361818333799185,0.9211631085849649,0.05059653206935151,0.8618209944832098,0.03325229168616595,0.6061442381973444,0.1701852136299886,0.43459714099632,0.12845907067832574,0.5854950059375298,0.936477724096927,0.01593896821517013
-0.195064501289995,0.9522830956824524,0.9983941590067833,0.7267837144794844,0.304599503713709,0.9829479715930459,0.9548170500171503,0.953706115242598,0.8663861300095138,0.9707686325361458,0.9070908970860946,0.9160823523236156,0.37908544656698107,0.9851977294988323,0.8071629536157521,0.9111926773431333,0.7090715532966423,0.7796358373076766,0.5333622375203998,0.025181545401846417,0.21741980555347334,0.9236225226144112,0.9244081325249963,0.7316073492665599,0.9264554132192679,0.19049869830514518,0.1716699963354344,0.3827920442842914,0.7780653354184549,0.5893403716150336,0.6889698189158867,0.005205086671808384
-0.1812239167761028,0.8803128511757607,0.8227409147072491,0.45950882436671037,0.10211033019253489,0.988191487423867,0.9170969807843434,0.7757471682680865,0.6154065830753565,0.9467895484175153,0.9412828999413231,0.7506719668609059,0.5178050383424061,0.9676279912052733,0.8607927014286137,0.9974068165075024,0.15779515831126678,0.7409195442957794,0.05225910233541664,0.061781223862152033,0.2149395605634143,0.5061883162880935,0.009297122350821727,0.804763128361138,0.02758645792796688,0.011717530827150102,0.09612681411151025,0.2928595247847771,0.7956357146992624,0.022192483203365525,0.9829045413040682,0.564061859131329
-0.20848774229624958,0.47723348829257234,0.8714632367012464,0.6660964377596158,0.16157792759580378,0.7672441672282119,0.876075415403108,0.20570366521656633,0.895050666148842,0.9477150389485971,0.9128703815239365,0.08527591897363021,0.2959045026529063,0.9124625740489732,0.6620053342926444,0.7632244245446695,0.4428713516338697,0.5143071053394318,0.2234836530418115,0.026601951165642502,0.17722678651568452,0.9149703176661603,0.04563366940061271,0.7936526056770271,0.6951865180207999,0.09908707103279543,0.05480849949304722,0.36035549741712897,0.8123948027441392,0.3802901617170202,0.06215284823297412,0.0024844457752812854
0.5717831498702686,0.9477511124527437,0.8744010538504609,0.9698371834001334,0.18921544068205137,0.8767419250182205,0.9291899017648186,0.2389723859151453,0.22667883797447494,0.9126189309036641,0.8867566584411274,0.22041237298389904,0.5124368838903691,0.9758601033387981,0.8396304419123884,0.9735571301919025,0.6856298299759843,0.4639825317266415,0.6411176626237068,0.9143510554306902,0.03284501540358982,0.6825637793052851,0.010516789011478334,0.6811207069564524,0.6291864517471101,0.04973779883317613,0.025443500993579074,0.5972231728886359,0.8708398622978069,0.5739564772440712,0.8895402478162665,0.006057814277192042
-0.20966809089171015,0.4792774736057447,0.8394806093674173,0.7107387238825241,0.07643663308728899,0.70615718378732,0.9243880950238895,0.22251688925203097,0.9402154634877168,0.9198105702733775,0.9085150045035973,0.10513943839047642,0.33198112080630027,0.9862719774005718,0.7734777452513358,0.806728893226708,0.49226389430915696,0.7763317318147623,0.08773135183365954,0.012355246652802465,0.04721915382644728,0.5800417580655902,0.02681786323823627,0.7750259736083444,4.572872847385945e-06,0.10136497543580378,0.03357011789909524,0.1597116071725934,0.7022724298011109,0.4615518365976598,0.6702509445165017,0.018556759958187712
0.14976449688932314,0.5070265372132791,0.8378105160394071,0.9500357122261452,0.11220120384214602,0.9185723518762509,0.9484374369540619,0.2087596556316765,0.9632724356592736,0.9099581521236454,0.9058567795623984,0.10898116244120795,0.27983237790301463,0.9915237239357082,0.8796804083604823,0.7807066482559534,0.5165363789564571,0.7554233069431993,0.3625060966888162,0.010460382981730364,0.05285705075821501,0.10382194819034385,0.020090168711002894,0.8468979450917875,0.6297381394741979,0.1185173437602498,0.08638578487072701,0.35398071719262303,0.9842584282520801,0.360916491247363,0.8936295520427286,0.017322784680951307
0.5975940430562392,0.9077255916631332,0.9050062153618031,0.9709093929086315,0.13453111037637686,0.7109031452296888,0.924792675928461,0.20677021476311955,0.898729062619879,0.9620633439501124,0.9063489279323214,0.10917600965121951,0.5098492999278835,0.999572813332289,0.8610192798028222,0.9968490598277833,0.8389153195980743,0.7221016521061893,0.8205815351332545,0.04169172032009526,0.08724949876599858,0.5281305554086897,0.010719864691937843,0.8465013019334129,0.7663596263994912,0.06922606275780509,0.20230659724354683,0.3866982808826984,0.7706630281401619,0.9521639886624856,0.941349137016263,0.0015237693401698883
-0.286099434781993,0.8937419147771135,0.8859286849377966,0.7369728081110798,0.14281154480451325,0.8886256643953427,0.9189040435093825,0.20538999165093466,0.9383705100856005,0.522791107953797,0.9046843113154259,0.10577586344771553,0.2928324534078085,0.9648246690182284,0.8104359333417221,0.9738029363645575,0.08839948523770494,0.7770443236889796,0.5447410925844297,0.024299902011463866,0.008914025716868737,0.5208871634309861,0.10750706265420595,0.6870104276657439,0.9482596374004979,0.2879755369792381,0.007563877132327812,0.44513961248502343,0.9030027539639814,0.15291337606529576,0.9259631848479737,0.006513712746721223
0.16431158651480293,0.979663276239001,0.904185500607034,0.8848101832778982,0.14073303805881973,0.9751400853162888,0.928683787862678,0.20870475210899017,0.9164538395637221,0.9042710461694221,0.9149443443769256,0.0922844214915452,0.34487421867544005,0.993729758735624,0.8120496705870517,0.9723538056178608,0.6742803979004466,0.5525785300842687,0.5530575000857029,0.03325994510258108,0.04330004882802528,0.1154718434168269,0.06647357265534838,0.8126260333147459,0.7542593475557322,0.0958344501716752,0.012134742837721924,0.43400236873589737,0.8482377546123595,0.4381709617535309,0.9277079489307725,0.0015947996574455104
-0.20627263765966372,0.5489879483462381,0.9260467538643311,0.7495433291766167,0.16160028305768503,0.7058176525443804,0.9068524289079637,0.20794833287507622,0.9404448066163613,0.9411622078292372,0.9099002245012338,0.10395780181944503,0.3397238493388237,0.9847999143764892,0.9240369865128054,0.8059659918520377,0.6886915696233393,0.4064192172688332,0.17531423376206032,0.006577243609799482,0.04528363140462771,0.5876616764040092,0.43721688035587025,0.8496767311643995,0.9247223695032908,0.11580433274482782,0.16362249308522708,0.15970020028984122,0.040364902526170254,0.03310662906473255,0.8766308774884479,0.0037611053245517334
-0.6120938413989059,0.5746095848849109,0.9023841760725133,0.7279755501627813,0.0897021796365513,0.5971382701358667,0.9524077156708303,0.21383029555872962,0.8992934864412727,0.8807112314369658,0.9137817069622224,0.10850886592720914,0.48380453306767884,0.9870251762476561,0.8312732961508182,0.9702671591324571,0.5102157903842592,0.3892525747942983,0.4322026536428797,0.058098129396635466,0.027418472041797818,0.5858051539210184,0.020093310322668846,0.047266667542099794,0.9211986137077932,0.7563858568698759,0.08420047032125913,0.01125816322297428,0.8015480632518556,0.1769388193742755,0.26476213131329823,0.9776141736737753
-0.012222997615564349,0.48906283544673596,0.8516570156006462,0.7086828637080735,0.14839568754211105,0.9938706611360646,0.9238377176750432,0.21573434435744832,0.8884698937543908,0.6740530432787682,0.9175671235774145,0.09749245073193878,0.5404795886168892,0.8303314267098652,0.8085343619293329,0.9709917430743343,0.22844382153481868,0.5463044303950606,0.05393997828673233,0.048565977125686915,0.05594245929502788,0.907575520696031,0.016987709090275603,0.7623973552705339,0.044618107726979606,0.07561961983444124,0.02288263177309039,0.3522465662459724,0.9755669706941079,0.01840009347954183,0.8816027134020924,0.01854801417313197
0.5920586492646331,0.9638715020761679,0.8310623552142918,0.9728589554465825,0.14066822953850863,0.6739587685840863,0.9463773199046337,0.2233434567522332,0.9375854493428897,0.8810731185597237,0.9413344109441485,0.10793913041492269,0.3940327038854381,0.9752808663511955,0.8625821890855531,0.7842918445568627,0.7087953359499453,0.6432702566095951,0.5351421730572672,0.027255858575950823,0.2027273193670736,0.11206404419938612,0.04361169918682422,0.8462957713540986,0.6370144085047872,0.019275549590543634,0.030479150353827804,0.40784444334455083,0.7668687913871703,0.9555486870882393,0.34848935242417317,0.01877938405491682
-0.2835069419101197,0.9635126140348793,0.6650619449205306,0.7466490782340435,0.14076641674919174,0.9188583900229698,0.9286834320339387,0.20500811561742466,0.9138653193829102,0.9669662647180219,0.9038400186618719,0.10581397663897962,0.510786379307447,0.9809537225372914,0.7981865131082716,0.7789307167340821,0.01711013752330287,0.7629025009489161,0.006954724592492625,0.012394897824998238,0.011169178036616437,0.5568719699585929,0.020592474042507886,0.6058371001883255,0.0242195608214143,0.07105238028079419,0.04838936827148432,0.31485277617849783,0.8842199588329316,0.4362944743049404,0.8621208360641023,0.011100967168612162
0.586972166785106,0.49618827897048823,0.822257052626645,0.6068806591370434,0.13453111037637686,0.7109031452296888,0.8848491236338288,0.20677021476311955,0.8822127283324926,0.6382471886092147,0.906770134280631,0.10290537852194129,0.33712613852764906,0.999572813332289,0.7700576863898062,0.9933081333482275,0.857799810283038,0.7221016521061893,0.8205815351332545,0.01232069997566047,0.020603368896198074,0.5281305554086897,0.010475672155673483,0.8465013019334129,0.7663596263994912,0.06922606275780509,0.19801864461085583,0.3866982808826984,0.7706630281401619,0.9521639886624856,0.941349137016263,0.0019980586626340705
0.5949900256240439,0.9322062817541806,0.9033820183372265,0.9287966434488331,0.13905494583115563,0.7012538848985036,0.9318932490701086,0.20508435238199965,0.9321836220419153,0.9643337987621923,0.9145452275798429,0.10546692547193906,0.49557286145409335,0.9825992906185524,0.8106862736467755,0.947304349415467,0.8495936246034252,0.7584239118472946,0.3833833934077874,0.005645504001118323,0.024134019330198327,0.5712052041664208,0.06566895811453549,0.8299176866417065,0.28915839530073206,0.09105889122261802,0.11282416943320049,0.1616418942180861,0.8483676382616593,0.8725332927840009,0.956155808922069,0.0019482105195359435
0.04761243716323921,0.9756464945489891,0.9034380394320548,0.5531316071798672,0.08821912307838867,0.8001430498807841,0.9500438104012494,0.1966273327128239,0.1980074679364019,0.6271620343888605,0.9898395653559797,0.820595997961884,0.5438633341845389,0.8787195229498708,0.8455507508912662,0.8209693556204557,0.10059404384094242,0.6819588152534425,0.008982878760791568,0.05272229997201175,0.059039996719750874,0.5803441382261815,0.10287985341748815,0.03193343706041299,0.7636727574237111,0.003397958837156545,0.19289148673595677,0.2601489989997759,0.771979294733169,0.011663213046948506,0.8132707026374849,0.5348533938723029
-0.284736187015981,0.4874406614135364,-0.9884854671407655,0.7499157249601004,0.07951755525727403,0.6895134591107359,0.9083872145715568,0.22374230287368546,0.9395936373365743,0.5795309444636736,0.9123405052949024,0.107686983571737,0.3488010990903145,0.8075041179251496,0.8113708852507511,0.9849665786289171,0.03828222781916418,0.7239029075230559,0.014506321939516453,0.02727202906886253,0.026213422086593982,0.6557396498960019,0.03606237906408198,0.7654861043622923,0.7811519541181875,0.025070799978331004,0.060822651623544416,0.1575195102521933,0.012102901657351783,0.015915830742823517,0.671823931282266,0.019097173685902507
-0.2508534902816916,0.4944442558112781,0.887446958287214,0.9535228192669218,0.09620833435327186,0.676727366512321,0.9242525761337209,0.20495482019775454,0.9286467394784901,0.7389476306955278,0.9146378013679095,0.10768223284672639,0.5159735745341074,0.9904667239638079,0.8569518866777125,0.7605157689220529,0.29099058080597423,0.7838674766904815,0.01057993440056617,0.047558895336919545,0.026039301104774967,0.030446486465348366,0.020788030679777643,0.8460968471511631,0.9691293400311765,0.10115928036349281,0.08459106124953708,0.11588217858103123,0.735841702120643,0.18341260291440278,0.9505733511947755,0.018556320574712376
-0.08523267637265786,0.7398006066886221,0.8310623552142918,0.7941152091802891,0.13987000742796718,0.7055681369449944,0.9263740323975901,0.2053285172105987,0.8839580359285605,0.9532146091031619,0.9075958923878498,0.10387807493339561,0.26085399213724436,0.8617847562240668,0.8202181672016812,0.9846911931059658,0.4375556016508898,0.6134100945947434,0.37370141240430466,0.0022331551442953193,0.027154925582131673,0.1566050154062284,0.9732105115222058,0.8462957713540986,0.6250256818948131,0.006547473870143705,0.14754458777484442,0.4091557723357735,0.03685211742844158,0.9808092211367907,0.8818900840153484,0.00595785759066154
-0.20616218100754974,0.4772850707536739,0.5044346382017378,0.7108842733428444,0.14148578614610385,0.9718719592984937,0.9243312724733609,0.20664421318944723,0.91228416846472,0.7798764349319831,0.8828363135377638,0.10486230062090067,-0.44252853197919984,0.5392090552002698,0.6899663228567383,0.7584543027539359,0.6696809907538955,0.10115865106216712,0.049334491842643005,0.04914698384388247,0.006164929927076512,0.5261658547174307,0.18714708517020656,0.746941578589672,0.04389895445395253,0.0913369922154513,0.033136954364539284,0.18069584893777446,0.010441058071546959,0.090488700825996,0.03554269982981552,0.0009844668763828125
0.5975940430562392,0.9077255916631332,0.9050062153618031,0.9709093929086315,0.13437448227734627,0.7109031452296888,0.924792675928461,0.20677021476311955,0.898729062619879,0.9620633439501124,0.9063489279323214,0.10917600965121951,0.5098492999278835,0.999572813332289,0.8385600560498163,0.9968490598277833,0.8389153195980743,0.7221016521061893,0.8205815351332545,0.04169172032009526,0.056560746270885594,0.5281305554086897,0.010719864691937843,0.8465013019334129,0.7663596263994912,0.06922606275780509,0.16368244953232172,0.3866982808826984,0.7706630281401619,0.4217826063217122,0.8779074558995015,0.0015237693401698883
-0.20740831798253723,0.9573350550597685,0.8212083617026014,0.9558368528358638,0.165836867033224,0.7910709704726413,0.9054863225304509,0.20864758141899792,0.8874446600885443,0.9510890120086783,0.9244338475463899,0.09382497105172873,0.5290878001688372,0.7298486848809604,0.8217474987678169,0.8175210332005811,0.40753243612130924,0.49529641900620847,0.5238729045864583,0.0039060149743986514,0.02842314837994917,0.62703032155493,0.033288596846980135,0.6191569748693145,0.08508358708297376,0.09113737321001734,0.0915061863527599,0.45866252647013006,0.8214148766404994,0.3726453069046713,0.08034540839934622,0.018911926821869728
0.14976449688932314,0.9554231150462367,0.9063720868820019,0.7476751557823017,0.11226705856709143,0.9982125667367756,0.9252107463865598,0.26285406975903575,0.9138867699447818,0.4913232421884146,0.9150017000313386,0.10405157962769468,0.32192279742467667,0.9301572449373874,0.8620269617871372,0.987370336911336,0.02861270755016021,0.7494971501844824,0.6933487399519324,0.042795555621419346,0.05035041539036966,0.10382194819034385,0.0205350230609549,0.6158873606053648,0.011799752232998117,0.011169327341178314,0.14231915314580373,0.3194108194857967,0.8923506039023485,0.36603728393007207,0.9659187423796838,0.01724821359083036
-0.06379741166337687,0.2845457372420201,0.8354043826872564,0.9705808698816304,0.16469868206086286,0.6760408959343261,0.8974219915602644,0.20774691179960245,0.897227480931708,0.8819002179635129,0.9099002245012338,0.10379957900537139,0.3397238493388237,0.980975871522126,0.8741834785739494,0.8068902463520586,0.6886915696233393,0.8903194300618281,0.1727124907627898,0.012195358708229576,0.014992332307220468,0.5679960226654224,0.49037221823485777,0.8447131195210287,0.9627797090877294,0.1813678005725011,0.16493027296085874,0.6042959191726112,0.026010905701920876,0.4460405950550477,0.9740309046189309,0.003796034012432746
-0.20411541293569088,0.46894545067805293,0.8052717564771648,0.7978148875887351,0.1705426770280606,0.7044878062134126,0.9307649563108179,0.20766615711722394,0.9022350797229499,0.5449249327541018,0.9040379083074538,0.10147835997982771,0.2957116420852034,0.9959221593886952,0.8225366789680685,0.8461079596955231,0.6550486354348497,0.3492156326746061,0.012259960658635938,0.0037284593905595118,0.23026389055941288,0.7462295230799456,0.021741444244972083,0.6679057273890421,0.7457766925603083,0.018461780446562964,0.03687497092048131,0.4831105186258529,0.8271215007716453,0.08114294607680174,0.9030757320215743,0.01811782158041789
0.049864986954916854,0.4950026985633313,0.9559234352966627,0.712074667140437,0.19157040189980906,0.7156203512002024,0.8317796447964724,0.2110355499689215,0.8345677080486493,0.8762076102264036,0.9204214147706901,0.9409543630766514,0.5212862080366347,0.8954032366447906,0.8831707805450328,0.6979276842087555,0.1365144559447965,0.6615916045740653,0.14015032199396604,0.14530371605407344,0.18922139382830794,0.8596506897067044,0.01884858298505994,0.7444155295986324,0.7496955768574208,0.09686342244456239,0.15883894942148916,0.49890407130713327,0.690159738807364,0.5565969283091443,0.7620766328644057,0.00836167190335131
0.0011823427725468072,0.9561217962973427,0.904185500607034,0.8848101832778982,0.10898757205315045,0.7129547028678265,0.8198105624220722,0.20367873403966846,0.8826260247253096,0.9595360713259778,0.9068038530088399,0.08538518015712468,0.36230432297363907,0.9983521415249442,0.8533446073844246,0.9730565300074971,0.8432319410825359,0.8903439442785329,0.5655978260220634,0.03287126727869949,0.48915889480950725,0.5627220972422159,0.04290437147606869,0.8044946214313778,0.094597806072371,0.10432023124941173,0.12779462386951745,0.16952046585514724,0.8509981512479513,0.08775594446545226,0.9778434890259191,0.001568176089690794
-0.12265019453873871,0.978052643601089,0.8994104021213325,0.6935363487748862,0.1635477409976066,0.6889914305654982,0.888553255723369,0.21294867193649186,0.9174103679513183,0.5984863312787665,0.9102791942252871,0.09891198332656462,0.5698062907177368,0.8753986137638402,0.8076390102771412,0.985354547590633,0.4949352563170726,0.8726305434846213,0.0027767967605013544,0.0466131840676008,0.03173576038493266,0.5809501642550122,0.029127236518868255,0.7310724664544422,0.9528255310306151,0.05337852512560154,0.040260779782669474,0.6042959191726112,0.018666363790634705,0.4508075799551409,0.9663580125743347,0.003774568418245779
-0.29378424593121144,0.9238250803221523,0.899688186955445,0.42111609267166517,0.25255346974543,0.8315444516732468,0.9230228025718611,0.17063477324387194,0.6154065830753565,0.9467895484175153,0.9125817834509952,0.7551581129713155,0.4903868089011396,0.9677535043591089,0.8117642619357042,0.9736824999344529,0.18942633056557645,0.7241460178796558,0.060053506957487124,0.0636672481042098,0.058928949720844455,0.560143405115338,0.0395736448583879,0.7994237706449219,0.9376807370002349,0.004727758028456069,0.09510737725129831,0.11645457915827423,0.7988932455580106,0.17936452126381147,0.6890085541598884,0.6102181465668897
0.55660141555508,0.9450902082926778,0.8390394761184753,0.9970024382538751,-0.037268777459590396,0.7495240391824585,0.8935355648157717,0.06379498659387269,0.22632343169604624,0.9142530325665372,0.9010495793319719,0.1080450368387209,0.33533351672271106,0.9352531452306033,0.9183164705270684,0.7948317058046064,0.053259560148255,0.7148735428022501,0.6510982584990298,0.8568514048629219,0.22671636609747023,0.6162505955224145,0.004388600547665822,0.020909492888066015,0.09963312815949249,0.9264816602374462,0.0033960546131516813,0.008508389561080004,0.7838916049829322,0.08332395093846245,0.8960007296453334,0.29623928802299215
0.11838015554025028,0.9219692712068503,0.9270637729049215,0.9571052779417978,0.08664150539618842,0.878080871887883,0.9942426322182535,0.25563622356232074,0.9316897567478443,0.989470791584176,0.926789376427928,0.10466679596169513,0.3552808251561703,0.9944281062701941,0.8827218718243462,0.9440080556747463,0.717217349332046,0.9515039936614286,0.5218490073148169,0.844509813866187,0.03476978421442321,0.09808348305960501,0.03440649793171427,0.7431674900990937,0.06277697176523184,0.027158253600003006,0.11446250878104161,0.1995369095094107,0.8493783486649616,0.9188477837492921,0.7264551114130984,0.023984234664153288
-0.2257196838259106,0.4781582672444567,0.8210973006705438,0.9740954306710844,0.1407460109454415,0.5978326677983209,0.9304855291173808,0.20683673029261876,0.9188213310056782,0.503579272510319,0.9187867060205698,0.09432680269906127,0.3340720823184362,0.8517183732405167,0.8045123942274001,0.9705052554653053,0.13560512004584258,0.6361517799117906,0.006739148433162409,0.06002104525276916,0.04201515320995502,0.6028062047293883,0.063165311618537,0.6213191294208944,0.12385402870324463,0.31164878852894506,0.08550262015797029,0.30775654109912115,0.8078459608617644,0.014868846089099996,0.8975408708249837,0.015284024171560778
0.49082322117144217,0.7842914228538348,0.8210935474924697,0.9896895066831985,0.14431423090974638,0.7094444965619878,0.948395761744795,0.2050213721806105,0.897579387598624,0.960977320360011,0.9080132946545673,0.11843864575467278,0.13654162781668577,0.9681298681109981,0.862098155725933,0.9916020104648509,0.7153266311593482,0.7457807959631023,0.3730819680989115,0.0011310934468011513,0.035438421493617756,0.03462013774973069,0.022352768667900095,0.8032052020347535,0.7866994202791014,0.09099055421494406,0.05538105048524908,0.3608252472482036,0.800166905287788,0.42308122932919145,0.9667662850033008,0.00824776983678369
-0.28823460399163836,0.47332098516080834,0.82173371190809,0.5948169273425782,0.14281154480451325,0.8937687279894232,0.9225510758176734,0.20500811561742466,0.9383705100856005,0.9812553113565223,0.904182552111213,0.09532237340635581,0.3725598797044449,0.92792598911775,0.8242361666680981,0.7860086867455117,0.016575066651021875,0.7031511241313967,0.0067644875266241605,0.007222563991776652,0.009490353726638704,0.49880464478847075,0.020547052285784337,0.5960841528444214,0.0426785302884955,0.007853668648353351,0.02253257504319684,0.44513961248502343,0.01840747737294665,0.019120695324257878,0.8940439186585324,0.018545383352468987
-0.021196215057680393,0.4121677769765112,0.8350283461498387,0.8127053051648934,0.08109711552699572,0.7014123320374277,0.9526017360086748,0.21774316444726882,0.9152459858080007,0.6603865641912533,0.9193706381506579,0.10520544570003873,0.43668362299949415,0.805005818877844,0.714482947737928,0.831574783750735,0.24130100839617546,0.4073719592170115,0.3921157876376428,0.042638569977241886,0.024858465597106364,0.5762562141423824,0.030167471360417697,0.7964052669553807,0.6300465963726715,0.010693970478517091,0.20265256985666985,0.15948753765380264,0.7764808958891661,0.9654336325838655,0.6429527795901173,0.011548835519302393
0.5412383536914391,0.9528638098846786,0.9171679195589657,0.9837398098159287,0.1557927884865108,0.6645566983745791,0.9242576808805654,0.20860861487142177,0.9186840164655363,0.9532292986717118,0.9152524062633344,0.1269681102819449,0.5371412370532394,0.9918113220128648,0.8183187834502204,0.7626155927035961,0.8527536964618058,0.9044053575646854,0.5207976764421482,0.008122035437566566,0.510260950603305,0.9159333096471755,0.041464861516799754,0.6627545015510014,0.9887943873007292,0.1126480986951765,0.005075171805557693,0.4420633202737066,0.6374270746166287,0.5487574783190733,0.89177442077905,0.018755358953916626
-0.050526729011439536,0.464834246415413,0.9404522239267927,0.9664118139235047,0.07206839080948178,0.8583753489971705,0.890110202644723,0.21892983509865632,0.9179460599968181,0.9501717138334456,0.9068595702572689,0.08784004727972362,0.3909238931420923,0.9831755593280092,0.7913981347341907,0.8717103814659679,0.6931273163261669,0.4471127073220511,0.07783620451351578,0.05328846642110718,0.06099640107863677,0.5729911510245681,0.04941070032299344,0.731613581587204,0.9355447956732117,0.11164309521326776,0.11026885076356288,0.22209583517845366,0.7898792813173001,0.9545961017859197,0.338779953846867,0.0097220621595161
-0.2097161770446368,0.4647421953021679,0.8215033772863434,0.5185078646050572,0.08102770076323568,0.6837174735034275,0.9245007296257544,0.22024364772903107,0.9446902833601636,0.7053372030565139,0.9423517915478015,0.10779951528597272,0.33638280667846926,0.7479590711551688,0.9221332632904814,0.8114247570418879,0.09628337477548676,0.36907816076532224,0.05675739656102585,0.010195512593714946,0.047542276383788655,0.10517706103551205,0.026127361896488094,0.6944344130845095,0.15370876978376763,0.012874839819188522,0.06549333664901383,0.1523393135786957,0.742662176670505,0.09813157867850339,0.6846360351215188,0.01855824302558995
-0.28927959477479415,0.48550491577148563,0.8343265385082442,0.5764199585208956,0.07951755525727403,0.6895134591107359,0.8914063543642708,0.22374230287368546,0.9395936373365743,0.5795309444636736,0.912335586120655,0.10721390828500378,0.39483268766511875,0.7356188733896885,0.7885548331176522,0.9768024687436272,0.034672330963879894,0.7082697297365516,0.010308371145275236,0.02727202906886253,0.10855775890838351,0.6538912054326148,0.004046839970146588,0.7677136358223552,0.6969941292017706,0.025070799978331004,0.009286784785351762,0.1575195102521933,0.7561298205721005,0.061457992656042064,0.8935873740721908,0.019098977751376506
-0.326620255759885,0.4750900966865478,0.8211578434705323,0.5948169273425782,0.14281154480451325,0.9281728551374855,0.9225510758176734,0.20500811561742466,0.9385663840793086,0.9799793814468623,0.9153400106767354,0.09532237340635581,0.3725000813157159,0.7325016607565845,0.8102508519150416,0.7860086867455117,0.4288336967960056,0.7012980783056032,0.0067644875266241605,0.007222563991776652,0.011195735841596124,0.49880464478847075,0.020547052285784337,0.5965484428566654,0.7414765213980803,0.008326670289575918,0.02230302062860722,0.44513961248502343,0.005209734721242698,0.017959021700507477,0.185742161979967,0.01899688990059391
-0.247541895625409,0.4849283560997495,0.8590383024531691,0.9125434444998791,0.16570524106901752,0.8807058743655772,0.9208152341025462,0.21812108343661027,0.8776671230600368,0.6700931632366356,0.910846972981915,0.10746643890896017,0.43785349396519624,0.9808337649067813,0.8014955044049296,0.9893530872058323,0.49449927893780055,0.738425734460046,0.14829009352615855,0.06469406212370915,0.003349469180803856,0.5641579150144979,0.021257480294664274,0.6201217112571462,0.78256296125455,0.06659803589812416,0.041885427716238086,0.4424142086795938,0.8505697845296128,0.0608036265675859,0.8103010946131487,0.02133515624236177
0.11377050197086139,0.4582023636385281,0.771580346889182,0.7891630710453483,0.14140295381267906,0.6676017894421177,0.9240807846315251,0.22484564665065962,0.8884438351693627,0.6344015732404542,0.9079494037712207,0.10768816849439282,0.3539493241552299,0.7294348418797574,0.8854923735766702,0.8667960978505661,0.7074759715870715,0.7065813026898256,0.054073627185268994,0.045353514389356586,0.06018103884714483,0.5728719757060592,0.0014329345176048898,0.8501286937777315,0.9464034157643578,0.10617820298131501,0.03591107098024514,0.3855095895801597,0.6020404321579145,0.8040878719287412,0.8067046141444323,0.006500083822080612
-0.2078789497029,0.45071931610047505,0.86467662953536,0.7131330924060629,0.11054895670972541,0.6742874344107672,0.8655560234379267,0.20831580048330844,0.9187615436979732,0.5230213466975971,0.8775914580057611,0.10546355241527688,0.32721955892150484,0.905936831881944,0.8073347909283582,0.7267122461948043,0.0415960690516928,0.08903100533858455,0.16925067761590562,0.06257935804420514,0.008424073525254778,0.5578553826703525,0.004496854949795593,0.6366116128333591,0.039065234892846024,0.16095511445525815,0.15272984646923243,0.14302824305294395,0.16833718754956084,0.17247956148766377,0.6666549114217277,0.01171969150968662
0.051469620725723364,0.9650763139440668,0.9290313791381387,0.953893707274992,0.16133028984311737,0.8772054035444672,0.9208594430155571,0.1912447856339707,0.8933995071940908,0.6129374928141359,0.8863832605330111,0.10756382326953176,0.3362042831066854,0.9839308031962655,0.7660005004954921,0.994118133264678,0.45090922484476187,0.4502441551958444,0.11372739853470265,0.028738319374372705,0.22772402257540092,0.1139975280040397,0.04404836743163937,0.6192660285869759,0.781813271366256,0.07112748420974932,0.05075131155866018,0.4377933021161404,0.003064564001804271,0.41893755373752833,0.9659486604884078,0.0007793180145566642
-0.247738981741482,0.4145204765257986,0.8204315335921635,0.6967723164285939,0.16131724781061144,0.6768049822016652,0.9182620210552912,0.2064421642693236,0.8937048064906379,0.7880189171319775,0.8897433389376622,0.09382497105172873,0.3343831779824773,0.7383111355972017,0.6566086718052362,0.7713399696917851,0.05668901273476731,0.4836709260762954,0.01722411862537493,0.012974259371146345,0.007120934850812986,0.5887734773968666,0.020914537022824028,0.6235845697220673,0.7895824281917425,0.42477260544850226,0.05156464360992288,0.22483427214969764,0.8666849066442037,0.3606124414955691,0.9348756979960242,0.0027144970025095305
0.5961643041956735,0.9573880420255232,0.7768757906293177,0.9725207751176261,0.14066633617882474,0.6757552363652592,0.9241304934368667,0.20776282891982573,0.8946407732596467,0.5362847368001531,0.9391752987558671,0.10396467449708514,0.5715056400321137,0.9864864135941909,0.88795457358957,0.9858367264955706,0.6279909782397386,0.6519018396744489,0.16002350710799407,0.010686492900690747,0.05990038091967856,0.4852371455182393,0.0544788197664897,0.8487505844654482,0.09073099514189764,0.07553425081924942,0.027975699095506568,0.4051018915593623,0.140667673528863,0.20430802561464434,0.9395719821768251,0.005294381724002358
-0.01828781266256585,0.9482635713711415,0.7562885355258575,0.7440602389234285,0.09620833435327186,0.7061769879494058,0.9078181458050643,0.21846349304648785,0.9268230151078642,0.8933927418622339,0.9141012440175067,0.10410346768223133,0.3758060876284992,0.9935660407928585,0.8731552696294013,0.8435607609882396,0.6814569302387556,0.7573617051057973,0.3948414922907313,0.009723327861731884,0.02617215496328791,0.05093466079890291,0.11806609006799174,0.6810034305282936,0.11194740200102765,0.09797141341106688,0.08211383537107772,0.3468300744682891,0.9894355988592572,0.4487205238672973,0.8594502178622447,0.01855824302558995
-0.588931661711742,0.5382993814339482,0.9034749977285466,0.7279755501627813,-0.005526585838788595,0.7040418641902306,0.8820113506518125,0.15926365210849425,0.20349942647829836,0.9044193970096582,0.9133610555296053,0.06333675574311676,0.47693263641153016,0.9693594942321992,0.8092613535695456,0.9721445696740797,0.4797410565348559,0.4164552989947508,0.046535850913403565,0.06292616424631634,0.023277096849027568,0.04721384980616267,0.023463006974723408,0.01994848507072461,0.04167273277367495,0.1342962160058513,0.08612705681683235,0.0026225553364262466,0.854707518303656,0.12231257783285847,0.2298588060952335,0.9430529963538039
0.07829555030798663,0.9457381344113166,0.8397471770880257,0.9709643126488767,0.10343165663724263,0.9782169500427874,0.8853609910078377,0.20884225471168266,0.9212573961051931,0.9312673952242793,0.9204818915759518,0.10571546521615952,0.37530364514321657,0.9849383847915169,0.8407730912851076,0.955429010056909,0.43626353133223866,0.7158419849139487,0.7490949773879295,0.027215227187567904,0.05202529725190895,0.5644547228086652,0.03357454316832856,0.8486094951684691,0.7839083439039274,0.34204529919047644,0.14381656072556404,0.4679923090844502,0.6595173944766043,0.6255055370837779,0.9229114014103044,0.01449728662896662
-0.20627263765966372,0.48499636012553315,0.9260467538643311,0.7495433291766167,0.16160028305768503,0.6757718048034215,0.9384730556766615,0.20774691179960245,0.9168286521600286,0.6155540681288104,0.9099002245012338,0.10392483556558096,0.3397238493388237,0.9848718792672366,0.9240369865128054,0.7631277248929502,0.6886915696233393,0.778066289608676,0.17868572750907258,0.006789065047965306,0.05258669462276268,0.5682853964732574,0.43733173741012343,0.8667093089000655,0.019493888948107496,0.10550935190518546,0.1603877876199257,0.15337971916579313,0.018988028333580452,0.03310662906473255,0.8206243441402767,0.0037611053245517334
-0.4282185403055291,0.446703885289537,-0.8550702989446595,0.943148030657485,0.08389776036312674,0.703175106201012,0.8884821200296233,0.22240177723344834,0.9195562354541921,0.49657179197996326,0.9113736246531645,0.10329024055872738,0.28411676469724834,0.8764464121889441,0.7940583121314759,0.7783776294468469,0.03008533113028581,0.767730166900794,0.1688922720161883,0.004677117943754708,0.05574081373555314,0.7046658784703017,0.22273738889732003,0.8505546996812055,0.009903560168808168,0.04000629347016192,0.05550257205858852,0.16683660587123886,0.08605382794464567,0.07420567928063035,0.8813684241481341,0.018561997014370644
-0.20788495588594258,0.4509895450565235,0.8414194765881313,0.7501744459308967,0.11054895670972541,0.6757250258725022,0.8655768188281361,0.20831580048330844,0.9187380322983837,0.5242944860584327,0.8783483993306894,0.10546355241527688,0.32703069057872963,0.905936831881944,0.808485966120286,0.7267122461948043,0.0415960690516928,0.09853791916574209,0.1704130310288074,0.06591282611573177,0.007970262750424395,0.5578553826703525,0.021293489541923075,0.6377677138942032,0.039065234892846024,0.16851985757648572,0.1278912065854318,0.14290736438749596,0.15114115780120602,0.17247956148766377,0.024094610796471405,0.01171969150968662
-0.20656761002026847,0.46310368838717536,0.8373549722183614,0.9723966177862385,0.13151086789342625,0.6757408404290371,0.9159523234552409,0.20636713820062136,0.9400690101778486,0.531830947424293,0.9149110507846291,0.10544567107417098,0.3439134123956837,0.8519282945926514,0.728524497495433,0.795360691188674,0.025816284569790182,0.42230326829959347,0.48617408287909214,0.05954273356162395,0.010361818333799185,0.9211631085849649,0.05059653206935151,0.8464464174069022,0.03325229168616595,0.6061442381973444,0.1701852136299886,0.43459714099632,0.02179484295446322,0.5854950059375298,0.936477724096927,0.016147840432355183
-0.2932206752852092,0.5402066685502124,0.8223640302495099,0.7485715827345605,0.1105766191688453,0.712989332414849,0.9861518752819431,0.954011357772649,0.5809548057355333,0.9571467935680653,0.9162928841431295,0.9544420453713562,0.5219318333060667,0.8376554807777302,0.934416328763805,0.9765800436023703,0.7527074445279643,0.6458722031777058,0.0017410833678315196,0.03946455322678217,0.022320045455078465,0.5325997334797956,0.04006585587904431,0.8469237440139044,0.07334493286880012,0.09575688965794737,0.0734225453066362,0.5999073773875563,0.048386678202587234,0.01282828959653487,0.5672360487384728,0.05344174984504388
-0.2030519446257037,0.45898670058249774,0.6600609423220811,0.7179334934334476,0.21911984576740623,0.9715002542558959,0.9743467037888387,0.20974431307286096,0.5058205715304199,0.9839990160880295,0.7964094276985801,0.8057232164053616,0.22820169989336242,0.963293966099333,0.9624251306118793,0.2008602643273823,0.0009923564649212957,0.48703572727155564,0.018315495442763285,0.022300764769347274,0.0005132791835297246,0.5287711934557776,0.06443372939967362,0.8088555534346507,0.7527134141764519,0.021563471125779006,0.10145423533673856,0.3906576027002167,0.03747803777117692,0.0448828218473607,0.14863773511952838,0.0008570693538455902
0.14976449688932314,0.9644237912967681,0.8381841783898392,0.9674754624272711,0.06316292206294387,0.9994370194870948,0.885772003183376,0.20875732988129286,0.9146947415067481,0.9728819528490341,0.923157229800408,0.1079691998435178,0.33659092609894486,0.98751504825695,0.8400966129388853,0.9894598726247966,0.6807286944327318,0.7209497200098226,0.6807929529520849,0.03222368554061112,0.18314405544527085,0.012895516726424971,0.031022478347731954,0.8468979450917875,0.6299419733751778,0.026563334032718107,0.03743794967015152,0.16202096033415608,0.03788130734491307,0.505896362930571,0.9015539339051424,0.9960909678101615
-0.2073852866505413,0.5478564722911105,0.9074066433368831,0.7490981490665487,0.16589055433539104,0.8015019361530415,0.9054863225304509,0.1890224738026831,0.89229679839706,0.5245222110984871,0.8774567329646163,0.09382497105172873,0.3097433076617278,0.7310077799071518,0.7791601392688486,0.7642910254232754,0.013540865230980553,0.33000306658975,0.5238729045864583,0.04497157590005486,0.03089174232156757,0.48359096971169957,0.050292060198759744,0.6200621565613211,0.9365098163407404,0.08197737554213734,0.0908780762186813,0.4435501107711346,0.811291516985026,0.37636615855600253,0.18621108746755038,0.014492838384904868
0.08330719879842177,0.47595294406221295,0.8196907392339127,0.7228208478841865,0.14743147797198136,0.6860628520189532,0.9179695769614323,0.2068618348638512,0.9346624460234213,0.8490091327929659,0.9005516016263586,0.10541539031979802,0.4394423075175112,0.8536910297387335,0.8468598887766606,0.7871572038691448,0.14088972043641873,0.912005824142306,0.6134775697223639,0.02869835153472228,0.028836791689413555,0.5082218946416355,0.17786917836038985,0.9170308689590868,0.017880592997388145,0.1500427545221339,0.09498177094674505,0.5867959895449262,0.7327476518868952,0.5128887376764965,0.19705603165017577,0.0008358658161014831
-0.39170329813457616,0.4712177061841079,0.8949651837885546,0.9703244587659006,0.0791938349519211,0.7096928636061803,0.9248226068510147,0.22237675978300828,0.9201886220995869,0.49657179197996326,0.8807259678947048,0.10582421390340357,0.485699044343874,0.8837230721524644,0.7940583121314759,0.7841396338586719,0.08035286008705833,0.7821420019849633,0.5504775928946847,0.02483986667188746,0.0022341171828699595,0.6561388800254122,0.008034428052851553,0.8024638559087787,0.051787655220306095,0.05589895526299663,0.04374447424775625,0.16683660587123886,0.8026117252820979,0.07434794555638852,0.8813684241481341,0.015289409076620374
-0.27280146461282156,0.4490086240033736,0.75339703210595,0.7499157249601004,0.07530600309069982,0.6869671941389139,0.9082203495735062,0.22374230287368546,0.9400779126558647,0.5795309444636736,0.8951954470349328,0.10573047699447455,0.3746409225313006,0.9896411746994931,0.8729117693260948,0.9767607347624156,0.4945422992370023,0.8411917037520709,0.010139001970371037,0.05416764461769388,0.06449070986893074,0.5859919382289704,0.004057340697420541,0.7817450656608411,0.7825813209248296,0.03456120232939569,0.0843731250464285,0.1575195102521933,0.7372485223199022,0.062195850310198586,0.7514626398014659,0.019097173685902507
0.026151104784682994,0.5193423109303534,0.9935597949199886,0.843671530131097,0.08838389756179443,0.6919968049557401,0.9200328481547154,0.21234330273983465,0.6082885596588228,0.9785457811541098,0.7985398342783906,0.7672884260361138,0.2366472777554364,0.5480032337658723,0.9137454702415868,0.7881353025566132,0.2434770622535043,0.7356815690943515,0.5449498283752956,0.6948817776598235,0.05028945333903474,0.4897798286551344,0.07499112907627067,0.7240607511350172,0.5846161981294776,0.09374168565045367,0.12585508051470326,0.15484282163740626,0.029221060471926408,0.4493486913643412,0.805450180654547,0.6724213476290224
-0.20740831798253723,0.4595103806564991,0.8164704061304427,0.9724488618587754,0.16541359135421302,0.6768049822016652,0.9145689274917645,0.20759695994165453,0.8936215192406225,0.9610422862630674,0.918870793200204,0.09370518519357245,0.516662467393105,0.9857692706164514,0.7951448370698452,0.9458918649440429,0.4449688504017555,0.5691692369841056,0.1709585735847251,0.061277922933760845,0.05146822917319921,0.120372429138635,0.05268295618716253,0.8850791873861341,0.07610074024589769,0.01750926810732853,0.10145441190732857,0.6717932558048951,0.763629618485611,0.9759000254368803,0.9389032707752578,0.0003282294771326799
0.10087066223356554,0.9366733142441319,0.8631186820909007,0.9681486428515743,0.11514079156640947,0.9989254719586016,0.902975983032854,0.9594485653282874,0.0430716700684568,0.602814774279359,0.8864133252293313,0.9182249621161229,0.5102262306172198,0.8486956202781866,0.8380139557483003,0.9731432018683556,0.1533081723958181,0.7865194722689328,0.4195091883534105,0.8608707174886028,0.3856547705688358,0.7075712853721783,0.03959737811138907,0.05509721893613086,0.07175128104393907,0.07374707330438768,0.09101209351846298,0.4204453231254257,0.8694772899372266,0.3600947677542089,0.6777571044018972,0.01350869324828935
0.5099536906980755,0.9298865953710269,0.8974042029391841,0.9881835639262074,0.2477051218584781,0.8010671442894667,0.9435598227987071,0.23979900772746945,0.6176258885047802,0.9510280039675975,0.913086940673078,0.9663516079016744,0.5258781808196953,0.877060154897052,0.8466981145202946,0.9721445696740797,0.6908881355344612,0.37635978365885986,0.019356521091714596,0.0636672481042098,0.16645058884586827,0.9251356043719325,0.12318584928740162,0.7982007209805333,0.009016027035463448,0.10174799901307893,0.023127914042432057,0.30181367401421966,0.7988932455580106,0.020363776362783866,0.9698171136675701,0.875671387857675
-0.26972250806617676,0.45802062525321435,0.7700055189012908,0.7614816608640703,0.13618198502643045,0.5978326677983209,0.924082215736036,0.20529367768160597,0.8630945342272595,0.503579272510319,0.8782570716953327,0.09380509912880232,0.40528961639538047,0.8517183732405167,0.8014452465322887,0.7471760455245637,0.06569389955561272,0.4340182404410275,0.006739148433162409,0.008032920711892516,0.011365874016916749,0.549474953685175,0.01918831616651895,0.6239109668240502,0.04855342280570252,0.006548856816926185,0.12423836594786844,0.30775654109912115,0.01888443180453645,0.014868846089099996,0.02893128315216803,0.014072509890738848
-0.01828781266256585,0.9482635713711415,0.7773534217863853,0.7440602389234285,0.09620833435327186,0.7062934771558064,0.9078181458050643,0.21846349304648785,0.8842371340536411,0.8933927418622339,0.9141012440175067,0.10410346768223133,0.3758060876284992,0.9935907438796485,0.8142017574608894,0.8435607609882396,0.6814569302387556,0.7573617051057973,0.3948414922907313,0.009723327861731884,0.026137392020493345,0.05093466079890291,0.06254705297644687,0.6810034305282936,0.11194740200102765,0.09797141341106688,0.08211383537107772,0.347473940409128,0.9894355988592572,0.013715434229401247,0.8594502178622447,0.01855824302558995
0.5416437618796202,0.9302201704324449,0.904185500607034,0.8451161102457807,0.13861359358696693,0.6119960585879327,0.8901653028112857,0.2087981642375686,0.9021281760401803,0.43088528531384884,0.9064387101182982,0.0922844214915452,0.36230432297363907,0.9973052464503923,0.7272945033215361,0.9723538056178608,0.51935320040755,0.4113126126816421,0.22182011255283868,0.033063915667530204,0.06289266805922628,0.4975794228729076,0.0066291778938697915,0.6828141554466083,0.6249101774920737,0.10622570054579547,0.011415438177657198,0.1616418942180861,0.8482377546123595,0.01816886577851587,0.787317707318027,0.001441797613250155
-0.00489324385067906,0.4830051873591922,0.7913101158378518,0.7584377248980412,0.14077036999126075,0.7167989854053022,0.8776828740039393,0.21487228864353863,0.9138653193829102,0.5099188434528263,0.9111000641574797,0.10543443079254083,0.5334792167664981,0.9022414527598954,0.8634438971637022,0.8294480101631436,0.0659012991119657,0.7629025009489161,0.01899964839863204,0.021826102193935777,0.00041114112041751305,0.5445582390127622,0.020592474042507886,0.6233195452926817,0.0061895100317566065,0.3000708202368937,0.04256246677882915,0.3131417990054484,0.880125957469172,0.9035194805271913,0.8799224018447934,0.018557472224044035
-0.0806359127100556,0.48119495909293175,0.7731249804445816,0.7466490782340435,0.14077036999126075,0.6923246080781401,0.9241113067364821,0.20500811561742466,0.9138653193829102,0.9852906618184696,0.9153418870807708,0.10577552412115594,0.38159022058388775,0.9679244333519118,0.8009253706953026,0.8294480101631436,0.057304161188579394,0.7629025009489161,0.0067644875266241605,0.012394897824998238,0.010343614227249998,0.5570746514242098,0.015264420078683366,0.6238305564413986,0.01684474336234354,0.10501645571226564,0.01873534757807649,0.3131417990054484,0.225343795468475,0.4045795774913868,0.8938620692616298,0.018790536422169407
-0.00638453780788846,0.46651624230716426,0.8366137208819809,0.7955586931067856,0.08349377435919256,0.7029189346938978,0.9699394552782685,0.21614837977557422,0.9210231045399949,0.6284596851890364,0.9105894746022882,0.10747727407101824,0.41908821567707233,0.7354320153083588,0.7269759511917868,0.7723654638418967,0.061038131947974236,0.682248288324162,0.04823981894487056,0.06856525621854373,0.21396731920037737,0.017621899418050258,0.030621612951789792,0.8009736352115225,0.04263564689760796,0.010605489228377544,0.16853983687466348,0.17657915704185628,0.7335178386415075,0.06742092801096206,0.6527475436728163,0.0038124222533066233
-0.2260249680234747,0.4919119002087191,0.7700055189012908,0.707744427854619,0.13673978454577843,0.5978326677983209,0.912313991799669,0.2068189430939664,0.895650249857407,0.503579272510319,0.9193324032699145,0.1035765449537305,0.3344707680244898,0.8517183732405167,0.7981865131082716,0.9317004219461107,0.45839201064478696,0.7599836754459572,0.0067644875266241605,0.03577434185842923,0.005040444141992971,0.549474953685175,0.02252727426492549,0.6240550111592,0.6640943075642841,0.10171011353761844,0.05270031636037073,0.3006688337652219,0.08000786417371436,0.1044422776784281,0.8643829123898152,0.010336076129054832
0.5972117060080507,0.9719083765680838,0.904185500607034,0.9660686088291989,0.1424309216822226,0.7932367970115786,0.8796550578931218,0.20455710848347625,0.9901014471034207,0.8945479403406533,0.9072405619214752,0.1057994033417889,0.49666776812271884,0.8861628172471995,0.8559550685743419,0.9940449402089304,0.5250927243994622,0.48022295376271085,0.5340479756753231,0.023237935867566385,0.4771300703223207,0.8361413475608146,0.028688651068784432,0.7812647445093798,0.30000490104838823,0.6292898738943276,0.16817574150411188,0.6051533434751978,0.8302903787502858,0.07892622478202535,0.8740904207725881,0.005027433558329327
0.39821473125804285,0.9448058139348471,0.8553771411887179,0.9149978331011829,0.16468602099212737,0.7001190051234625,0.9191329278641759,0.20662814429460938,0.9217584901132493,0.9297191691180502,0.9185726850596863,0.11674559519424722,0.4982005632559322,0.9824092715801064,0.8817443432256876,0.9966846544701922,0.6884607054651046,0.7319491302496391,0.7021419897146698,0.025285881477040945,0.13302667327846793,0.017366975758267456,0.040847555043424445,0.8797968995867539,0.12636729637836924,0.4252988277727614,0.0913553331464066,0.6042959191726112,0.7564281737630466,0.4508075799551409,0.966539724614657,0.003115421324236011
-0.2260249680234747,0.4919119002087191,0.7979451639533551,0.7380293319558584,0.13430693261084015,0.5990478472807726,0.9421660756229424,0.20685547267782015,0.8915148779675195,0.9416894846369789,0.9138574132751286,0.1038261746377511,0.46759001658864263,0.9500643100993369,0.8014452465322887,0.9688405669111113,0.13551736126880407,0.6984362714091061,0.01267056128197594,0.0398627220712697,0.011345067033837633,0.549474953685175,0.021763058788414807,0.6237828575047377,0.03782370038082139,0.3266517655419105,0.12221095892054766,0.30776605525234924,0.7869420349122839,0.1406138232157057,0.8480662813696366,0.018651106607138222
0.16209967988686397,0.7971680580220142,0.8213835528263116,0.9896679720170606,0.14431423090974638,0.7085248673935666,0.9233720268597586,0.2050213721806105,0.8977090122676038,0.9624763229996292,0.9080132946545673,0.11902543510399445,0.12815462298971614,0.9679086554888772,0.862098155725933,0.9916020104648509,0.7225818249652235,0.7763127632504988,0.1785795280074782,0.0009923060533147858,0.03135982680448862,0.03462013774973069,0.038233030381317465,0.8032052020347535,0.9198636317401963,0.09099055421494406,0.13657848460781108,0.35911968364,0.8162646886780519,0.4223024782906972,0.9667662850033008,0.0035847627154751553
-0.19177094607418207,0.9714590412031099,0.7715096603445121,0.7561346095832899,0.0746476936952932,0.6432119749537698,0.8770786443602259,0.20741257216076317,0.9167484709213716,0.9442736349571363,0.9437049329151912,0.1051024881891647,0.5164616835671101,0.9590036594300759,0.8674478162158284,0.97230309345941,0.0414820445326366,0.5832254273394101,0.016700603256385005,0.024325046050690226,0.0003813445225085972,0.53995929366902,0.04388813337915225,0.6890508505998633,0.015121136598884533,0.09883143677576181,0.0003929761516879675,0.13331428799047346,0.5698917957221716,0.07106902333649685,0.7784989037213963,0.02046565005559719
-0.3033754950354546,0.4919249587652264,0.8319332421525043,0.9797961673024012,0.16883052420590822,0.7076733829631489,0.8926537274399342,0.21413752906550404,0.8934973969833113,0.5293808953832415,0.911888990927539,0.10577541746072057,0.5925684596446438,0.9599847093607051,0.8509002210770236,0.7611008278029014,0.042842084989818285,0.7295036285777851,0.012300365591127085,0.056820475716452774,0.03956533526270256,0.1663451994916788,0.017555954775019977,0.8330672184225353,0.10897491753162858,0.17729387092050974,0.005363461362970029,0.4018733377116118,0.7363290093143287,0.004240648803456842,0.8865957995429535,0.0051467497336036136
-0.054481979233561156,0.45829121304534287,0.839568291555602,0.9664118139235047,0.07614972669844483,0.852263714070469,0.8882347404352839,0.21871025313607373,0.9179460599968181,0.5158573695695919,0.9064867626068567,0.0877139284791184,0.3909238931420923,0.8523643650930826,0.7912034442236555,0.7690246503868469,0.5906993619004381,0.4133568881343648,0.006718246532931252,0.05298282078457665,0.0013830714266372252,0.5771727957682038,0.04941070032299344,0.7193793945016105,0.9352035836928994,0.09220459143660578,0.04058852864914774,0.22280864437880216,0.018897211501591724,0.06606437795191811,0.33363467908849925,0.0097220621595161
0.005492160944174124,0.8563028553761294,0.9542141292932932,0.9379523699614264,0.11108466276706827,0.973753699908615,0.9208516286705498,0.20875732988129286,0.9337558953271976,0.956626086738805,0.795009996404734,0.10809033076964941,0.3401316260697464,0.9844567503918982,0.8787000578776754,0.9762097059501812,0.040795041523258746,0.7211183450727356,0.5883672805484255,0.027017726453873167,0.017563941757379187,0.16876069994144313,0.07730610061148643,0.8468124450691504,0.1839570622372566,0.10484629159089663,0.1283758035224291,0.34460739675482477,0.9753884393762818,0.4500950529582027,0.9521486799211629,0.0018553037110203181
0.5950043271844356,0.9648594509510189,0.9032831829154127,0.7548520356917344,0.13905494583115563,0.7024620694958648,0.9318932490701086,0.20452079742140544,0.8832506001677025,0.9546386683287215,0.91453263707897,0.10552849169332106,0.2785068815268573,0.9758605921087985,0.7381521476082278,0.9644761798456877,0.8472577084440838,0.7160538530084533,0.3833833934077874,0.005153509011279336,0.07401685718776563,0.0460253071499723,0.06566895811453549,0.8299176866417065,0.2763756639121049,0.09105889122261802,0.0014571022169697703,0.20709375630210938,0.805372505757912,0.021312194479565477,0.9855135662697668,0.0009174860124907674
0.017900275322423692,0.40675659228652167,0.9137420341878856,0.7682504797102296,0.0821753895884832,0.6765822330834472,0.9083533758338592,0.21774316444726882,0.9554028935173559,0.6603865641912533,0.9102958204892027,0.10502850337371909,0.4856791207735761,0.9716587315685087,0.9849819646500013,0.9685197697673172,0.21993280568788867,0.43873656345679285,0.013255486098444291,0.03374628622734821,0.11662407226391075,0.02222010797730664,0.0037312548446933984,0.5862531246761115,0.6277934175217763,0.025879232763699023,0.037602721769712945,0.16626761393840028,0.04634757824175289,0.06893396254039694,0.708183445217524,0.011548835519302393
-0.05148609737575736,0.4639697300392745,0.8341630437047497,0.9937962168295148,0.07614972669844483,0.8537373872076892,0.8956081666636824,0.21892983509865632,0.9179460599968181,0.9112525640982989,0.9062979576595825,0.08784004727972362,0.5081820774104052,0.8523643650930826,0.791287704837209,0.8808275779076381,0.16344263292275715,0.7121153913267722,0.07605162621946149,0.03791820132694179,0.05609938013400251,0.47995487747065185,0.039820319969301465,0.7237587401639394,0.9685402900768288,0.11165177097391966,0.10999150380749509,0.22297417375557177,0.03263817687557691,0.9545961017859197,0.33363467908849925,0.0097220621595161
0.47876093873378134,0.9531378410730739,0.9059944437805423,0.9965597413198081,0.16485158973560127,0.7659152212336753,0.9208052373035679,0.21307660789060676,0.9202575511068103,0.6464285146962968,0.8094009808692892,0.9972266385952614,0.3282567461038449,0.999561046779436,0.8925804332112512,0.9696312507442737,0.6825833952230973,0.5927270804691863,0.09225207685202759,0.0532404858857069,0.03037503386176553,0.8163771428631844,0.0017992991224908272,0.004401284665756011,0.09496323228955444,0.5331332217097863,0.010406304079914053,0.0014156949061631626,0.8437262471984535,0.4461592522891943,0.2069598250371581,0.9857622467609575
0.06003491923407428,0.5327539269225084,-0.7562792950674571,0.3739094323586386,0.1064703099279536,0.6757859488847043,0.868502275227952,0.22371466707311058,0.8938499395166286,0.6351635365640897,0.8965256700736375,0.08924650034073861,0.38377984121978487,0.9908286382294469,0.8571894469446052,0.7847751900613187,0.08372516340703823,0.4282540824121935,0.010138727880664666,0.007990041323199294,0.012397159121241678,0.10248934932728815,0.00394111028260263,0.7244030810040549,0.9951309150687809,0.034530871483567295,0.03541265323365426,0.3466820207117058,0.0033895420988482496,0.025491005629646304,0.9729763279023077,0.012752473327492256
0.5896623474676445,0.9626986133824734,-0.8884009074316103,0.8984771697773258,0.15913854911996014,0.9478748666275987,0.9194347706960807,0.22465581977495472,0.9404484473183382,0.9352316889675243,0.8965256700736375,0.10741901946722288,0.5137895746043157,0.996834232342755,0.8571837446472196,0.8490879062398556,0.7208241797887112,0.9079545201893449,0.010138727880664666,0.053562217438001714,0.0698564207808491,0.5739776945233256,0.01913663707129807,0.7341411148200186,0.9597767331183179,0.7477233536130679,0.021976904282964144,0.1597231728658438,0.03978438178814752,0.1103855081865387,0.9173851529627615,0.8792788536526237
0.47876093873378134,0.9531378410730739,0.8545405258330189,0.9965597413198081,0.16381244823384922,0.931181662226746,0.9208013215802098,0.18928366784451245,0.9135447400224973,0.8952180034470137,0.9190570083130436,0.9972266385952614,0.3182831532965057,0.9996534345770682,0.8548738752450842,0.7988499589545629,0.032274430119748176,0.6482361327944799,0.09500616202170795,0.05255202926377041,0.031497501287854994,0.8178794122641775,0.9934748225949465,0.004401284665756011,0.10437055569665321,0.7836116572111108,0.16701212498372864,0.012530546794093433,0.7992107952387475,0.7880126516237743,0.276985250131737,0.9325377887232265
-0.20616218100754974,0.4768635263335037,0.5049846455508781,0.7143887244562864,0.14148578614610385,0.9926111978871669,0.9243312724733609,0.20730048309325763,0.9129191535786658,0.8805155542613874,0.9148264445814688,0.10586993154852903,-0.7364519794851352,0.9886979883460205,0.8565382617362312,0.9641541494725487,0.7099761587490223,0.5904119059317594,0.049340732575701825,0.05067295637298397,0.006164929927076512,0.5261658547174307,0.1843023307410555,0.8204038400877403,0.7335410285188206,0.09935405713289908,0.06859670483686615,0.18069584893777446,0.016924559783797866,0.09716431277422485,0.056982416209238745,0.0037801673316516324
-0.20992440055505548,0.45843890207441335,0.8347381898198847,0.7082693412249508,0.14255382086997037,0.6750358732403505,0.9244712616604815,0.20475123034332202,0.9368714455114646,0.5261505289519203,0.9151196849291696,0.10580174394617295,0.3840898431338555,0.9504955060771804,0.8897301848347843,0.8530744829901291,0.052474059883878335,0.41457914020793557,0.4222602115311357,0.061822438119349635,0.006747907337283671,0.6086158149224156,0.05059653206935151,0.8533368936206445,0.836611399209269,0.11415220380082931,0.05671654971015287,0.437076476439221,0.01840747737294665,0.07607577575526348,0.9357473295975479,0.015264258705865674
-0.2612815382746568,0.9209014495442691,0.898895954343758,0.41467923192545697,0.24290604295509075,0.7049707108883809,0.9071358885307009,0.20748493074493168,0.6154065830753565,0.9467895484175153,0.9542279029432166,0.731249250740358,0.527497160893341,0.9700703418797074,0.840469429719956,0.9658328305032156,0.1941086021236762,0.37635978365885986,0.005210539583410471,0.03150124238847249,0.04735947143715039,0.5387534168564514,0.004073057419911628,0.797847260578154,0.9719444623606045,0.34807336260842636,0.03492145729847025,0.16416445090701232,0.7988932455580106,0.020363776362783866,0.726607213359345,0.03250337553992649
0.5743869774433765,0.9491569732825902,0.9460455565161301,0.7340493585966655,0.09782525790390821,0.6758739380695836,0.9164072964725635,0.20663125070506466,0.9565976783901117,0.9652049120127792,0.8804625493782979,0.10416634369538619,0.5323445070347257,0.9670997828582197,0.8728168505473451,0.7723881343699794,0.6809957749276524,0.8423291956252159,0.015082035635782753,0.02769530243222871,0.029560290885207244,0.06757086922553035,0.045227238245245896,0.8469727120887962,0.08515348269076028,0.0012195195337259546,0.03748251198130983,0.4012409531115474,0.624765414976281,0.4198464527887041,0.025002526531636537,0.014850937460133471
-0.588931661711742,0.47468105779239134,0.9052082967447812,0.609957261924915,0.20931300969354044,0.6574593235398141,0.8969760880595241,0.2544515307304843,0.20353639613769045,0.14950556298305967,0.9341794324305728,0.9204176391510118,0.331087556458997,0.9833596045237563,0.8648467863128615,0.990052235887453,0.02531422348601814,0.7133836048897346,0.017726925373813443,0.060098942641522296,0.18077066148679938,0.5683750945078894,0.04717541942552525,0.012309893856613852,0.07132881409568798,0.9729155615251353,0.021155977047808312,0.0026225553364262466,0.7659122212168304,0.007312329642052674,0.22955736412229294,0.8890115448134257
-0.04342715927305234,0.44928556721893703,0.7781796613130431,0.9717465900588594,0.07566024215543615,0.7034041226484937,0.9189433853644073,0.2191486318697011,0.9172102770500657,0.4855872929815538,0.9145050579682078,0.10017484677372208,0.3179691503532083,0.735747460141561,0.8215166022905468,0.8118864974580502,0.1507123722437963,0.7071105298064196,0.07783620451351578,0.056459302735927405,0.024127224572446655,0.5731886599747539,0.9891462213978058,0.8468979450917875,0.8855827166034915,0.06412276804423038,0.1510528769714577,0.1759223796831074,0.9868953373182812,0.3435183094095274,0.8957820139441697,0.009740946165825434
0.5940182669174245,0.9055501314971542,0.8362376593532959,0.7564482827387636,0.15207414701613908,0.9577980154684594,0.9113169118707549,0.2062918886445745,0.8948397701278241,0.864803081709334,0.9308615312904366,0.10420634451280071,0.3430695888613995,0.9233914497409498,0.8174892059978468,0.7842918445568627,0.0031772872240451444,0.7062865143349611,0.6099399959108164,0.0266457349425637,0.6043592441124989,0.5240846208248595,0.03208790228479439,0.8462957713540986,0.9389572534537636,0.07109994211770465,0.1431292162346462,0.4058674840608555,0.23141947501281585,0.965825318060896,0.8822393870115728,0.018765632542413292
0.5084134692938044,0.9700127187457541,-0.805735363102662,0.7631623612871865,0.3004179119074735,0.9265517087468241,0.8872395147341099,0.19769975463410533,0.568322766194301,0.9635000187227529,0.8516138006453554,0.9109697192406226,0.5577598329559128,0.8681990551419629,-0.6964888665009645,0.9812051949215428,0.14613620683384473,0.7673879994821902,0.11329163732582795,0.03278395965906031,0.0013945753405364691,0.8450211547335225,0.044938753717613494,0.5867636412617908,0.8038245646909293,0.07601905376122864,0.14738205679618266,0.1617233268791712,0.7983896922662506,0.3551672639590815,0.205879927727373,0.014523634928500728
-0.28823460399163836,0.4735540853411226,0.9030795470023097,0.5948169273425782,0.14281154480451325,0.8912656573384222,0.9214109894186914,0.20500811561742466,0.8867309285383171,0.5148417176159952,0.9052331295502705,0.1051647515956536,0.3722529865791375,0.7517257052327546,0.8771250581452746,0.787719943983981,0.016575066651021875,0.4832052356459082,0.006696277415122057,0.013186025849113756,0.010862077716785046,0.5176968692302575,0.032535380623141354,0.5960841528444214,0.09479208235186393,0.047619094121464645,0.011064513435232893,0.4424877896783498,0.018401483674478927,0.019120695324257878,0.6857121505278746,0.01896816042936191
-0.22642339178684873,0.5009584973773669,0.8913449635245755,0.9656768711447166,0.16223155784303261,0.676054845058939,0.9191329278641759,0.20774691179960245,0.901120549138702,0.629193932497736,0.90890578717631,0.10722560993309369,0.39306363485667783,0.985119177853589,0.8116623512362153,0.8060863009860524,0.5757872422874125,0.41870933662085985,0.07150700738230766,0.01282807432215629,0.031575828502066305,0.6585878367615661,0.01704696292667073,0.840451356157091,0.08840375308307585,0.09886904369006343,0.040493912638551205,0.355965043677173,0.1308478744932685,0.07473878003488735,0.9475197623438958,0.002366114541236081
0.6010015287751609,0.9447195926597116,0.809404475760059,0.8444840600007375,0.14295542116019086,0.8010749654850762,0.9489171387815455,0.20793010884090024,0.8984129679272257,0.960977320360011,0.9054664758832313,0.11857156595579424,0.33832723068219045,0.9617347695993407,0.6370537572716316,0.9669435962526582,0.5007571096932864,0.541427452876017,0.3730819680989115,0.058145461110539864,0.4532632923331499,0.02044623530320008,0.0373041869681435,0.8701129129054599,0.8054754658810817,0.42066446279364095,0.010878098713347911,0.39279565013212003,0.8673014999508255,0.8379460417309673,0.6750564097573856,0.009719755200175487
0.49082322117144217,0.7842914228538348,0.8210935474924697,0.9456092071835924,0.14431423090974638,0.7094444965619878,0.948395761744795,0.2050213721806105,0.897579387598624,0.8775359014383418,0.8845299616827121,0.10290377533169706,0.13654162781668577,0.9681298681109981,0.862098155725933,0.9916020104648509,0.7153266311593482,0.7457807959631023,0.3730819680989115,0.0011310934468011513,0.035438421493617756,0.03462013774973069,0.022352768667900095,0.8032052020347535,0.7866994202791014,0.09099055421494406,0.05538105048524908,0.3608252472482036,0.800166905287788,0.42308122932919145,0.9667662850033008,0.00824776983678369
0.603106849486614,0.9618939919085423,0.8386611081030135,0.9650625978214984,0.1454769106985193,0.9745439549808528,0.9489171387815455,0.20793010884090024,0.9204168821507497,0.960977320360011,0.9251898053693433,0.1185051142748967,0.2801732711789923,0.9844912445032852,0.9731247162995142,0.9735965849897021,0.6910821944498858,0.9171006649110851,0.3730819680989115,0.0666315916751562,0.4709524150379413,0.004117687033980855,0.05083330874778247,0.8594417196485318,0.9258886970799294,0.13943482837124024,0.16386397853253418,0.6270648323841428,0.8178766410686632,0.9403589062267258,0.9890697944008623,0.034995589833477635
-0.20531629523497413,0.3578549341533743,0.9061288104520057,0.7488605443336112,0.20732197999590862,0.6669946813638954,0.9095525316117093,0.23122030895665446,0.20349942647829836,0.9151545103668862,0.9255646860033644,0.964358076968644,0.49125781163324633,0.9860265919298759,0.8716329822929879,0.9838787716440863,0.04089052793169079,0.8153115925994263,0.16814439188406619,0.120224800449612,0.4954209857964124,0.7505556906601405,0.054812244064560534,0.03224056345052623,0.8681328187628361,0.5985576429978594,0.16305074124602595,0.6038412731059581,0.7101692026806126,0.12231257783285847,0.8914690983803484,0.8387638108695137
-0.19177094607418207,0.9575349714773057,0.7715096603445121,0.7561346095832899,0.0746476936952932,0.6432119749537698,0.8770786443602259,0.20741257216076317,0.9167484709213716,0.9442736349571363,0.9445907025140743,0.1051024881891647,0.5164616835671101,0.9590036594300759,0.8380833740467144,0.9735460940261431,0.0414820445326366,0.5832254273394101,0.016700603256385005,0.024325046050690226,0.0003813445225085972,0.53995929366902,0.04388813337915225,0.6890508505998633,0.015121136598884533,0.09883143677576181,0.0003929761516879675,0.13331428799047346,0.5698917957221716,0.07106902333649685,0.7784989037213963,0.02046565005559719
-0.19745659054618175,0.4944442558112781,0.873537410421131,0.9702955610755473,0.09620833435327186,0.8087648569960074,0.9338255496833789,0.20496008451452521,0.9407561635029746,0.8943330683605828,0.9164407927747642,0.10768223284672639,0.480438829898835,0.9912609818395584,0.8114454619798134,0.7627889462398393,0.29099058080597423,0.7725698657464211,0.3533764432020405,0.04806719042385072,0.02834581107860934,0.6208047027602039,0.049389774873389365,0.8498563308666747,0.10227102401072807,0.10115928036349281,0.08485042026316986,0.17680288813149103,0.992517899477772,0.16366596793480906,0.9110118773059249,0.018556320574712376
-0.4282185403055291,0.942806437970819,0.8168462147112762,0.93914358861512,0.0791938349519211,0.960606595273146,0.922772808759543,0.22240177723344834,0.9195878363045069,0.9557224220172901,0.91137929330876,0.1075937466506574,0.5381218266661579,0.8807098764569646,0.8626199862825704,0.7922634766099297,0.10948947025466255,0.7734057568657045,0.5542553850044836,0.023897326678304784,0.004719291514171907,0.706413637509424,0.23851622948879037,0.8541707221034509,0.009903560168808168,0.0400338750300951,0.3530682350390846,0.3751890260122477,0.8794973453389395,0.07434794555638852,0.8813429450631464,0.018422276272068893
-0.003278322298217111,0.4144547799235764,0.8201881787392029,0.9555977773548238,0.17418269489750843,0.6451131016516843,0.912047044611935,0.20587452437159676,0.8753118124723753,0.6605165627299938,0.8910546266267887,0.10834151694752069,0.30535489976566316,0.9854284112432115,0.8461135971210015,0.8409519282259537,0.10494063274157406,0.6209583921618731,0.17879212879243364,0.014369539920285859,0.010020514798762023,0.07315227335810534,0.013230817021706939,0.5734363979939733,0.21664306636506064,0.08070540357140357,0.052322339741880323,0.22338845730113147,0.7754267987808544,0.0004798954560448071,0.8256430177753329,0.0043336839919970805
0.11696931700253696,0.5129295071515643,0.871357027264808,0.8961788651865615,0.20127872221383994,0.6700294266030143,0.9231910602066353,0.1857877824992353,0.9816528780183101,0.5036545591215489,0.9152349137967974,0.10493248365690272,0.5113826235069948,0.9749321852481029,0.8432919365695714,0.7602937951990759,0.6265174286172609,0.36522174544924957,0.39332944048753155,0.0014231947364129471,0.004954375946477987,0.026441013508212874,0.012417770906195277,0.660428002851138,0.7877595785149877,0.018257109773319125,0.10332144024724628,0.6153815829989834,0.739651319325362,0.0049985991160722415,0.9773544260448467,0.0184484923666317
-0.2041599271462643,0.397614569334192,0.8414194765881313,0.7501744459308967,0.1435391300874294,0.6901838181846837,0.8926536978975662,0.20536613507646867,0.9169424293131514,0.5205273969517167,0.8783483993306894,0.10579630182778253,0.5106986758128225,0.9080675872863292,0.8092414019910574,0.8443041675673867,0.004659022453643025,0.03036988247264244,0.012870909378103229,0.06526877217438785,0.0574933721592219,0.5634532373806932,0.023913793745972467,0.7420349854557946,0.016306403740730724,0.1619531582997527,0.15245172314728106,0.3560216396974064,0.8989514992485319,0.4581508019528582,0.02593847946889888,0.012852530623207181
0.5154943952469521,0.9964636657323707,0.9118670744933599,0.9556707289847033,0.14606640759246942,0.8657892887804961,0.9210022359498956,0.21518816312796107,0.9604658621617089,0.9723115713094203,0.907744476308439,0.1169057803567014,0.5452488775253105,0.9655083738124701,0.8586912978656033,0.9669550174087391,0.6805622216699606,0.7367107521611893,0.5558020378276689,0.05170646831679017,0.1329855347653493,0.017349362132216828,0.043109936952732936,0.721790341662435,0.7799403911211031,0.012030646327099846,0.14697675958882744,0.6036435816431733,0.7875582405008646,0.38854502053568424,0.7946811009281645,0.00207264253769967
0.14808573089759672,0.9554345279774249,0.8381841783898392,0.6376391938793832,0.11439568331551903,0.6920903724523407,0.9186880584176008,0.21804597773882636,0.8955050851268932,0.8813324178567288,0.9110670068360522,0.08703705481729526,0.2680868889655755,0.882126797503205,0.8794428617733323,0.7849749954655054,0.5391141680183857,0.48487712452402276,0.006474684315292516,0.011148473183877385,0.05285705075821501,0.0065458719877857195,0.02838629715651749,0.8182103651925334,0.9382354425479331,0.03319410300884636,0.14231915314580373,0.3479047696619717,0.09925427689263747,0.35851910925032904,0.8962741055583899,0.014302822356574225
-0.21198327244928583,0.49190415837003604,0.7723830092686035,0.9297652452255976,0.1414077145991551,0.5996838078608477,0.8929095318414539,0.20497466579031848,0.8931820978977918,0.5035859410777253,0.9093051759498254,0.09429033285263808,0.3963883317724021,0.8517183732405167,0.7348048582892799,0.7509020497478777,0.419519751747712,0.7709481719450305,0.00219156886212607,0.03986988644067632,0.031908041577564834,0.10388748961278393,0.007673261106540371,0.5988857423649963,0.07122034973174701,0.18849076360685252,0.09699657297779694,0.30549125484862816,0.01490592626243531,0.10049829664162024,0.8884087980113181,0.010496109883989647
0.8911750955970283,0.953563106526745,0.9059944437805423,0.9818224006024286,0.16541102695713777,0.699110571518312,0.9208013215802098,0.2852291260970003,0.6426331607178015,0.6505160836378634,0.9177418486020262,0.9978849547740029,0.4883997500148163,0.9698763629863276,0.8318922821789062,0.7997927602142583,0.6292774721467351,0.37686016712007797,0.11131795883192878,0.052794748635051396,0.0315040821254567,0.81661960953882,0.9959621737466904,0.006640104987155615,0.8439285562595542,0.08762638403764536,0.16701212498372864,0.0005652684490146664,0.7928393125787876,0.04800021384285946,0.23061611746935817,0.9343243604810751
-0.20516197063974717,0.4602902120003122,0.9323908766291993,0.7585529157638723,0.2990372179321564,0.9891151293618557,0.8872395147341099,0.9301233270343452,0.5830650660646142,0.9059447041750114,0.8920502254405234,0.9298542533453112,-0.6338040797748534,0.9612125881133295,0.8019096331577008,0.7737316360373976,0.004071129580817512,0.7671302723788342,0.48465169212644976,0.003043903330211477,0.028099651556397074,0.5833471477679222,0.0037064194979202596,0.5869470601664637,0.8007552543556817,0.001504330202410649,0.14738205679618266,0.29938802062654885,0.03772919035412481,0.38540747026944544,0.9195930731942217,0.020514069137532606
0.5124215022826919,0.9797312429960906,0.871357027264808,0.8961788651865615,0.20073024694347852,0.6700294266030143,0.9231910602066353,0.18515187464615374,0.9816528780183101,0.5028472595840867,0.9152349137967974,0.10502831941054755,0.5113826235069948,0.9749321852481029,0.9483872631448007,0.7602937951990759,0.6809724307642194,0.7548105916670353,0.39332944048753155,0.0014231947364129471,0.009344542264283408,0.5763852557466344,0.012417770906195277,0.6609171774290653,0.7877595785149877,0.018257109773319125,0.10332144024724628,0.6153815829989834,0.739651319325362,0.0321760586507137,0.9773544260448467,0.0184484923666317
-0.2055651603263726,0.45772961599753303,0.9019663479461637,0.9824637956706455,0.14163385713659474,0.5618902293087907,0.8727116435623856,0.2051989846322405,0.9528340232344524,0.9258482700411621,0.9169887461373747,0.09676941089912446,0.49359269991328836,0.9539819041552047,0.9841313053595045,0.9897411311693639,0.088381727578381,0.9199019239391419,0.5463203896455407,0.06673544770312279,0.05657250938077235,0.5234006994002621,0.04388052251342974,0.6724283819697697,0.05986126008235339,0.10894452346322017,0.15220059961646024,0.44424033117712725,0.8730937882873147,0.4458846199530307,0.9332008908968877,0.018689630636276114
-0.5808640219747693,0.9523741694429898,0.8230203030609219,0.7791829987342512,-0.02295356039879001,0.8830162705873303,0.9497704898913407,0.16790921491537933,0.6065718178346596,0.9044193970096582,0.8567832592601687,0.8760508155237431,0.4999018891819492,0.8773716168102759,0.864290990121687,0.8935033448056583,0.49959459334211737,0.7725238613100257,0.01990496757629403,0.026520570250063914,0.014909234913224198,0.49745486735609074,0.012471271823105867,0.048692014044741175,0.9705236032653604,0.0498124602625141,0.019210759712321834,0.013052799237156687,0.8534056173857238,0.01425827724331949,0.7095810756346022,0.8802378094974778
-0.2041599271462643,0.43284465552869283,0.8392195280305955,0.7501744459308967,0.1435391300874294,0.6901838181846837,0.8935519088420207,0.20503551806781883,0.900751363305395,0.5242944860584327,0.8783483993306894,0.1058046583910977,0.5106986758128225,0.9080675872863292,0.8092414019910574,0.8443041675673867,0.004659022453643025,0.03036988247264244,0.012870909378103229,0.056290316462481574,0.0574933721592219,0.5634532373806932,0.02383963258892746,0.7420349854557946,0.016306403740730724,0.1619531582997527,0.008575187512438728,0.3560216396974064,0.769776310897291,0.45553343472610586,0.02593847946889888,0.012852530623207181
-0.2006671510625594,0.9633058596319748,0.7768757906293177,0.9725207751176261,0.14066633617882474,0.6745770820797313,0.9241199067825555,0.20776282891982573,0.8946407732596467,0.5362847368001531,0.9391752987558671,0.10394099050682279,0.5715056400321137,0.9864864135941909,0.88795457358957,0.9840503051553976,0.6279909782397386,0.4074128511747842,0.16002350710799407,0.010686492900690747,0.05990038091967856,0.4852371455182393,0.0544788197664897,0.8487579792216209,0.1632044510330276,0.07553425081924942,0.027975699095506568,0.4051018915593623,0.019890444227985908,0.20430802561464434,0.936940419624154,0.005294381724002358
0.07246478924378885,0.9497905625663815,0.8381841783898392,0.9994118861706817,0.11226705856709143,0.9186088584695277,0.949063955015653,0.20875732988129286,0.9156156045462175,0.9529190048699313,0.9152319288107584,0.1089687476228792,0.38664554999120027,0.9817087689756654,0.878715821039959,0.7850713576089603,0.6759186350043093,0.7683409537291571,0.10324868554765493,0.009169770417405087,0.05285705075821501,0.6723704466593121,0.020414982378204258,0.8468979450917875,0.6297381394741979,0.01672536507977901,0.14231915314580373,0.35398071719262303,0.8138211023468762,0.3811015131374075,0.7601788211548421,0.017321412957485127
0.5949900256240439,0.935212615833867,0.9033820183372265,0.9287966434488331,0.13905494583115563,0.7012538848985036,0.9318932490701086,0.20508435238199965,0.9321964665253964,0.511577915230195,0.906203417260359,0.10546692547193906,0.49557286145409335,0.9825992906185524,0.8177354576860392,0.947304349415467,0.9134470431705748,0.7584239118472946,0.41154710148265206,0.005645504001118323,0.024134019330198327,0.5712052041664208,0.006447686817030156,0.8299176866417065,0.28915839530073206,0.09105889122261802,0.006215048440688445,0.149076860977421,0.8483676382616593,0.8725332927840009,0.956155808922069,0.0019482105195359435
-0.20616218100754974,0.4768635263335037,0.5049846455508781,0.7141570445721523,0.14148578614610385,0.9926111978871669,0.9243312724733609,0.20730048309325763,0.913249702020699,0.8706874591810728,0.9110307492205281,0.10529652915737388,-0.7364519794851352,0.5392090552002698,0.8040023440486476,0.9630161386046396,0.7099761587490223,0.5904119059317594,0.049340732575701825,0.02275635059974923,0.006164929927076512,0.5261658547174307,0.053883923672703185,0.8204038400877403,0.7335410285188206,0.018584865669273316,0.06859670483686615,0.18069584893777446,0.010441058071546959,0.09725492023029689,0.057419778829148505,0.0037801673316516324
-0.20675946247412946,0.48575882489744227,0.8383974922571711,0.7434612613115559,0.07919984419977054,0.7230252391447036,0.8993337873468898,0.22119438718435744,0.9402154634877168,0.9141651435083497,0.9109160174116028,0.10541797853615467,0.33583248402231014,0.8473505615547356,0.7984069306831059,0.836208805552419,0.04553810899941918,0.7720337896940401,0.5345385246232385,0.012632523044373244,0.013044678463385844,0.5464588095944061,0.01640573977339051,0.7270485515113567,0.010191436617976557,0.17495584910573536,0.06150983063340526,0.17594282491670807,0.7719925475774002,0.07301085122197382,0.2510571040713242,0.017182379247474424
-0.2005807970718888,0.4048140432370155,0.901550563405832,0.9681671554029793,0.08156972760185084,0.9623396887321186,0.9181760360272555,0.21741738501007418,0.9088451805537703,0.6601546817627548,0.9036936877695895,0.10756382326953176,0.2822615555601758,0.9075646854214612,0.8193384934439593,0.985455945213014,0.32706015383774123,0.0435962083012833,0.37258273535692243,0.06180281020781497,0.22468362405742404,0.017107759423569846,0.9783591556606466,0.6218218347648905,0.8471558619717849,0.005834366590397266,0.24975892817654083,0.16243283652990506,0.8552329692025648,0.9837274821924852,0.6799861259158333,0.0064759068154618665
0.5985736441570801,0.9981085923715994,-0.7562792950674571,0.35009018711843,0.15678033595546115,0.9373341775448705,0.9228814330413013,0.20884900461296815,0.8938718759465016,0.9528213936175893,0.8965256700736375,0.08924650034073861,0.38344941990846687,0.964265347175582,0.8587141736247447,0.7847527182157786,0.07073806150476591,0.452331307511151,0.010138727880664666,0.007990041323199294,0.052752068916596284,0.16374834676032013,0.00394111028260263,0.8509302158850045,0.9910901018438051,0.034530871483567295,0.03541265323365426,0.3539714289184581,0.0033895420988482496,0.14965293985632244,0.9754027810270773,0.0027603120338880417
0.6329132708470282,0.9349827434004623,0.9023406225334302,0.7842463664579588,0.15261977456081674,0.6888891811143589,0.857029927462392,0.20501514799882445,0.9307204499835579,0.9633223247652096,0.9036202283956528,0.10478321261835861,0.3326571481692321,0.970309981067266,0.8613853722375729,0.9714435324338808,0.08089078355922019,0.3795769541996985,0.36806329986331054,0.004937358513347992,0.0456610823922909,0.020533202199614825,0.08821072217494824,0.746291582227266,0.8518883155382567,0.004359728835980965,0.05683753826173617,0.48598030204382947,0.0536397555014847,0.49471590984291935,0.6343252368881195,0.0027609342862369127
-0.5849058569553574,0.4466502321185193,0.8760290237500935,0.4485687170565328,0.08808452155236904,0.6683063132912053,0.9231124976547663,0.22209495282117656,0.907143542576587,0.9183041213929549,0.9427550780288692,0.10556273711058145,0.309305731814335,0.9867384062521734,0.8351810235749312,0.9851942217704872,0.677845024042751,0.782293776441984,0.5285444944064037,0.05996390869476584,0.0521575285192933,0.5691275420342559,0.04225962906537298,0.03186176617904812,0.7440743364599599,0.43861331534189796,0.08750148374914248,0.014802382979956674,0.8079829619129988,0.13018671015232447,0.2986353586583953,0.8806930438278096
0.09693176457922684,0.8596913669553041,0.9351107667520933,0.7466490782340435,0.14077036999126075,0.6904195140181792,0.9245146794180545,0.20559149761254975,0.9084764809758904,0.5205433294398987,0.910303670890582,0.1033769703891182,0.27734679080733315,0.8229340668339887,0.7989488770424703,0.772295269605941,0.001416748961101305,0.7753578526330673,0.16696777669452317,0.012393911428312643,0.00999331252672421,0.5734840767296767,0.006177060134432449,0.6070891815321245,0.8931001790547524,0.10507261073967714,0.04550321628538662,0.3013360920691723,0.018567305541598213,0.07156472456667382,0.9070981332356111,0.0037609215279503522
-0.21198327244928583,0.5353256420898025,0.9036817513074358,0.9447300132937685,0.1414077145991551,0.7038932933710982,0.8929095318414539,0.20497466579031848,0.8931820978977918,0.9305343505360127,0.9093051759498254,0.09429033285263808,0.3963756496293636,0.8475847549236831,0.7348048582892799,0.7509020497478777,0.43073013161964446,0.7709481719450305,0.0012063938119003716,0.03986988644067632,0.03859169346320347,0.10388748961278393,0.007697154940493784,0.5988857423649963,0.07122034973174701,0.18849076360685252,0.09699657297779694,0.30549125484862816,0.8244960491610686,0.12303468581893973,0.8884087980113181,0.010496109883989647
-0.588931661711742,0.4029619666083383,0.8384476753341753,0.7468883829340841,0.2274319937652731,0.614703705046961,0.9213388675035372,0.15951667545695072,0.9126899908216899,0.14022527902377474,0.8835844693434765,0.06333675574311676,0.2791971082360032,0.9920108803115778,0.7917904213639553,0.968068852630436,0.02531422348601814,0.40711519787540856,0.017354067771315745,0.05865628637349721,0.06000187409025235,0.5681442638560498,0.04988375741726382,0.02722141052299093,0.04167273277367495,0.16265302603299545,0.018751015702935515,0.01635570250510432,0.018843010832958588,0.009761638816503639,0.23590608350745423,0.8137073596332852
0.22909392714196014,0.4090856970956865,0.896604096722794,0.81152285649003,0.08392602776452049,0.8188617288063124,0.9335483291518673,0.21813620862660366,0.8933043276156063,0.5926339871540324,0.9150244751309683,0.07535038109065734,0.5149807272501994,0.9880375840160984,0.8193384934439593,0.9893530872058323,0.07982823233639685,0.4447322581629964,0.15531503539075903,0.039960356638745864,0.21944664686814663,0.1604675017655665,0.4846432158582023,0.8621984074227762,0.8363005952683789,0.042949664951687096,0.14207026092906486,0.4456188377465756,0.8653782853847328,0.9910775807037064,0.69219216021638,0.016340934063934776
0.5273456431428714,0.9596264487745503,0.9137531604406911,0.9752460186138077,0.24347419282971314,0.9897492842897615,0.942373343675487,0.3719339425545802,0.5639219652871464,0.9272363512713003,0.9244585329438912,0.8622252979777235,0.5318623742366048,0.9920157923113635,0.8421965686951277,0.9452442385496608,0.9728185798922604,0.9047629871928877,0.4857593134184658,0.1514674870015461,0.00612810876325133,0.9255193735112252,0.06783839366579597,0.8511749073607285,0.8757917847583409,0.08635080420881014,0.16357546200499223,0.11500201136161586,0.800640398757714,0.4437394604435059,0.7641957298235552,0.052811183558678934
0.5010680917930623,0.9999567182304717,0.8379235062253224,0.9731026266018816,0.11160805776845113,0.6998749713687893,0.910723134857988,0.21708572689200764,0.8813023729424293,0.8841756213265949,0.9110218271779109,0.10793913041492269,0.33048348547246525,0.9582371739354489,0.8030720695735855,0.7908596761179519,0.01041042813811588,0.5301250544388059,0.4289928086307689,0.025912785976068088,0.2027273193670736,0.16057310810945397,0.04361169918682422,0.8345175476411327,0.5828671065878193,0.033899169829311473,0.14315552503239964,0.3973752918892759,0.1457588970663432,0.07417331358056922,0.015020368780157223,0.019336330984787216
-0.06857753772682051,0.9501345141770535,0.9007101696696932,0.8379062709465953,0.32213244754370507,0.9754265354050793,0.8850312182798454,0.9938886564045244,0.5677978591646939,0.9792456379230833,0.881890916888243,0.947976863988249,0.44488577987040845,0.8388336913242841,0.875256037624329,0.7843774930177458,0.07247197237826442,0.6496915756180807,0.17088818512324616,0.04523173874278341,0.0018724428888615696,0.6058411985455263,0.02146853033520227,0.6686575114686051,0.10693712476109068,0.0775591489257776,0.09021963831729855,0.1494121492213643,0.026195292061901576,0.0631278768665953,0.9420179550088027,0.03735677171037578
0.6001331723783341,0.8872011673455888,0.9982209456217699,0.7583754304996697,0.16211875183780566,0.701106103292259,0.9205117327651006,0.20612613361505144,0.8832506001677025,0.9608112781811683,0.91453263707897,0.10845148454207347,0.27878453275137377,0.9825992906185524,0.8120704106359723,0.9910009076798952,0.05220475964389626,0.7133064240079283,0.17406361512749352,0.026046788123870263,0.02426163663518209,0.034916747833711265,0.029506906147644514,0.8299176866417065,0.11263168971135656,0.07284172033058049,0.03832669474557224,0.16436330889730127,0.8328097359621839,0.022914018394480345,0.21112833559283348,0.003518062488806012
0.6088574657630563,0.9554345279774249,0.8307781233570608,0.9966238336312306,0.11320199861416178,0.9185723518762509,0.945396601295644,0.20875732988129286,0.915529748998324,0.5143007099806324,0.9152319288107584,0.1084443581704178,0.3842276308333667,0.9593256213372029,0.8712323407297007,0.9975064282590191,0.07992460861661438,0.9896758383775421,0.041875337352628994,0.010978717142288897,0.06298074665660303,0.10009826544940836,0.0262811631680141,0.8470387510092886,0.6316649792216948,0.026563334032718107,0.09101867089990356,0.35850771290281414,0.7353110522963637,0.360916491247363,0.9248312724859069,0.017321412957485127
0.6014371310321929,0.9447195926597116,0.8211458329890373,0.8444840600007375,0.14382097878211286,0.927170672843443,0.9489171387815455,0.2092731723688135,0.9149317695600189,0.9047415739107918,0.9054664758832313,0.1185051142748967,0.2801732711789923,0.8747606154896427,0.805776880758294,0.9720322395635532,0.007387580989382886,0.7553628006524595,0.3730819680989115,0.03960543918734222,0.47235678096259137,0.5767275206462752,0.04028426008680701,0.8707439629332148,0.7842194787269859,0.1475097963056339,0.08991628296571233,0.39279565013212003,0.8258001919053662,0.8379460417309673,0.9923479876371427,0.010050768203053152
0.06900714976118005,0.9048121924956698,0.9420793918287624,0.8639323260465714,0.09764607618067547,0.9725686464784852,0.9162014853799599,0.20628567630750858,0.9513817920027208,0.5140634369779853,0.880102745089685,0.09812438951114294,0.3790495865925446,0.970773158920293,0.872677809283955,0.7624901275833703,0.6809957749276524,0.8335505483459653,0.017726454322141205,0.027645858758712522,0.0838300690975339,0.06757086922553035,0.20211053234619308,0.8690246837461523,0.08515348269076028,0.09046604906667204,0.036761540004393786,0.39202045882655534,0.7874589397544568,0.4198464527887041,0.34597760214275436,0.014850937460133471
0.015838441404544767,0.5156599722162707,0.9425859945021418,0.6001064325165839,0.08142464173842909,0.9437763419599566,0.8608729691289699,0.20532251063704848,0.9638570746339409,0.6665846481571447,0.909842472352661,0.10505478476959514,0.33942072714115307,0.9914548917607791,0.8099651200002537,0.7957375361371031,0.422332143736458,0.43632055502138434,0.009604616097586338,0.0527547544999193,0.053488145676878276,0.5590032522639367,0.042000064875273746,0.9193010181198396,0.04939398764319206,0.019020668950534725,0.040826346459604174,0.17481762169604334,0.7519604902806056,0.9656482590740657,0.6644084616504937,0.01558536365298832
-0.021196215057680393,0.3733483176871193,0.8350283461498387,0.8134191735710267,0.08109711552699572,0.7008872542657224,0.9191111079720098,0.21774316444726882,0.9153292854340057,0.6603865641912533,0.911269164497615,0.10522601396853666,0.43668362299949415,0.8052258737780728,0.7978933931377422,0.9001917022527955,0.042468800535019655,0.4073719592170115,0.5448895652642243,0.04319336865744372,0.011042261258699894,0.019559531376201866,0.030167471360417697,0.8020477516133011,0.609629775592239,0.013002225901466914,0.20265256985666985,0.15948753765380264,0.7731254374497141,0.13910333245253928,0.6429527795901173,0.011548835519302393
0.5920586492646331,0.9606101782846468,0.8457876915484397,0.9715622100230369,0.14063705526098835,0.9977644914473989,0.9044122089782681,0.20512781979859232,0.8770314972449006,0.9532146091031619,0.9405896975019835,0.10793779290794393,0.37375806900286485,0.9867602212174371,0.8438534241349268,0.9942485629685744,0.03867904465701616,0.7794115108578002,0.5351421730572672,0.025847738478684434,0.2096079258764847,0.10401583215986328,0.9433060540798134,0.8462957713540986,0.877442507695244,0.006076874118384578,0.25104580412356853,0.4047329597217374,0.8465450559923962,0.980094065052578,0.3128675167191154,0.03856389413487282
-0.286099434781993,0.8937419147771135,0.751027715080674,0.7369728081110798,0.14281154480451325,0.8886256643953427,0.9189040435093825,0.20538999165093466,0.9396469944617372,0.5701699461133363,0.9046843113154259,0.10577586344771553,0.2928324534078085,0.9640129308407925,0.824218353016416,0.9738029363645575,0.08839948523770494,0.8921841229808192,0.5447410925844297,0.024299902011463866,0.02047922183157236,0.5208871634309861,0.10750706265420595,0.6870104276657439,0.9993265619307892,0.2879755369792381,0.08158557701046903,0.44513961248502343,0.9030027539639814,0.15291337606529576,0.9259631848479737,0.006513712746721223
-0.19306452816179367,0.4244558055443993,0.8210311249188907,0.6706208294875878,0.1649071033503831,0.7928558479209559,0.9245761835980308,0.20899378297406146,0.8840478966764211,0.9458859908715633,0.9075081982715316,0.09357161432434506,0.375702928056118,0.9560511549600068,0.7023973094459423,0.9963806093676236,0.42711295050659387,0.4801434528436537,0.042110609803522187,0.025168493041493684,0.028342096835702272,0.4833571006553904,0.03855651481938109,0.6197450490074122,0.8085793671396093,0.050791503420482734,0.08980054665817662,0.4409032530005186,0.1474091119289185,0.8746006484480109,0.9520220092176843,0.014743737395417152
0.39988542801017596,0.5110262747008726,0.8393825691744907,0.9683621670906774,0.08902602183192083,0.5038902562223192,0.9239798286443671,0.21821316020633802,0.9588177087427918,0.9699858763376054,0.9171640906046181,0.09402556874086067,0.3257508072099158,0.9641070123114575,0.9177046184916217,0.7565965333062818,0.4787100409373035,0.7445676018011236,0.005053995755189784,0.024339444336814047,0.11434028947834715,0.5643782449129526,0.009727894609527526,0.8398567348438674,0.7527492438539154,0.08272611722589299,0.038240212727703685,0.1896637153218077,0.03619468758323725,0.04643821626293243,0.8837833016042376,0.004568134909944954
-0.2058480385568977,0.4586626686923168,0.8761092308147904,0.8001717681908208,0.14028820359601774,0.6756610445010253,0.9242233048535492,0.2074065670853172,0.8942753370232458,0.5434542867727918,0.8913176247231139,0.10578946633956325,0.22634190727923206,0.7387642952779099,0.8901092219650597,0.7476700467952128,0.6280290709409726,0.41505391439840145,0.5153382093795065,0.05455207981379714,0.5719905789792288,0.5225737726517804,0.004201541950684173,0.8376395868493474,0.7903976609120517,0.07508839477997824,0.0038896430278205357,0.41717969034322144,0.8181344302457271,0.07853308075290982,0.9389892193665373,0.004116354409541178
-0.22642339178684873,0.5009584973773669,0.8913449635245755,0.9655981696261545,0.16223155784303261,0.676054845058939,0.9189748352173543,0.22273423905014733,0.901120549138702,0.629193932497736,0.90890578717631,0.10722560993309369,0.39306363485667783,0.985119177853589,0.8116623512362153,0.9793544450894021,0.5218589820877099,0.41870933662085985,0.07150700738230766,0.01282807432215629,0.031575828502066305,0.6585878367615661,0.031245303056527424,0.861282135694855,0.08840375308307585,0.09886904369006343,0.040493912638551205,0.355965043677173,0.1308478744932685,0.07473878003488735,0.9475197623438958,0.002366114541236081
-0.2260249680234747,0.4919119002087191,0.7979451639533551,0.7380293319558584,0.13430693261084015,0.5990478472807726,0.9124282417568571,0.20685547267782015,0.8899854928572187,0.9416894846369789,0.9138574132751286,0.1038261746377511,0.46759001658864263,0.9500643100993369,0.8014452465322887,0.9688405669111113,0.13551736126880407,0.6984362714091061,0.01267056128197594,0.0398627220712697,0.011345067033837633,0.549474953685175,0.021763058788414807,0.6237828575047377,0.03782370038082139,0.3266517655419105,0.12237366235621644,0.30776605525234924,0.7869420349122839,0.1406138232157057,0.8480662813696366,0.018651106607138222
-0.2046288391869412,0.397614569334192,0.8414194765881313,0.7501744459308967,0.14246263557689381,0.6901838181846837,0.8926536978975662,0.20536613507646867,0.9169424293131514,0.5205273969517167,0.8783483993306894,0.10579630182778253,0.5106986758128225,0.9080675872863292,0.8092414019910574,0.8443041675673867,0.004659022453643025,0.03036988247264244,0.012870909378103229,0.06526877217438785,0.0574933721592219,0.5634532373806932,0.023913793745972467,0.7420349854557946,0.016306403740730724,0.1564845179497454,0.15245172314728106,0.3560216396974064,0.8989514992485319,0.045335964306037174,0.02593847946889888,0.012852530623207181
-0.17815771201165362,0.5902192368741437,0.8999164812785587,0.4314724343956197,0.2537462640642671,0.8526779405627235,0.9092008846920061,0.21369838255742812,0.6138990066752499,0.6309354377198825,0.9417090230887154,0.7506719668609059,0.5213485880337964,0.9691566885411982,0.8611098240806443,0.9734175968698167,0.13698089934538882,0.28362501635890736,0.0336025298363683,0.0629352959470695,0.06112566250798947,0.8328726440135445,0.016064953218543183,0.8477360035362382,0.971958987129641,0.026174265020938677,0.14207356356674652,0.3517529446437568,0.7956357146992624,0.022192483203365525,0.9829045413040682,0.020030076131481667
-0.22392257153692405,0.48592741251241744,0.843015812310833,0.9989075991295142,0.16992379606103733,0.8889829193543445,0.9113193038774368,0.29537890569020386,0.9289769887815168,0.9096765025940703,0.916561802582479,0.9119493035680457,0.49035617764368106,0.9798060919986472,0.8430138399396403,0.9797736289204849,0.6793808331591886,0.7823023592809119,0.0265741801875837,0.05410986044225802,0.021044595979142787,0.6242756373414938,0.001794476441849095,0.8615862834976492,0.772805655764776,0.10839684560000386,0.040064387097060256,0.159490172712702,0.6788858901808751,0.07537484718700149,0.9081922590497663,0.027083181537663627
0.5781134565697893,0.9491569732825902,0.9460455565161301,0.957544310393211,0.09764607618067547,0.986923665682092,0.9188913366367915,0.2066033514306553,0.9565976783901117,0.9652049120127792,0.8804712692553307,0.16015416987551845,0.532400808432074,0.9673656500488493,0.872677809283955,0.9999872973902486,0.6809957749276524,0.8308778842864863,0.015082035635782753,0.004378272994348897,0.07879608283826119,0.06757086922553035,0.2069478679443435,0.8469727120887962,0.08515348269076028,0.009892496842598533,0.00860114477722683,0.41058877982421277,0.8326265952199697,0.9328139174055607,0.016710155399858886,0.03531844863388209
-0.250362638758466,0.4977324532965634,0.9143555844264031,0.7590641527812855,0.08810289458178938,0.8269944530390869,0.9054229157184533,0.21660411038529037,0.915605155859259,0.5264315663142864,0.8742421430469945,0.09034050112640872,0.4874023028871163,0.8292442554572036,0.7880172193680512,0.7840429188887661,0.6308809419016812,0.7426870119500486,0.012679310245602884,0.0005290753642193946,0.19711493510034184,0.5725077994306667,0.011474001643515627,0.6919197881005318,0.7658678324954887,0.08443439923163074,0.05573250133617711,0.1755520073430643,0.16430470202057584,0.047204212352218895,0.8815141518920673,0.01660815970160895
-0.19395682391521127,0.4812186530655769,0.8226443906701905,0.79187515754816,0.1894518982021172,0.706972441767667,0.9239987437186834,0.17150033589050673,0.94423084870102,0.8633739544455193,0.8862087530205554,0.103249447292457,0.37719574246282145,0.8750549788651313,0.8753597076605056,0.8312816360683744,0.6553114160386831,0.41730913372229556,0.391879264627181,0.06769691362917113,0.053028134939064636,0.5926931706361025,0.03260506549042221,0.8465907352787516,0.8062266655815249,0.09136638985069073,0.1404154823241271,0.16288236910645326,0.8090236722272784,0.5470412145436383,0.7570304897352945,0.018746827546108333
0.06307441897769259,0.7842914228538348,0.8210935474924697,0.9415349581976101,0.14431423090974638,0.7354864067670637,0.948395761744795,0.2050213721806105,0.897579387598624,0.8775359014383418,0.8845299616827121,0.1027054871969314,0.13654162781668577,0.7152693153414299,0.719985951600818,0.9916020104648509,0.5719667911796513,0.7457807959631023,0.2809651422559155,0.0011310934468011513,0.035438421493617756,0.03462013774973069,0.022352768667900095,0.8032052020347535,0.7866994202791014,0.09099055421494406,0.05538105048524908,0.3608252472482036,0.800166905287788,0.42308122932919145,0.9667662850033008,0.00824776983678369
0.3182616857407269,0.9111296445418907,0.7173892964667486,0.8282824565354214,0.14115573827656205,0.6612906530722119,0.920252251211436,0.2014503671080174,0.9184535506375624,0.5025468446765915,0.9115358487339681,0.10791148626883804,0.6420230239244586,0.7422787569151137,0.8082348613325057,0.8045235636104718,0.7139825313277692,0.23783416175263156,0.0164905129446955,0.0009706253307777517,0.05358645352057273,0.06390240199310271,0.03332973143657965,0.8468548811398293,0.08623401950458559,0.02653575247278677,0.9222588606367847,0.35398071719262303,0.8868647128320203,0.4217145854257192,0.16935517261578176,0.014488966257451417
-0.588931661711742,0.5422631250436606,0.9090570878486923,0.9204365390087882,0.06549903714737293,0.6509980094569633,0.909475904538609,0.3226838696427277,0.8934375349203273,0.8911972844722389,0.9076602820786965,0.06939945672840597,0.4857961485534578,0.9867384062521734,0.8404971191622593,0.9715945718894178,0.3981425732283007,0.7616778535677691,0.10918037302784528,0.0738356381711715,0.043680357643613776,0.4821031987922787,0.043570286165116545,0.044043805436976446,0.9394988857680737,0.021599247086225792,0.09016490925604893,0.011033604694521998,0.8195450284368035,0.1769388193742755,0.20176277697854375,0.9010320134136418
0.25320000484357874,0.9440316554481852,0.9040288704789912,0.9660686088291989,0.14043091735062652,0.7834005144480249,0.8160939236043399,0.20668878535146634,0.9901014471034207,0.960977320360011,0.9752740531978717,0.09548147543033464,0.5360123827728259,0.9614161374483344,0.6919176252069592,0.9968490598277833,0.8534049132206794,0.7246924516043793,0.5330324049145969,0.032065602711397405,0.08724949876599858,0.5280587420497963,0.054478046510756,0.8586042010848358,0.05459580255989949,0.019499092254241714,0.16695863017088872,0.59429146840308,0.017714752358797936,0.06097311113601596,0.941349137016263,0.0019980586626340705
-0.20788495588594258,0.4509895450565235,0.8414194765881313,0.7496633205212971,0.11054895670972541,0.6757250258725022,0.8655768188281361,0.20831580048330844,0.9187284136804147,0.5242944860584327,0.8783483993306894,0.10546355241527688,0.49830250441051516,0.9185836709337708,0.8084868433116994,0.7478003204238499,0.03842892431932529,0.09853791916574209,0.015252105514250047,0.050041138596021474,0.007970262750424395,0.6198159301562819,0.021293489541923075,0.7068373498518086,0.039065234892846024,0.030257050899013316,0.1278912065854318,0.14290736438749596,0.15114115780120602,0.17247956148766377,0.024094610796471405,0.01171969150968662
0.22365052475742694,0.3574504405393744,0.8227962316253976,0.812544825898095,0.08584341434398905,0.7108738180511919,0.8994927153363241,0.2123131453732978,0.9148882270000717,0.5924368540730409,0.9151576502259191,0.0731705277743491,0.5128663049999631,0.9902544730716061,0.9633894005185019,0.9763697878808335,0.5861936554614473,0.45107588953067596,0.15493292367035832,0.04012576550654142,0.18151923810994144,0.029508697611269695,0.06366312593336443,0.7809811172924428,0.01934749422431868,0.03696340293057501,0.06701930788803734,0.4524024794061619,0.8669714966215264,0.5191687222109223,0.69219216021638,0.01883355851716573
-0.190762291774838,0.4255583233897267,0.986190124072764,0.9990614728211921,0.14181820073456258,0.7067274318009751,0.9242258083017763,0.9477015610558633,0.5746436619560663,0.9276808406998249,0.7883834080755819,0.9405031526191855,0.3321991370601387,0.9582049020126135,0.9178271645912308,0.9706603071375567,0.07090165897198832,0.7883395098398874,0.36330902576808777,0.026151973194258205,0.02148727353990353,0.054125849993619024,0.014771727695977295,0.3533533716947178,0.9442469110628292,0.029830604533535317,0.040648916845916844,0.45942491400097757,0.00012165473889708123,0.004468720662254733,0.35703449299187273,0.018377815443579866
-0.20873948320555125,0.47663307898268714,0.8030270414745928,0.7020850480311235,0.17540036267040204,0.7030353498314558,0.9180015413733222,0.20550318475938403,0.9048674525384279,0.6120085093951015,0.9150596736433104,0.10236407222886251,0.526792308871384,0.8549180101104861,0.8123718774099173,0.9722009897687987,0.27111276246284277,0.7784992933397313,0.6647228226741675,0.03824589079999642,0.3836312055737231,0.648231338513396,0.547370963933915,0.6311074752856013,0.946319073265711,0.3164092814661361,0.17540239461751997,0.2284188007950853,0.8119594923108837,0.02433507522606751,0.9131722342424692,0.9249669954647239
0.5961643041956735,0.9356020800337039,0.8761092308147904,0.9682062301736313,0.14033330138288347,0.6756610445010253,0.923652944152871,0.20776282891982573,0.8876620039561174,0.9614897735768819,0.938765157817077,0.10394417067243068,0.4955877999546402,0.8456461847974905,0.80454645560842,0.9988509643256099,0.15400114004179588,0.7894901912639958,0.3718295376625488,0.005029165574831018,0.04106524827584229,0.5574049597946569,0.055375479028811514,0.8487505844654482,0.07412068770420213,0.13695180519741937,0.09366309292640872,0.42162234150023875,0.1426488191590481,0.37134283223633124,0.6797316264717697,0.005294381724002358
0.5035527674524568,0.9943620964081853,0.8382036971567315,0.9731026266018816,0.16083522569161443,0.9560890401905083,0.9113169118707549,0.2166470456131443,0.9161320977311346,0.9529874817300182,0.9244210720828265,0.10793913041492269,0.326047201455733,0.9582371739354489,0.8889970739844746,0.799201009653736,0.12090809536323133,0.49879544078310045,0.4785003714156361,0.025086169418588853,0.2801073595722747,0.8930978940058405,0.04361169918682422,0.8462958110230371,0.8890178483486575,0.0760238880231438,0.14315552503239964,0.39886745206185964,0.1457588970663432,0.9321077675076903,0.9665147180474332,0.019271244400556876
-0.20308743351735498,0.9567422432160558,0.8551091042169372,0.7127000005985036,0.07513578534162654,0.674592483678051,0.9189926609935127,0.22238225909450224,0.9402154634877168,0.9736770195339545,0.9151726278777459,0.09534655960409799,0.33570176905914395,0.9216876138383104,0.8044331208391701,0.7866149378412546,0.09486028162398902,0.4082836407147286,0.4223312114021955,0.019139875293535644,0.0540950922378513,0.5516211329066745,0.03934297090027833,0.8140356139919674,0.011218481124917079,0.030836755251416083,0.0745904999539948,0.1668653216805153,0.8212555534537014,0.9632145196114771,0.9497799693664052,0.016138478828402164
0.5735825894842321,0.9640223549399599,0.7068700096581675,0.7413259462546901,0.11320199861416178,0.9185723518762509,0.9072681759506264,0.2071406980955947,0.9098330256310929,0.5010106105643319,0.9091846520525018,0.10832489446757705,0.3875805275203518,0.7941680182738174,0.8712323407297007,0.9991648445217006,0.07992460861661438,0.9896758383775421,0.041875337352628994,0.010781574620471487,0.06298074665660303,0.10009826544940836,0.0262811631680141,0.847034905304194,0.8060725088912305,0.03504675520860807,0.09101867089990356,0.35850771290281414,0.79981530037766,0.360916491247363,0.900023146588835,0.017412790202238404
-0.5920631487487263,0.5484725991648558,0.902966226272044,0.9356759640229806,0.06313258443244368,0.6718713580356961,0.9013681662490797,0.20875743134997676,0.8589637326693198,0.9051510628118826,0.9154771766431296,0.06371635832298676,0.48380453306767884,0.9857218817248672,0.8214008298770135,0.9715945718894178,0.06784716568435167,0.392666405756393,0.3909903991273414,0.06765304757405766,0.48825520417734714,0.5675980384151923,0.558219294353826,0.047479348436673174,0.928983989316961,0.7582138315318108,0.28628402779511114,0.008946029225381236,0.15524498305104578,0.19172806319416036,0.9997112824605576,0.920059239994522
-0.21131976668776215,0.3579806511295152,0.8235591586638136,0.5795366076044698,0.08904257973733778,0.7934065964149368,0.9481605286574629,0.21706859381097404,0.8931393804209099,0.6820084825357466,0.9150842563550811,0.08021926465017083,0.3064666788509444,0.8204134642868943,0.7005139717984656,0.811261057294826,0.7084984524889698,0.024017023064195175,0.13723311495816506,0.012199767352797476,0.054799954087109096,0.021577641233546607,0.015086388744509821,0.7811914949410876,0.022891066601625487,0.1041945031391975,0.06670651509298799,0.16165630147618665,0.8331154229506186,0.5166111361503677,0.8618867167247027,0.01855824302558995
0.08793109290282201,0.5018607266587666,0.8384727044807424,0.5756249858018279,0.17134596442189795,0.8000578376011738,0.9433207247323615,0.2050087306498857,0.8929299940636951,0.9494586993462475,0.9151558521909384,0.09532237340635581,0.5114386714643486,0.9840396238770663,0.8918501559987912,0.896593942246131,0.7119865319052794,0.7144486231073021,0.0067644875266241605,0.0046342139982797625,0.010862077716785046,0.49880464478847075,0.020547052285784337,0.5642858431436365,0.7573544249264049,0.007853668648353351,0.02253257504319684,0.4353328223885986,0.7991607841759751,0.03762794395265892,0.9709793461825164,0.018922299868091914
-0.22298540752099416,0.4900558793985638,0.8176093732438934,0.9491178012907792,0.13612951810187207,0.622967103137787,0.9240993289192521,0.2051049575244971,0.9171212065988684,0.495620054944754,0.9152467717958876,0.1055144924895457,0.3209262528728797,0.848143485848797,0.7938606673391335,0.7648925372288041,0.4600354770834067,0.6990706872034842,0.008474996244227283,0.06002104525276916,0.5936631577084767,0.0862910967424067,0.012052390560599934,0.6141934268807261,0.7590292979210902,0.3084027043590955,0.08915058582927782,0.30482777480820594,0.039194947498706834,0.08829999037714453,0.8634774337580542,0.010083173808761127
-0.3033754950354546,0.48654067972305376,0.8359872492399363,0.9797961673024012,0.16990879826739566,0.7077358699153259,0.8926537274399342,0.2150834132829716,0.9357892603986612,0.5293808953832415,0.9112763741410703,0.10577541746072057,0.5920129279646174,0.9464292634965328,0.888191489413187,0.7263868323206385,0.029628341004870166,0.9276208351803525,0.012300365591127085,0.056820475716452774,0.050605903546473985,0.16608715152165893,0.017555954775019977,0.8444736725369405,0.10897491753162858,0.16823727397050814,0.005363461362970029,0.3936025953836631,0.8702194187550698,0.004240648803456842,0.8947600166296951,0.0051467497336036136
0.016832864946724452,0.5156599722162707,0.8861941373913613,0.6001064325165839,0.08142464173842909,0.8925091260453972,0.8608729691289699,0.20484953838815084,0.9400927929533476,0.6666964395719198,0.909842472352661,0.10505478476959514,0.3366855406602972,0.8607340958151624,0.8099651200002537,0.7959012720680958,0.422332143736458,0.43632055502138434,0.07212474223950663,0.052646575560305844,0.05256360924349202,0.5969538983164359,0.042000064875273746,0.8706236301070458,0.11513670571820833,0.019020668950534725,0.040826346459604174,0.17481762169604334,0.07335125410449828,0.9836456175293876,0.6644084616504937,0.01558536365298832
0.069768833908362,0.9482635713711415,0.7562885355258575,0.8050700482662674,0.09620833435327186,0.665752236686723,0.9078181458050643,0.21846349304648785,0.9276629174554083,0.8933927418622339,0.9141012440175067,0.11104142664681912,0.3758060876284992,0.9935660407928585,0.8731552696294013,0.8435607609882396,0.6814569302387556,0.7573617051057973,0.3948414922907313,0.004629826401751837,0.02617215496328791,0.05093466079890291,0.11806609006799174,0.6810034305282936,0.14988316842949426,0.09797141341106688,0.08211383537107772,0.3528011966265112,0.9894355988592572,0.4487205238672973,0.8594502178622447,0.01855824302558995
-0.12265019453873871,0.978052643601089,0.8985217774256373,0.6926809920073679,0.1629114944228273,0.6480691418327005,0.916011099490832,0.21286251768888698,0.953181382145466,0.9679227281813698,0.9104895456361044,0.10689368845300871,0.5690845855527573,0.8868534535724537,0.8045674065815294,0.9965477076279614,0.4865614485186507,0.8726305434846213,0.007992074044147472,0.030763648368724427,0.05441329051804384,0.5810134549276459,0.021052112801594886,0.8467529088132901,0.007749304664177059,0.09985162846733239,0.0202783892677448,0.6042959191726112,0.8477050317110189,0.5639402991731801,0.7783927408765913,0.014119697090609638
-0.20890392010862668,0.4779824770044118,0.8212083617026014,0.7490913810446113,0.13598362604692962,0.6768049822016652,0.8732998555282283,0.2087079594270891,0.8869699408637589,0.9659742946622198,0.9102536889690527,0.09382497105172873,0.3649132251890043,0.7310077799071518,0.662366948608298,0.9517268877536461,0.4432067818199291,0.47858456479652156,0.1734735084342897,0.061277922933760845,0.11905154189861558,0.9009727648130368,0.050731304726369275,0.8485233843670694,0.07769204617256442,0.0887466225257107,0.07309054286103805,0.3495933623569158,0.8112644051306541,0.07096471383822897,0.9412560398081551,0.0027144970025095305
0.6139395270274772,0.9322062817541806,0.9033820183372265,0.7831147632838085,0.13905494583115563,0.7012538848985036,0.9318932490701086,0.20508435238199965,0.9321836220419153,0.983254446617404,0.9145452275798429,0.10546692547193906,0.5017847278509968,0.9853344505094312,0.8106862736467755,0.9524398628242255,0.8495936246034252,0.2181390187793889,0.3833833934077874,0.005645504001118323,0.024134019330198327,0.5712052041664208,0.06801509605387392,0.8299176866417065,0.28915839530073206,0.09105889122261802,0.03384604170998807,0.1616418942180861,0.0669026002455454,0.44866809775766997,0.956155808922069,0.0019482105195359435
0.47876093873378134,0.9531378410730739,0.8545405258330189,0.7500962347647999,0.16381244823384922,0.931181662226746,0.9208013215802098,0.18928366784451245,0.9152743837374404,0.8952180034470137,0.9093437664428166,0.9972266385952614,0.3182831532965057,0.9996534345770682,0.8548738752450842,0.7988499589545629,0.032274430119748176,0.5059906110692469,0.09364033196621167,0.05255202926377041,0.0321264293800669,0.5795916353848438,0.9934748225949465,0.004401284665756011,0.09296624342043236,0.07711852314029854,0.1630682727376096,0.012530546794093433,0.7992107952387475,0.8179651199891931,0.276985250131737,0.9325377887232265
-0.2903005827229953,0.40742579465505246,0.8350283461498387,0.9632431263225844,0.0842970145125615,0.9573293035124328,0.8843564377394566,0.21958740955038075,0.9148653654892972,0.6588267399769885,0.9127511648280326,0.10699079742072569,0.4323376118988788,0.9842473145615451,0.8218205914024773,0.944736872852032,0.016431642736707094,0.7619360644430058,0.5448895652642243,0.06015956074642813,0.22833297609425285,0.6584464945600468,0.9861283462603387,0.84586656568309,0.6579408084520055,0.2876594550005501,0.06916024439204888,0.18017335392811934,0.9997018134410465,0.026294510224209755,0.8965915403686779,0.011396388693005449
0.06359636104013056,0.9988335306483851,0.920290969516145,0.8464368528842636,0.1696877184250714,0.8003349793373796,0.9511371862927418,0.19613922089055266,0.5528533674456974,0.920640570922107,0.9449133881692252,0.820595997961884,0.54272222932853,0.9901274428541422,0.991446384979902,0.8247213918841648,0.6025438746373737,0.9185418923394745,0.5254427355338454,0.053951136272280424,0.06715987900063955,0.2264378255955909,0.015772115161568054,0.7201056400359441,0.20737460720047488,0.06312178007212263,0.021831861574715807,0.2616213927291748,0.7354028334567986,0.0124356086209071,0.9393979542088224,0.6245289550223383
-0.050526729011439536,0.4639697300392745,0.8391528317202259,0.9866811841750657,0.07614972669844483,0.6773558743377671,0.8882347404352839,0.21892983509865632,0.9137662067126201,0.6344015732404542,0.8468563975120007,0.08784004727972362,0.3909238931420923,0.8720626724482592,0.7727195815163337,0.8717103814659679,0.1252946623276334,0.4471127073220511,0.07052162188495945,0.05328846642110718,0.0528010879390518,0.09800104178553395,0.048763833727908656,0.7193793945016105,0.04620293342190157,0.02991527271119522,0.09703064677286628,0.21995735256646354,0.03263817687557691,0.9545961017859197,0.33363467908849925,0.0097220621595161
-0.2306885482198697,0.9414454986877583,0.8394806093674173,0.7501744459308967,0.1629816623922984,0.722929250697004,0.9274170771790612,0.22647502545819123,0.8883618490432725,0.9545982536109331,0.9056186419701588,0.10512240978907882,0.5416934089952279,0.9030550127277756,0.8627893237926936,0.7949716124994225,0.05405295823557826,0.508017617395097,0.31756597267362036,0.0249341876103149,0.027844387395910164,0.557396213619264,0.011935779050502117,0.7241154554597036,0.04349726495096687,0.16179787352461583,0.34585969322028803,0.33003801554445666,0.8070567607765411,0.36891657839668957,0.8024978657539119,0.011365004190360184
0.6622034158016042,0.9992091123905926,0.9052380742060977,0.8161111054068825,-0.003959171063532857,0.6419922377311627,0.9493569241641195,0.2050319567504076,0.20349942647829836,0.9719326232172224,0.9149388509851194,0.02419895602367972,0.4827199298572456,0.9804974183350305,0.8633241884484057,0.9824885756803726,0.48015833241227956,0.4164552989947508,0.05895144845085726,0.060018175939247936,0.044503763687377046,0.7629166455658096,0.43699340934195396,0.0387819300608605,0.04167273277367495,0.7281874992689791,0.1415714327260698,0.02817261156728096,0.854707518303656,0.00976211898214542,0.2298588060952335,0.8629632657843123
0.5951881131540047,0.9600407555114739,0.9545195551608561,0.9674952560933998,0.16535871546998815,0.676474576962603,0.9513926681308223,0.20885601000404075,0.9332023839108177,0.9149064761745844,0.9391752987558671,0.1054915079782298,0.4139114053559695,0.9804240417749415,0.8623295364699631,0.9919450209185146,0.6295193359329063,0.8825708051884722,0.5429968325837091,0.025601653133050677,0.059464827267345324,0.5174403688637821,0.019378311914662993,0.8485856843146383,0.11306923814438444,0.13112364561228687,0.1490732456452772,0.5921539316613402,0.1426488191590481,0.6195241760365731,0.9395719821768251,0.0018454667051481096
0.6728592564576834,0.8454764612990984,0.8859121851209883,0.9756169441862472,0.11085136171640146,0.7170490803158546,0.9200056061222907,0.2053285172105987,0.9318465378839497,0.8930276717784653,0.8585844541733526,0.10778729581824709,0.2944200497407225,0.9624824524213763,0.8625821890855531,0.789728827818482,0.002070724827772541,0.37365511298219023,0.38596456018206854,0.011629161431710446,0.19389350334934147,0.10942401699331655,0.01702189284908856,0.8462957713540986,0.12475091078641645,0.006547473870143705,0.0024857712912793144,0.34562798372899156,0.06594937656592903,0.9833980647318102,0.858122641170632,0.013946253590231009
-0.4173368783321053,0.5451578205433942,0.9047550571043252,0.7340678747896628,-0.005526585838788595,0.7330442352327889,0.9239285355630124,0.2169319820039674,0.23757892658190094,0.8948204197330758,0.9149388509851194,0.06333675574311676,0.5331010503323227,0.9849522496589372,0.8648467863128615,0.9721445696740797,0.4511859098741237,0.5946699602859037,0.046535850913403565,0.060182755977995446,0.20905791148355377,0.5594608470917052,0.5538262372877123,0.011146222014041529,0.004489537502213925,0.03162794810330244,0.1507620825892647,0.0026225553364262466,0.854707518303656,0.06623267651317538,0.2298588060952335,0.920059239994522
-0.00638453780788846,0.46760969809711034,0.8341368532107761,0.8162887606419758,0.08089160608742274,0.8599951643686087,0.9818985259119141,0.21614837977557422,0.9155492860285814,0.5954885241144827,0.9105894746022882,0.09379291101732634,0.21064415827880648,0.7506667679760296,0.7338848522593002,0.7723565023243029,0.06145245186521894,0.688557095739663,0.12542091307884937,0.06856525621854373,0.21163003934927427,0.0009725195157442856,0.02999597022298172,0.8221994819763422,0.017586911180547116,0.04029116046991303,0.14279677879812705,0.1752160175471183,0.8132528888576116,0.9362468721956775,0.6658214747515232,0.0036081147394995848
0.5940182669174245,0.9055501314971542,0.8360516586788945,0.7564482827387636,0.15153336894312738,0.9577980154684594,0.9113169118707549,0.2053285172105987,0.8810884541815306,0.5223624599004069,0.9107827185594878,0.09385884541838554,0.3422752422368413,0.7336172554298175,0.8174892059978468,0.7842918445568627,0.01874219036506225,0.6479656040639471,0.6099399959108164,0.028100459377021297,0.20385532614419855,0.13377896203151513,0.5959823739162722,0.8462957713540986,0.9389572534537636,0.024984169507515842,0.1431292162346462,0.4064670785076572,0.1457588970663432,0.17404684741895488,0.8822393870115728,0.021041426454750052
0.19068473383482404,0.9334211067361756,0.8989740550714854,0.8306307933944908,0.12113503178384888,0.7668453691179338,0.917157374950935,0.24094990407651015,0.6153351463441786,0.981566810487051,0.7861165329125022,0.9020805596665256,0.5296688266489638,0.9809202072058204,0.843326091103099,0.9875600883592848,0.4848528949103958,0.3861959393592818,0.6611755937640791,0.29487901009829015,0.015117152916885437,0.7527847608726006,0.0206516774632761,0.7982007209805333,0.7895689706064213,0.5499439464730482,0.18037473728396194,0.44574211940967023,0.8154823478370521,0.0636600955625443,0.7207630590485404,0.43551537192009915
0.5051005986741813,0.9689709729094094,0.9124150467392503,0.7671933767407958,0.0843301599285069,0.9982034678894028,0.9180213237637325,0.20874453020143155,0.9164225965391724,0.9295012661455575,0.9114586965426386,0.11636913821251418,0.31058607598232146,0.9661297368217143,0.9081267944609775,0.956292489520835,0.6286477461776678,0.908997130073129,0.48257837987457086,0.05191123098877053,0.1329855347653493,0.02218730893654991,0.040329502326174396,0.40968621244977044,0.10089251881625898,0.019267831857053323,0.14271319048701248,0.2057129667775766,0.07298452706300884,0.10136771286655868,0.710146955720306,0.008515278823531014
0.630407249855163,0.9540858334309369,0.9118670744933599,0.9561531496418708,0.14353462166455327,0.7965986022456066,0.9241111537536618,0.20532993904061844,0.9851210149639448,0.9608245394960213,0.9246381726677356,0.10663986014784266,0.38987716451982996,0.9649163472268133,0.8458817056607241,0.9851244149529763,0.7123570210266627,0.5011956555560213,0.47405291467252303,0.02437727875839603,0.06505709256612986,0.013853179369115426,0.04376174624961095,0.7878588148886593,0.9528038609841274,0.10032000134466573,0.1449523071006791,0.6041957221594813,0.9698539510711147,0.9391127990345165,0.9074454842692249,0.0019570800877612878
0.4700229879079094,0.9635867947956547,0.8933091997599679,0.9143996305888286,0.2951401057662125,0.9856008923392714,0.8999251059041717,0.28435054278846783,0.5617377096934714,0.9813998746328071,0.9489885980182823,0.9820933350671839,0.5218151456229614,0.9781107644736606,0.8051934530989877,0.9750661255805646,0.5128232580797788,0.8743561634006143,0.010350899605232,0.04254009497547458,0.0009974620682675628,0.8475496051484627,0.018515313817600083,0.6261378964216984,0.016886587667083897,0.3557837643073862,0.08397615173308906,0.2541965232052885,0.8198532166444384,0.06564303690307002,0.8918343342989434,0.013243595450869155
-0.021196215057680393,0.41365501351167333,0.8698449023007796,0.8134191735710267,0.0823956011728886,0.7008872542657224,0.9183811888552122,0.21774316444726882,0.9095284283619464,0.6603865641912533,0.9110201927839846,0.10522601396853666,0.43668362299949415,0.805005818877844,0.7309097184178863,0.773905845285955,0.00453650765843433,0.4156454143736993,0.5448895652642243,0.0245288192947452,0.03958182101053981,0.019559531376201866,0.021379300685648583,0.8020477516133011,0.10459602112550048,0.008125655605079468,0.21345302515872594,0.15948753765380264,0.7731254374497141,0.13910333245253928,0.6429527795901173,0.011548835519302393
-0.22427184137961337,0.4919119002087191,0.7979855217913832,0.7622424942386101,0.1278382599504997,0.6908956260199879,0.9224698290039033,0.20689707706570887,0.9460931886379731,0.9449797715884092,0.9003202617157016,0.09582578075053685,0.32888096788863497,0.9488245747246612,0.8237775225195278,0.7873453793764084,0.22331925691647864,0.6932289965727655,0.01267056128197594,0.06002104525276916,0.24957874120515922,0.07198741857054172,0.022803447320614553,0.5973476409158773,0.19429790414420045,0.1027904947692534,0.08673787196002844,0.287100544034969,0.7540828761263594,0.09307066028662826,0.8848489938477798,0.01907275982792595
0.5926077393232774,0.9606101782846468,0.9545014174214745,0.9708996780770429,0.14063705526098835,0.6468908712758346,0.9275643057137397,0.2053838339982055,0.9307572298633623,0.6238516912569035,0.9407860889493445,0.10793913041492269,0.3346422675522528,0.9607233630528073,0.8669344612138724,0.9811623472244948,0.28047569796063065,0.6432702566095951,0.5351421730572672,0.025299524268454172,0.030929831604320827,0.10786025428447327,0.0053716156252285015,0.8592260184031699,0.0932718458223466,0.009005924513032025,0.05443693596115326,0.4081301038837154,0.030012614282301286,0.9659885371791737,0.9674189696955152,0.01877938405491682
-0.20848774229624958,0.47723348829257234,0.8275766957255946,0.6660964377596158,0.16157792759580378,0.7672441672282119,0.876075415403108,0.20570366521656633,0.895050666148842,0.9477150389485971,0.9128703815239365,0.08527591897363021,0.2959045026529063,0.9124625740489732,0.6620053342926444,0.7632244245446695,0.4428713516338697,0.5143071053394318,0.22262936045259069,0.010611540302702678,0.0526124647318452,0.15537346170094868,0.04563366940061271,0.7936526056770271,0.6969428240484346,0.018333442478046615,0.05480849949304722,0.36035549741712897,0.8123948027441392,0.38319100082738405,0.06215284823297412,0.0024844457752812854
0.059450932952537894,0.46524526456134707,0.8230031756256655,0.9637813397425279,0.24317179174860767,0.6860476675167076,0.9244129960378752,0.20511345013052007,0.8906041311049162,0.9651273043755516,0.79768454356739,0.9465898522961723,0.18239950080964562,0.8484169833727697,0.8440495258923324,0.8678845585387411,0.06618653884199271,0.4597171053953778,0.006072442560454291,0.050215160539972166,0.05098091096196222,0.6035363172845564,0.9008715298651905,0.1676311243313537,0.8218452443576842,0.008179021145636067,0.10744983047758469,0.4521998169203102,0.7346281317907651,0.021607139831837728,0.7895121456586143,0.9686601741969023
-0.2260249680234747,0.4919119002087191,0.7979451639533551,0.7614816608640703,0.1278382599504997,0.5978470365388037,0.9421660756229424,0.2068198370858313,0.9388330141860416,0.9449797715884092,0.9192204964742695,0.10355423907593769,0.33268442659608133,0.9500643100993369,0.7980033834788788,0.931510126737351,0.7684965175746192,0.6984362714091061,0.006380935355620131,0.059447311023476855,0.026682651883046544,0.549474953685175,0.021763058788414807,0.6237828575047377,0.7577004613085326,0.1017694983282269,0.05347306325278567,0.30775654109912115,0.8060579025388503,0.1406138232157057,0.8660610948337217,0.01865036866111263
0.08793109290282201,0.5018607266587666,0.8384727044807424,0.5756249858018279,0.1400903734223139,0.8937687279894232,0.9552964973916915,0.2050087306498857,0.8916066137728027,0.6941605478213638,0.9151558521909384,0.09532237340635581,0.5146892836162049,0.9840396238770663,0.8918501559987912,0.843419889120301,0.05952011953329267,0.7062927170360851,0.0067644875266241605,0.011155531179983108,0.010862077716785046,0.49880464478847075,0.020547052285784337,0.5642858431436365,0.7573544249264049,0.007853668648353351,0.02253257504319684,0.42766627589469924,0.830704160618051,0.44557616153198154,0.9709793461825164,0.018922299868091914
-0.003278322298217111,0.40991543372976325,0.820125831130724,0.946338395741328,0.17418269489750843,0.6451538396527979,0.912047044611935,0.2058833921064702,0.8977164872421716,0.6605165627299938,0.8915484840861791,0.10834151694752069,0.3468859636406969,0.9854284112432115,0.8461135971210015,0.9603955958921737,0.6815631008468308,0.6209583921618731,0.17879212879243364,0.013786706242581225,0.027751956025077955,0.07315227335810534,0.22487970129449952,0.5731934459367157,0.21664306636506064,0.12400983457846482,0.05269926068049405,0.22338845730113147,0.7806875228196302,0.0004798954560448071,0.8256430177753329,0.0043336839919970805
-0.013751044400558285,0.4981019167971812,0.8473905988258346,0.9756535148969256,0.14030274889039934,0.9952066941964931,0.923964010741166,0.20734972957655434,0.8936071290086838,0.6505765572800092,0.9156135501513987,0.10418381137498947,0.3629719418993248,0.757257605637806,0.8039831342089024,0.8468362651525452,0.527529718768786,0.6791345355555184,0.1111983581089328,0.09897670888124861,0.0011253011544120756,0.7814118339466586,0.0441726178606776,0.690150535259438,0.7116487249296721,0.15215790422857126,0.3430078083281827,0.35588985317937544,0.9612743448984347,0.09526236350088539,0.8458783383101199,0.018652518202510505
0.6088574657630563,0.9213943858055985,0.7103464087945036,0.9984110715231229,0.11359701966181647,0.9185723518762509,0.9457726580125665,0.20878456632368136,0.9096372620013591,0.5143007099806324,0.9152263644103714,0.10888257091268128,0.5335009111934211,0.9593256213372029,0.8712323407297007,0.9966097400670073,0.683310120455042,0.967826734857486,0.04131938296855891,0.010978717142288897,0.06298074665660303,0.10009826544940836,0.02651649979864938,0.8470387510092886,0.6316649792216948,0.026563334032718107,0.09101867089990356,0.39001853936568043,0.7350410631657152,0.360916491247363,0.9248312724859069,0.01729199945094181
-0.10224981027313218,0.48592741251241744,0.9013600637802217,0.7498467401587734,0.050362505805016805,0.9749309442593029,0.9513369016253026,0.8603080437967835,0.9757202868749838,0.9697661268891474,0.9165862560558117,0.9623861640424872,0.48405796275146784,0.990280116871475,0.7936772065176065,0.9744487555047117,0.4972232494287069,0.6405288674528402,0.008140408128326032,0.05253457931375618,0.09483225339482658,0.6242756373414938,0.013641459352594365,0.8085579989300112,0.9682369287233408,0.10964536488885146,0.17004247846450588,0.15157868754695678,0.8059273448096437,0.07065500416080148,0.8387732721087701,0.5587687794442404
0.06536433373995754,0.5346935135541777,0.8049900406939643,0.9715567890967597,0.23193784784081894,0.9708473830886035,0.90889905345956,0.23846555565387284,0.6025881546321985,0.9894847436959293,0.9329168512711844,0.9489375930834917,0.1698373078492108,0.84731206014995,0.844006292746465,0.9857751982367875,0.08439264400971952,0.851031262584945,0.007423422963287268,0.19903206049578728,0.22659639314840077,0.6035363172845564,0.9542731908104607,0.11348883952258274,0.8831906206196917,0.016755854370653578,0.19803037963801934,0.4487611182661261,0.27097644617588257,0.1021189301536711,0.9158052595895821,0.0059276577792076734
0.09826540762766998,0.9937159557403116,0.902406212556035,0.9395836590799939,0.15969737240127918,0.6713787564423868,0.920339329159549,0.21279662613154865,0.9333462921420785,0.914179240889035,0.9101461273707079,0.11354326777005858,0.5002467989457039,0.8620484376222604,0.855519219703146,0.988994148397509,0.6610429663091106,0.9093019428658211,0.010003130027340476,0.007457722049708057,0.37058891862466564,0.5923592027861067,0.006870055957465447,0.859442485912874,0.8350760911126854,0.153174583159808,0.02425590655046926,0.2789960369491188,0.09203082348107922,0.4397271847225243,0.9740365118514538,0.0012956898129955485
-0.1775152671379494,0.5533207860308826,0.4882538612061187,0.7499995221928965,0.14263426096822648,0.7678321040064985,0.8619617319855303,0.20726556406080376,0.9129414645938885,0.5134433847594471,0.9027926375950449,0.10510029960861339,-0.5681791216946891,0.45991599398002714,0.8448421359529722,0.7840468263457606,0.41114595489564004,0.711059203513026,0.173246558259118,0.05071962024350918,0.15449467269178827,0.5874159070548226,0.04346627573591626,0.6981815235230949,0.6196083444646194,0.3156881290412355,0.10502085317383379,0.1548689931863525,0.010441058071546959,0.17979832748136462,0.03554269982981552,0.012575042166104566
-0.21402314818442633,0.39998080454030355,-0.7982612170590151,0.9846616386676029,-0.02472543470460295,0.7789581555438049,0.8872489261336804,0.12894223396304605,0.6071384084204511,0.6663316319329136,0.8524427586114223,0.951172437846694,0.2855782722003512,0.9866724170451064,0.8297830924268088,0.973998322494507,0.02967731899610758,0.8314340333975501,0.035826804745663354,0.05985765642717045,0.011334551977400544,0.6224030988450326,0.02338760966588336,0.01656074712617528,0.9381081315895112,0.11022244095036156,0.002061467547555443,0.016969509670483524,0.043056939251269244,0.045124892659625965,0.8898214899704595,0.640862620564033
-0.588931661711742,0.5341038574080518,0.9060887285607427,0.7368206706431033,0.14727806465494564,0.7026126958116342,0.8827137387876287,0.15798217573780943,0.9933262259900129,0.9595034653617833,0.9137196007114788,0.03040833898404148,0.49895003724888953,0.9603916092072872,0.8648467863128615,0.957044734374311,0.46742756881221537,0.5999402127699915,0.002339015370740105,0.04136032839175748,0.18598260977809056,0.5681519155800284,0.050351945798953426,0.7317060425170085,0.04313646601225268,0.7411257494482958,0.03107828677796047,0.45348520162454664,0.8537560537589127,0.021399263293109476,0.2794831176679097,0.9529842394738117
0.055801048612413806,0.5192074694378508,0.8039452908719152,0.7593185567172595,0.1416197283774267,0.6703367610808489,0.8733995153660469,0.20660389028002463,0.9140115220006196,0.6222645586385984,0.9187589721066269,0.09444312801721343,0.37566227257479434,0.8256770813745848,0.667231636959531,0.7659663747239407,0.1494442501068483,0.3957651300234933,0.14711579924021054,0.03487865431775966,0.0168927640937213,0.06680610823677047,0.055587153344604456,0.6239020711974688,0.07942768616235873,0.005610382546046289,0.09342846888886688,0.4410059973172449,0.8217635307013541,0.3725015938998636,0.05959726368151075,0.0022232435235502584
-0.5005014591341044,0.7817421717282862,0.9065475065484286,0.6032203610437933,-0.005526585838788595,0.6739307422391894,0.92191046828113,0.20652512196587755,0.20349942647829836,0.882518740749869,0.9150482387890528,0.061639550420989724,0.5264877417591575,0.9867384062521734,0.8648467863128615,0.9721445696740797,0.04594848230514015,0.5946699602859037,0.046535850913403565,0.05920890024263104,0.052063418259493704,0.5594608470917052,0.513051636054881,0.01994848507072461,0.05358392533798145,0.22538980936605052,0.08751865089561732,0.0003315784683373679,0.854707518303656,0.18657952545437426,0.2298588060952335,0.9085078670198072
0.5909181778238087,0.9053007719352814,0.9460455565161301,0.9416681429908773,0.09764607618067547,0.7024456902955145,0.9231040631317763,0.20628567630750858,0.9565976783901117,0.5144760748710653,0.911950879895903,0.107638317290138,0.532400808432074,0.9241131317340727,0.872677809283955,0.7624901275833703,0.6809957749276524,0.8335505483459653,0.16702803230145474,0.027365351569436765,0.021970826852996818,0.06757086922553035,0.20641180144390114,0.8504781619213243,0.08515348269076028,0.0008989959078778247,0.036761540004393786,0.40144030922763146,0.7874589397544568,0.38133249001206576,0.8002570754860081,0.014850937460133471
-0.21201958843211283,0.48126509772535037,0.8466472658727084,0.7467405178499982,0.12580639200414093,0.7067281099125102,0.9309698457283707,0.2065629525884053,0.9138653193829102,0.8990898013192834,0.9096217440275793,0.10520799080384113,0.3344707680244898,0.8522055773585936,0.6694931963925279,0.8322057439704551,0.049955415759694866,0.7629025009489161,0.13633958701715126,0.012394897824998238,0.038414491417707856,0.517846323213987,0.007521357537221175,0.6241898289518447,0.01127297857587739,0.10507261073967714,0.03895930381925437,0.3076750077581933,0.04223989750375734,0.0474928652979906,0.8643588591268554,0.01824334538494944
-0.21198327244928583,0.49092354301527363,0.7700055189012908,0.9447300132937685,0.14077331234445026,0.5996838078608477,0.8860277313274473,0.20475937436558767,0.8931820978977918,0.5207090880939997,0.9140356052151428,0.09355458591928398,0.3344707680244898,0.8517183732405167,0.673988323532249,0.736497875641096,0.931395567581136,0.4951794265882432,0.16975330017239293,0.04064865244975423,0.031908041577564834,0.6197630474373842,0.006745403706919419,0.7081188534201333,0.10064845939109612,0.1602408705758224,0.09611430430862976,0.30549125484862816,0.03974966732216152,0.09487816797969728,0.9675026096811697,0.009957129526075952
-0.01831969808215378,0.41365501351167333,0.8255312790257341,0.8134191735710267,0.0823956011728886,0.7008872542657224,0.9194333723120526,0.21774316444726882,0.9131080529402508,0.6603865641912533,0.9110201927839846,0.10522601396853666,0.43668362299949415,0.805005818877844,0.7309097184178863,0.9001917022527955,0.00453650765843433,0.4150333499923406,0.5460087327162968,0.04315492907599988,0.03958182101053981,0.019559531376201866,0.021379300685648583,0.8020477516133011,0.6300465963726715,0.008125655605079468,0.20265256985666985,0.15948753765380264,0.7731254374497141,0.13910333245253928,0.6429527795901173,0.011548835519302393
0.5909181778238087,0.9048121924956698,0.9460455565161301,0.8621818567859909,0.13341866789390874,0.803974755043464,0.9147061993663631,0.2039482625496969,0.9161389133411353,0.9163080913820826,0.8767025935761619,0.10414159784343657,0.5324160118599859,0.9224693354847253,0.8716370822541469,0.7584500627074268,0.6809957749276524,0.8335505483459653,0.0540812997451528,0.027865960308045775,0.011333234381224355,0.5546907238328737,0.20036393972470135,0.7868049232503678,0.08515348269076028,0.10535303379513952,0.10682479287499916,0.3931923703916291,0.7874589397544568,0.4324368082916033,0.1485527544120569,0.01511938803755007
-0.05943046780642955,0.4951347697577937,0.8224530725596283,0.6224467785998944,0.16160028305768503,0.676054845058939,0.9097091418100866,0.2054092147270019,0.8889243198535325,0.9844611682539369,0.9102791942252871,0.10454653612213782,0.3856751555439313,0.732373633724149,0.6049849279993285,0.9709067701552383,0.8430726547501022,0.8957645665416243,0.19184068401907756,0.02434672730132257,0.03218514579444279,0.4324080807823035,0.022502598321091832,0.8691438189370002,0.967653841119625,0.07328589730703193,0.04134807494305705,0.6143356394650842,0.10790333197777519,0.4594601436956002,0.8911086516279945,0.003832867949876785
-0.19050587348041464,0.47577258126742594,0.8207461658510294,0.7750724910351133,0.16056343340132004,0.6768049822016652,0.9240145842490666,0.20660389028002463,0.8924973578563458,0.9272431423584279,0.9099770038601993,0.09382497105172873,0.31360461498730774,0.9939131611508417,0.660866272211887,0.7654387419990185,0.5362149424269509,0.482979637883559,0.2642693426561187,0.03321057597803361,0.021136192020947384,0.4664473887926943,0.018361592011007344,0.6200621565613211,0.8613790597693283,0.028811385487898352,0.020533385677034766,0.44572618608288006,0.7938918127564536,0.14451403551461042,0.2295027322868799,0.0027144970025095305
-0.20646217924885235,0.4445049699540293,0.7789178354872623,0.7636832982478632,0.08810289458178938,0.6938148361596455,0.8929605825341689,0.21622207161770457,0.9170589951054541,0.5001294161625287,0.8750278048510697,0.09126160527740224,0.306886949195584,0.8254310524045781,0.7221842934147449,0.867357899951762,0.6917687198887184,0.7446160634594758,0.006105253235119221,0.02659841501981871,0.012109700268255355,0.1299817957727421,0.00024611808092981843,0.6002814342605842,0.724638518643802,0.11354803714578995,0.06018157996163445,0.1755520073430643,0.014201065002374766,0.09570596009921123,0.8005370563016972,0.019050446472438486
0.06228154924754688,0.397614569334192,0.8414194765881313,0.7592145291038375,0.1757486409412915,0.6900738669121713,0.8935519088420207,0.20536613507646867,0.893098773080399,0.5242944860584327,0.8783483993306894,0.10579630182778253,0.5106986758128225,0.9080675872863292,0.8092414019910574,0.8443041675673867,0.004659022453643025,0.7925282309257631,0.023833542223332338,0.06526877217438785,0.0574933721592219,0.53254854289488,0.021548884036624194,0.6937690820462626,0.016306403740730724,0.1619531582997527,0.15245172314728106,0.3560216396974064,0.8989514992485319,0.4581508019528582,0.0075071503191194155,0.0062279161913655345
-0.20517498400479908,0.4757063097896518,0.8233990838472949,0.8029434132119844,0.16448042063882368,0.7225877202681396,0.8860758338276796,0.20659789256944294,0.8886190631340549,0.44179532209622885,0.9102926051441236,0.09285919673591345,0.2786833784368856,0.7551157599931989,0.6460269163217799,0.7546120614109866,0.18130908360098263,0.5330207148918188,0.010227599726307532,0.009518151136447472,0.005006768992953827,0.5489297621930447,0.00159607138232787,0.6200621565613211,0.09375460179095957,0.2994858339713093,0.09144916225708821,0.44706815860423066,0.7785436765305424,0.3875594253315335,0.03627587007984179,0.003143732786719548
-0.588931661711742,0.5405922754991505,0.9097978936014239,0.9521024505643028,0.06549903714737293,0.6509980094569633,0.9103212288802086,0.3226838696427277,0.9027262195575781,0.9051510628118826,0.9213667236153675,0.9374530039885145,0.4854925359553857,0.9867384062521734,0.904794191307335,0.9715945718894178,0.6698837255764621,0.7616778535677691,0.8361792793251175,0.0738356381711715,0.14127603519855728,0.5681439116972463,0.5531391322685921,0.044043805436976446,0.9394988857680737,0.021599247086225792,0.10130027521102312,0.020719324299028397,0.8195450284368035,0.1769388193742755,0.20176277697854375,0.9200553223258865
-0.20788495588594258,0.4509895450565235,0.8396006801518872,0.7496633205212971,0.11054895670972541,0.6757250258725022,0.8655768188281361,0.20831580048330844,0.9179864657439619,0.5734146214073846,0.8783483993306894,0.10546355241527688,0.49830250441051516,0.851394635890315,0.7911843811289854,0.7478003204238499,0.03842892431932529,0.09853791916574209,0.007573936752131694,0.050041138596021474,0.007970262750424395,0.5718427455544544,0.021293489541923075,0.7047971978483355,0.001288268874095,0.030257050899013316,0.1278619068285454,0.14290736438749596,0.14801820539448163,0.07830076793695766,0.024094610796471405,0.01171969150968662
-0.588931661711742,0.572826140345009,0.9061862937749184,0.9679807763608966,0.15616689702816242,0.7064294852623874,0.9036996982145176,0.15926365210849425,0.18753298002935684,0.10305690080186342,0.9556487264407212,0.9371628332092352,0.5264457866547405,0.993072368933785,0.8648467863128615,0.9698359690755678,0.021971088909031322,0.7575024207823915,0.025615125635068903,0.05865628637349721,0.02571021502704988,0.5682942401404203,0.0501705427182151,0.02722141052299093,0.8404427918292745,0.21053432295485858,0.003725677990685551,0.0023651940693937418,0.7392630422094872,0.007312329642052674,0.9286533282676226,0.9355827551226126
0.1260230657495091,0.43154217137163287,0.8463351524610284,0.9408294929573655,0.1475272886493233,0.5891774602586252,0.8266660959558224,0.21996297224750908,0.24889027602938057,0.9301632624598838,0.8933741627748127,0.8799823747875298,0.5095658129466353,0.8508870350903135,0.8449227796417742,0.9282047267638218,0.06145766831475771,0.6881981500800632,0.017223025592698782,0.057136470210466646,0.10445722749206088,0.7729825472996782,0.02645533506106281,0.6651771482922284,0.7927564608562457,0.4345936545501684,0.05594440816852707,0.3109403670393709,0.9320752703220582,0.3953415134952212,0.7235239668262865,0.03359411338957036
-0.19745659054618175,0.4944442558112781,0.8732980871504777,0.9674295421132081,0.09620833435327186,0.8087648569960074,0.9338255496833789,0.20496008451452521,0.9407561635029746,0.8943330683605828,0.9164407927747642,0.10768223284672639,0.3752983412718062,0.9912609818395584,0.8114454619798134,0.7627889462398393,0.2989967150250409,0.44823901513494413,0.3533764432020405,0.04806719042385072,0.031663614460704176,0.12041677280816751,0.0208990942392109,0.8498563308666747,0.10336549739018652,0.10958398376193584,0.08485042026316986,0.17680288813149103,0.992517899477772,0.16366596793480906,0.9110118773059249,0.018556320574712376
0.26074516086982735,0.9111296445418907,0.8219091807853601,0.827873115050932,0.14115573827656205,0.6612906530722119,0.9192175745503229,0.2014503671080174,0.9169660857416779,0.5025468446765915,0.9115358487339681,0.10791148626883804,0.5741535465368722,0.743424226146006,0.8082348613325057,0.8053723243215065,0.7140255148889334,0.2345113178065265,0.0164905129446955,0.0009706253307777517,0.05358645352057273,0.06390240199310271,0.004615325084944805,0.8468548811398293,0.774320140918763,0.02653575247278677,0.9222588606367847,0.43966345573668875,0.8945978094325708,0.4217145854257192,0.20558228234841194,0.014488966257451417
0.488137256442817,0.7842914228538348,0.8210935474924697,0.9896895066831985,0.14431423090974638,0.9188439415157623,0.948395761744795,0.2050213721806105,0.897579387598624,0.960977320360011,0.9080132946545673,0.11843864575467278,0.38258068252339833,0.9681298681109981,0.862098155725933,0.9916020104648509,0.7153266311593482,0.7457807959631023,0.3730819680989115,0.005398413066980403,0.035438421493617756,0.03462013774973069,0.022352768667900095,0.8032052020347535,0.7866994202791014,0.09099055421494406,0.05538105048524908,0.3608252472482036,0.800166905287788,0.42308122932919145,0.9667662850033008,0.00824776983678369
0.4623551482039197,0.9696925319299415,0.9124150467392503,0.7671933767407958,0.0843301599285069,0.9982034678894028,0.9180213237637325,0.20874453020143155,0.9164225965391724,0.9305372682868962,0.9114586965426386,0.107721331705392,0.3018579428032944,0.9679753086841936,0.8516185869019129,0.956292489520835,0.5141717260365221,0.908997130073129,0.5046092974015692,0.05191123098877053,0.1329855347653493,0.02218730893654991,0.040329502326174396,0.40968621244977044,0.10089251881625898,0.019267831857053323,0.14271319048701248,0.2057129667775766,0.07298452706300884,0.10136771286655868,0.710146955720306,0.008515278823531014
-0.20739412475407165,0.47566371173354427,-0.8704659839535114,0.8665290403278834,0.14224009716562616,0.6790153151158,0.9084069353265053,0.20708467612799544,0.920525446626046,0.9589534596161953,0.8965532210447715,0.10876201783205085,0.5210174147812594,0.7698620964182961,0.8329262175165351,0.7659663747239407,0.014238417384259308,0.5340241733179492,0.0347302374067221,0.021231869975687153,0.018407490806275628,0.6227624899899841,0.021540972749319008,0.6224676667618726,0.0961127658152951,0.07331618272918335,0.14434793219228576,0.4344880178541792,0.7430568137814697,0.10584372835856995,0.9522787433777813,0.014569637903706825
-0.20291563160999712,0.8623307813316116,0.8379235062253224,0.9728589554465825,0.11821131246110905,0.9262894150768546,0.9107961816813244,0.2053285172105987,0.8998088516210407,0.8794320977193562,0.9148628630557397,0.10482439741874125,0.49985532746672523,0.9582371739354489,0.8624933833491669,0.7937425882640309,0.7642406077206256,0.6432702566095951,0.5276597284816685,0.011622564951221031,0.019352482607217777,0.10942401699331655,0.04361169918682422,0.8457626079681536,0.6584854724671304,0.021319093197713558,0.1439298630782334,0.4064670785076572,0.8103477145516149,0.9606516679531688,0.2407524882871424,0.019277149104630065
-0.20740831798253723,0.9573350550597685,0.8212083617026014,0.9558368528358638,0.16589048343494603,0.7910709704726413,0.9248635261752095,0.20720226434039318,0.8874446600885443,0.8662029059624566,0.9237808264488182,0.09382497105172873,0.5290878001688372,0.7298486848809604,0.8217474987678169,0.8175210332005811,0.4292655493158734,0.4801434528436537,0.5238729045864583,0.003316181580351303,0.028342096835702272,0.4836012285558777,0.03336446896588527,0.6189243306584167,0.12211951934679571,0.09113737321001734,0.0915061863527599,0.45866252647013006,0.8214148766404994,0.10043517705386615,0.08034540839934622,0.014604615728574145
0.555316233285557,0.5053225947526577,0.8056551637866569,0.959329435208016,0.15064363487626714,0.8053001580058172,0.8760417352062684,0.20671078019398784,0.9082097881419392,0.6323150405023668,0.9117419153081275,0.10476592305372244,0.3326571481692321,0.9701437968702303,0.8613853722375729,0.9781495016034916,0.08050314627971195,0.3986298780874816,0.3749044737981152,0.004937358513347992,0.028692097093614297,0.020533202199614825,0.9787279678340046,0.6251008584355416,0.13738984775135815,0.004904843362185676,0.27685234919098556,0.4073138176805042,0.0536397555014847,0.8946639592688987,0.6343252368881195,0.0027385057029439414
-0.284736187015981,0.4121871594496754,0.7683980423472319,0.7499157249601004,0.07528654301612744,0.6895134591107359,0.9228819142752287,0.22393787838761778,0.9432137812334108,0.5941908780662052,0.8951954470349328,0.10762996013205844,0.49111893853721567,0.9609484623090937,0.6934418513585979,0.9686015432560581,0.4945422992370023,0.7140620667531926,0.014513852334426416,0.1568631814432264,0.20656105637925387,0.5699228416383229,0.04376039486212151,0.769051952399267,0.6263381475989586,0.1837754584718479,0.005366674491546798,0.1575195102521933,0.6921802340666536,0.060980400403844115,0.6830955097228945,0.019097173685902507
0.06778858841041899,0.49514737569418676,0.8059938310505438,0.7401002120738001,0.1715884849639428,0.7019884139736492,0.8947582157874131,0.20732555493101013,0.8907620783772191,0.9236323897506762,0.9103659317803138,0.09393815888216853,-0.48176497178545,0.9150371874298814,0.6757696163401523,0.42397515893785037,0.5044362786256011,0.47265038847251667,0.009274436559054342,0.0314944510987003,0.05109590624500997,0.5809374955663485,0.04163948443006634,0.5938185221275735,0.07463449713430764,0.06243225295357835,0.10445086468050355,0.22452481996600787,0.05044417361730558,0.38194189518840105,0.9353779264931203,0.019293011327371684
0.06003491923407428,0.531256846023057,-0.7562792950674571,0.3739094323586386,0.1064703099279536,0.6757859488847043,0.868502275227952,0.22371466707311058,0.8925678108825816,0.6351635365640897,0.8965256700736375,0.08924650034073861,0.38377984121978487,0.9908286382294469,0.8571894469446052,0.7851380046357246,0.08372516340703823,0.4282540824121935,0.010138727880664666,0.007990041323199294,0.012397159121241678,0.10248934932728815,0.00394111028260263,0.7244030810040549,0.8455593019638353,0.034530871483567295,0.03541265323365426,0.3466820207117058,0.0033895420988482496,0.025491005629646304,0.9729763279023077,0.012768133104932314
0.488137256442817,0.7842914228538348,0.8754417478369586,0.9896895066831985,0.14431423090974638,0.9188439415157623,0.948395761744795,0.2050213721806105,0.9304068232708035,0.960977320360011,0.9080132946545673,0.11843864575467278,0.3682746833397057,0.9681298681109981,0.862098155725933,0.9916020104648509,0.7153266311593482,0.7870239168050464,0.3469905214497118,0.05652601063659853,0.035438421493617756,0.03462013774973069,0.022352768667900095,0.8477376033035178,0.7866994202791014,0.09099055421494406,0.05538105048524908,0.3608252472482036,0.8002076074049032,0.42308122932919145,0.9667662850033008,0.00824776983678369
0.12071021185356975,0.9622694159745423,0.8565668106354245,0.6250144846229707,0.15946589801925445,0.6771571895068859,0.8488326989077752,0.20422128619994523,0.8937048064906379,0.520026646522481,0.9102614328954355,0.10358506291069698,0.49033236405777014,0.7278749847092868,0.7977488960925905,0.7701785460942332,0.0035495000607965177,0.7142825862323318,0.0007790032464301822,0.005596762061155891,0.20640996700012193,0.5510240441051415,0.02500682742058282,0.8863312040795512,0.10574174428938196,0.10452766552377955,0.10379168635546548,0.5925033838492666,0.8221620041698201,0.4789962699539429,0.26335706293160155,0.0031255595321589835
0.15222262563226618,0.9554345279774249,0.8381841783898392,0.7502010003894983,0.1121272238663698,0.6758756611395841,0.9532869693301007,0.21804597773882636,0.8901595054901111,0.8813324178567288,0.9148908906699824,0.08703705481729526,0.2680868889655755,0.9655344672328591,0.878715821039959,0.7849749954655054,0.6743775675612049,0.7608452969075412,0.05119817413788558,0.011148473183877385,0.05285705075821501,0.09557834382170594,0.038902463551911654,0.8191959424789457,0.9031424925920464,0.03319410300884636,0.14231915314580373,0.3479047696619717,0.09925427689263747,0.35851910925032904,0.8962741055583899,0.0033423093692567622
-0.003278322298217111,0.4144547799235764,0.8201881787392029,0.9568889273383453,0.17418269489750843,0.6451131016516843,0.9084626674836008,0.20587452437159676,0.8753118124723753,0.6628162572546612,0.8905527131365134,0.10382701730098894,0.30535489976566316,0.9854284112432115,0.8461135971210015,0.8409519282259537,0.10494063274157406,0.6209583921618731,0.009852288517157276,0.014369539920285859,0.053906484229114475,0.07315227335810534,0.04368994196269868,0.5734363979939733,0.08936691533363883,0.010903644805543424,0.1406345786647099,0.22338845730113147,0.7754267987808544,0.0004798954560448071,0.8256430177753329,0.0043336839919970805
0.5570876056390791,0.9509364670928246,0.7718586154473085,0.974138795306874,0.1291827566011639,0.9682327483506675,0.9259209809330395,0.2089163372888245,0.9433695912298079,0.9368558333829435,0.9155975302518116,0.10361470688019278,0.34746818912053923,0.9433274690315406,0.8043849877039743,0.9321851856210801,0.6681072445312441,0.7059479613338198,0.006217577310389699,0.053133688994306295,0.0053445163155981905,0.023593758175153783,0.005191113001738447,0.9849909881434372,0.018892448175154418,0.010613111989412088,0.18890034462780525,0.6423197416582413,0.015098660214818871,0.7155221326821695,0.6681804154377822,0.00929789779892494
0.28645408113628257,0.9515907180764038,0.9558825755910284,0.7487633650102783,0.14486890980391565,0.9380113010833115,0.8840227116018512,0.21653851189745785,0.9098460434691671,0.9625051209351059,0.9171640906046181,0.09313629738436095,0.3750611106518763,0.9657189801251165,0.820152087379544,0.7887972736619183,0.6757326706568828,0.4089563934462001,0.034087177695042936,0.05623079546431965,0.03198019120209604,0.08668895150307426,0.029493789898224557,0.8526054707735495,0.1353017768815707,0.01768743363732366,0.015377969673440758,0.4357873811921879,0.01805604255702814,0.4546207896083282,0.8529113079930662,0.02059922065807874
-0.20581443501433597,0.9267640380803425,0.797480559040207,0.760602482648444,0.14200027028205778,0.8544859863209499,0.9189040435093825,0.20494771078236615,0.8913625086006317,0.9536466088359358,0.904517918143502,0.10381871295283197,0.47911546876546673,0.9801043703662558,0.8260858811365301,0.9651794984767639,0.0463878454651957,0.7721873696845858,0.011361168882700392,0.020032694083593882,0.00563718065576538,0.018361625033458506,0.03217326696759485,0.5089903905941874,0.948282644198511,0.010796806089122701,0.011444816485657122,0.33297532167288413,0.049579018202148106,0.39002980524930664,0.8832068360755181,0.00525521308828631
0.08330719879842177,0.47595294406221295,0.8196907392339127,0.7228208478841865,0.14743147797198136,0.6860628520189532,0.9179695769614323,0.2068618348638512,0.9346624460234213,0.8490091327929659,0.9005516016263586,0.10541539031979802,0.4394423075175112,0.8536910297387335,0.8468598887766606,0.7689605097926164,0.14088972043641873,0.9418420340838328,0.6134775697223639,0.02869835153472228,0.028836791689413555,0.5082218946416355,0.17786917836038985,0.9170308689590868,0.017880592997388145,0.1500427545221339,0.07662191598866892,0.5867959895449262,0.562029225624086,0.6342083148910548,0.19705603165017577,0.0008358658161014831
-0.0030401120558621597,0.40490500552734804,0.7722303489893115,0.8198739389238738,0.08117170014254038,0.689157749741407,0.9442221321882369,0.21641578311289603,0.9359875418039022,0.9040110961857779,0.911269164497615,0.10762488494277651,0.37751380919001004,0.7424052305732154,0.8386553122988105,0.8161067581631529,0.36511161529340314,0.43854924505725207,0.15595845579337714,0.053135635122507935,0.01139941179902486,0.022812539569599378,0.029098519012444306,0.7940883818459424,0.6599837666092794,0.06637039888520489,0.029059557274892518,0.1543738713859071,0.22335034254161867,0.08331582448555322,0.6942535583035292,0.011613798549342665
0.11481251538067118,0.4618093935269438,0.8513284244800225,0.805205058130745,0.17567775122956458,0.9177109058882688,0.92230284199583,0.2068811212171377,0.8963300167322008,0.9937363962636829,0.9137853603799562,0.09944829735633978,0.5635113246699536,0.9698498653369163,0.8659309115837743,0.9861789991955702,0.7189467686755022,0.7611910913454931,0.13849253094251976,0.003196061184737191,0.021547168636933067,0.5824039274406982,0.030748931514227102,0.8072971570839702,0.7918782637613703,0.09335169811347561,0.25377654681248574,0.36469353234520435,0.8074347325411473,0.5783158510255858,0.8553957319934363,0.0030156624539769607
0.5735825894842321,0.9498948439023126,0.7068700096581675,0.9610802074685166,0.11320199861416178,0.6847835429515213,0.9150596901288695,0.20683740768400213,0.9098330256310929,0.5010106105643319,0.9157613941570991,0.04609326800331241,0.3875805275203518,0.7941680182738174,0.8634499187613178,0.9956095160484034,0.07992460861661438,0.9896758383775421,0.04076789442990651,0.010978717142288897,0.06298074665660303,0.025552440904187644,0.0262811631680141,0.7219979329026045,0.8060725088912305,0.03504675520860807,0.09101867089990356,0.35850771290281414,0.7343441733571792,0.360916491247363,0.9343583077067578,0.01741996198974316
0.603106849486614,0.949122592448616,0.9735244964627611,0.9781584153940263,0.146098244768099,0.9777675840810228,0.8964562287774559,0.20502299991632006,0.9044225627477459,0.9620615416901601,0.9080132946545673,0.10604054027339492,0.2813237679127206,0.9838245140880393,0.6632437926219792,0.9995888274859063,0.7153266311593482,0.8502262302377396,0.3730819680989115,0.008976583558871508,0.02116537547052799,0.7064930713287416,0.010058225891015966,0.8106438971391421,0.8477926673790922,0.07986338622282554,0.1765701451870853,0.6376313195068455,0.9269128831540957,0.8379460417309673,0.9667662850033008,0.00847610813536438
-0.24764276755399,0.4255583233897267,0.976787738723152,0.995551612274356,0.14181820073456258,0.7061668962648023,0.8867595009200057,0.9477015610558633,0.5746436619560663,0.9276808406998249,0.7883834080755819,0.9405031526191855,0.3321991370601387,0.9575792571996286,0.9178271645912308,0.9706603071375567,0.07090165897198832,0.7913656675825944,0.02771730961171498,0.025502154950303772,0.010247592342854144,0.054125849993619024,0.014771727695977295,0.3533533716947178,0.9478989611094392,0.029830604533535317,0.040648916845916844,0.1612968730546549,0.00012165473889708123,0.004468720662254733,0.35703449299187273,0.018377815443579866
0.6088574657630563,0.9554345279774249,0.8446453461688449,0.9966238336312306,0.11320199861416178,0.9403487635182489,0.9428795487099997,0.2084797501692482,0.915529748998324,0.5933869258673269,0.9152319288107584,0.1084443581704178,0.3842276308333667,0.9593256213372029,0.8712323407297007,0.9975064282590191,0.07992460861661438,0.9896758383775421,0.041875337352628994,0.00857752962721289,0.20492639293296605,0.10009826544940836,0.0262811631680141,0.8470387510092886,0.6316649792216948,0.03914276184882977,0.09101867089990356,0.35850771290281414,0.7353110522963637,0.37313249982768926,0.9248312724859069,0.017321412957485127
-0.19921411743289003,0.4048140432370155,0.901550563405832,0.9681671554029793,0.08156972760185084,0.9623396887321186,0.9193663616665058,0.21662890040406776,0.9088451805537703,0.5258849379370671,0.9036936877695895,0.10756382326953176,0.2822615555601758,0.8798605553017871,0.8193384934439593,0.985455945213014,0.32706015383774123,0.0435962083012833,0.37258273535692243,0.06244309746338944,0.19554786152449796,0.017107759423569846,0.9783591556606466,0.630784359614889,0.8471558619717849,0.005834366590397266,0.24975892817654083,0.16243283652990506,0.9141680103903922,0.9837274821924852,0.6799861259158333,0.0064759068154618665
-0.588931661711742,0.572826140345009,0.9063851852356163,0.9679807763608966,0.15616689702816242,0.6933872683329387,0.9036996982145176,0.15926365210849425,0.18753298002935684,0.10305690080186342,0.9556487264407212,0.9371628332092352,0.5258050088654899,0.9938343509223168,0.8396882213948924,0.9698359690755678,0.021971088909031322,0.3693817520580498,0.025615125635068903,0.05865628637349721,0.02571021502704988,0.5682942401404203,0.0501705427182151,0.02722141052299093,0.8404427918292745,0.10968889706890889,0.003725677990685551,0.0023651940693937418,0.7392630422094872,0.007312329642052674,0.9286533282676226,0.924518047050922
0.008261937884297119,0.4150847772400404,0.8726223811281703,0.7082693412249508,0.1414678816498902,0.81353396825424,0.9257091090015303,0.20840238781392212,0.8980171981582045,0.5362847368001531,0.9063389395158974,0.10556388850758494,0.3471730592593989,0.7390068069766766,0.7934513661280802,0.7658370875152758,0.6279909782397386,0.4050599854067152,0.5398219451977906,0.017233602416888198,0.05561483376524334,0.5174403688637821,0.0009368883924799933,0.8505091359980586,0.6279864959202123,0.07476808733882082,0.0038896430278205357,0.40798806256566117,0.8453269677112218,0.007373542267739022,0.939782411724756,0.024255707447385977
-0.20740831798253723,0.4782673384460726,0.8212889515795821,0.7490876512613195,0.16589048343494603,0.7959108366941333,0.9188211508787182,0.20864758141899792,0.9052872487608237,0.916660047976511,0.9076400353192697,0.09382497105172873,0.37681280149797713,0.984511895193286,0.8217474987678169,0.8175210332005811,0.00905858131186335,0.4801434528436537,0.00652617595471805,0.003316181580351303,0.0017291032735432255,0.4909752125837637,0.14150791899828064,0.5917917663332307,0.13736950942733256,0.08197737554213734,0.09143264118973277,0.45866252647013006,0.8214148766404994,0.3774405696371151,0.08034540839934622,0.0034997216908880585
-0.1812239167761028,0.5989912930410163,0.8999164812785587,0.45950882436671037,0.2477051218584781,0.988191487423867,0.9495720316468551,0.21369838255742812,0.6154065830753565,0.9467895484175153,0.9543061713477727,0.7506719668609059,0.5257293286969387,0.9679217137081197,0.8607927014286137,0.9980847141466518,0.1374765385804611,0.7374828614998443,0.05088008226909685,0.0629352959470695,0.2149395605634143,0.8294433201241802,0.009297122350821727,0.804763128361138,0.9719713591748532,0.011717530827150102,0.14578383437952375,0.2928595247847771,0.7956357146992624,0.022192483203365525,0.9829045413040682,0.5467022604391603
-0.19177094607418207,0.979899748335255,0.7715096603445121,0.7555791370577147,0.0746476936952932,0.6432119749537698,0.8770786443602259,0.20741257216076317,0.9166444392597596,0.9442736349571363,0.9437049329151912,0.10546540666738616,0.5164616835671101,0.9590036594300759,0.8674478162158284,0.97230309345941,0.10506804894598254,0.5832254273394101,0.016700603256385005,0.024325046050690226,0.0020956639353531033,0.5583630781686704,0.04388813337915225,0.6940989098146458,0.015121136598884533,0.09808967001080307,0.0003929761516879675,0.1365313286633994,0.5698917957221716,0.1759351855469638,0.7784989037213963,0.02046565005559719
0.035438808324596616,0.9957530240021156,0.9030519953471966,0.8981296609948463,0.08011248085416756,0.703064981228301,0.9276470283469379,0.21606405384863164,0.9335068454108709,0.9690978769912695,0.9127370170658055,0.09449054377175864,0.3194309711134064,0.9935651130021195,0.8241373415238058,0.7641389835472454,0.018405281415599994,0.7715115469536465,0.15473541878057473,0.02873177253621731,0.018218923630075063,0.49186176081738187,0.04949191644674083,0.7823814136855847,0.6268315671970356,0.0013199678521716093,0.04108112720017745,0.21774110813393396,0.058190129590031614,0.39872378853125096,0.8386715314160523,0.008227671064423875
0.08330719879842177,0.47595294406221295,0.8459611871823444,0.7483272652945413,0.1474289386599889,0.6860628520189532,0.8845572970390706,0.2068618348638512,0.934860796959906,0.884546314078001,0.9005516016263586,0.10541797057365648,0.24470795005160045,0.8536910297387335,0.8471573150070757,0.8317103723726182,0.6631933907266808,0.912005824142306,0.6532233256148255,0.0282762968574823,0.032263707353589625,0.5122030891601059,0.03736593935543454,0.861664524691208,0.017880592997388145,0.14761687189486503,0.08692444375143482,0.5867959895449262,0.008341646966151084,0.9476229577479666,0.19705603165017577,0.0008358658161014831
-0.04818070356324196,0.4245575457390718,0.8226102221540195,0.7306246488113386,0.1544416098474396,0.6711604544506792,0.9177050791696656,0.20124159584777682,0.5751449494261268,0.9044193970096582,0.8763518393443358,0.8795898061503686,0.2671008642379986,0.8580351832371002,0.8617496922527218,0.9681830341284554,0.00019826755632662563,0.38410469535694475,0.07819577443224443,0.05655567580625508,0.018630230686475333,0.6599360620015691,0.021300554511999983,0.5737653446601603,0.9359768888139424,0.03582525604811543,0.0855043171033088,0.17844514645746695,0.0023453364800475884,0.12834181100289424,0.031017831920097605,0.8013925996507303
0.14976449688932314,0.9554345279774249,0.9063720868820019,0.9796610953728302,0.14242908012146957,0.9982125667367756,0.9525043190723713,0.20875732988129286,0.9299543408247286,0.9536711989015715,0.919477157072976,0.10775168627638529,0.5741535465368722,0.98751504825695,0.878715821039959,0.9942559418977139,0.6757916140586759,0.7619665050326473,0.7106085908388428,0.043330123801522354,0.04904435332640697,0.08129325993583314,0.03467760563222022,0.8238348091279392,0.6439598080436285,0.026563334032718107,0.14231915314580373,0.3932172467620063,0.8920218923335032,0.4211024503110046,0.9744938105029464,0.017321412957485127
-0.1879206182834967,0.4773078631070873,0.8212083617026014,0.8687412496988223,0.16481607584383862,0.6594744704744654,0.9190260118931797,0.20660389028002463,0.8924973578563458,0.926496173754354,0.9128058161743499,0.09382497105172873,0.2911569894085135,0.7310077799071518,0.6855309561184004,0.7659663747239407,0.5784912124366147,0.4841085261193051,0.2642693426561187,0.00561549213003576,0.05316307231011774,0.15733614789207007,0.0058557149025694755,0.6146995748934384,0.12444528851087533,0.03997562104373176,0.09182573894065967,0.44572618608288006,0.8125959639005678,0.12088990385418075,0.22152847599513087,0.0027144970025095305
-0.20909791534827965,0.4706628513745071,0.5044346382017378,0.7108113588551342,0.14148578614610385,0.9833833223835385,0.923120733751857,0.2073086687002509,0.9128380901518378,0.8947085190718871,0.9102794002805975,0.10510658005964367,-0.5142561112368884,0.856598184875968,0.7734181090649495,0.9524713834893173,0.6805953573365784,0.5915598335546364,0.049340732575701825,0.0047273733855339554,0.006164929927076512,0.526183193354146,0.044636856271038736,0.8717641933607749,0.6897536205639873,0.09935405713289908,0.05990082530023956,0.18069584893777446,0.010441058071546959,0.10222042952423699,0.03554269982981552,0.0006785535143915785
-0.20991475640904117,0.4602902120003122,0.8385760946869508,0.7387203228655245,0.3004179119074735,0.9265517087468241,0.8872395147341099,0.19769975463410533,0.568322766194301,0.9114605759969672,0.8552683550415346,0.9108620309770495,0.5103711023576537,0.8684075883892453,-0.7799263784853288,0.19926156438466075,0.03820702773228039,0.7671302723788342,0.21894765636370098,0.028726464909079045,0.005474945010778776,0.5812302880474856,0.04544905187502131,0.5867636412617908,0.8738537523711385,0.0044819121572920555,0.056018811683365394,0.1560491296296835,0.020873902176849382,0.3551672639590815,0.19691060622885687,0.014523634928500728
-0.20065081753585273,0.4048140432370155,0.8865333582435239,0.9681671554029793,0.08156972760185084,0.9623396887321186,0.9181760360272555,0.21741738501007418,0.9088451805537703,0.6601546817627548,0.9043008223299684,0.10756382326953176,0.2822615555601758,0.5844031439896351,0.8193384934439593,0.9849422823947958,0.02384496758744703,0.052896513444872006,0.37258273535692243,0.06180281020781497,0.22468362405742404,0.017107759423569846,0.9783591556606466,0.6218218347648905,0.8471558619717849,0.005834366590397266,0.2659534196831666,0.16178858425555878,0.8566353547553903,0.9837274821924852,0.6588127341195756,0.0064759068154618665
0.5971414020628848,0.4677975952184047,0.732648426949195,0.9660686088291989,0.14043091735062652,0.7772620379977965,0.8160939236043399,0.20668878535146634,0.9901014471034207,0.960977320360011,0.9070893918617894,0.09548147543033464,0.5098492999278835,0.999572813332289,0.6919176252069592,0.9968490598277833,0.8505034975129981,0.7147610422243851,0.5330324049145969,0.02776080443726957,0.08724949876599858,0.5282324284320709,0.019245336957113175,0.8472640220335071,0.7663596263994912,0.01901053192692097,0.04087494093795528,0.6280196086628554,0.03768077263706826,0.6252325555933268,0.941349137016263,0.0019980586626340705
0.5972117060080507,0.944293628251502,0.904185500607034,0.9659071763789766,0.14036663435691465,0.8026696044401389,0.9428079942416308,0.2045955310618823,0.997857302262619,0.960977320360011,0.9068038530088399,0.10535945394566927,0.3828126332974739,0.9680400116634961,0.8518968388269702,0.9940449402089304,0.8435761284641361,0.7160538530084533,0.5519507316039619,0.024920918133072595,0.4771300703223207,0.8301101751563988,0.06563714297963441,0.8032052020347535,0.34488589526639163,0.1051416012218228,0.16817574150411188,0.6036435816431733,0.8302903787502858,0.518308771802236,0.9099915179430637,0.0051648811233668355
-0.21895414851257652,0.4757063097896518,0.8233726203978857,0.8029434132119844,0.16181502890948266,0.6768355002755994,0.9087180575041134,0.20659789256944294,0.8891441380973261,0.9407256275019086,0.9102926051441236,0.10447179668572937,0.4605634777899427,0.717306232892788,0.6460269163217799,0.8086254945486662,0.18130908360098263,0.8868088410978352,0.1663268129636342,0.009518151136447472,0.005006768992953827,0.5913747780723849,0.001294299241458935,0.8849699801509324,0.09375460179095957,0.10767625878349091,0.09144916225708821,0.6141750975321066,0.7785436765305424,0.38657766883274114,0.03666355274727681,0.0038348912418168083
-0.6339780030440263,0.36190452130391476,-0.8932061718348332,0.7048000591106787,0.14006228103637375,0.6952407664401831,0.9084390271257838,0.21152884873744285,0.20349942647829836,0.9328414433111041,0.9150334938508946,0.12505755419386072,0.48342022484667097,0.9867384062521734,0.8738662154242187,0.9400078975461811,0.023899645265006833,0.41302525829431086,0.01021129130260124,0.04270056598705695,0.4711350429333514,0.6543100792796708,0.01472550788377951,0.04532543433123848,0.8681328187628361,0.052760379820531944,0.06950102301044549,0.044754290086223086,0.04610980331389242,0.027248397842461802,0.8934199557718933,0.8487850295341303
0.005492160944174124,0.8563028553761294,0.9542141292932932,0.7598802698425934,0.11108466276706827,0.973753699908615,0.9208516286705498,0.20879287286601883,0.9337558953271976,0.956626086738805,0.795009996404734,0.10809033076964941,0.3401316260697464,0.9844567503918982,0.8787000578776754,0.7660922893108344,0.040795041523258746,0.7211183450727356,0.5883672805484255,0.027017726453873167,0.017563941757379187,0.16876069994144313,0.04139818878999855,0.8468124450691504,0.18092188761212735,0.10484629159089663,0.1283758035224291,0.34460739675482477,0.917926833548433,0.454614760954912,0.01534029992736663,0.0018553037110203181
0.5920586492646331,0.9606101782846468,0.899115778435266,0.9721793848560026,0.14054526942072806,0.7040159093598719,0.9317023663749407,0.20451231958251645,0.9295419326459171,0.9532146091031619,0.9413344109441485,0.10793779290794393,0.2901988347807711,0.9867602212174371,0.8625821890855531,0.9860908118107813,0.850186137458713,0.7798415123963659,0.11119823195648137,0.008068105082527394,0.20425513253307098,0.5616124911433614,0.9480467780827271,0.8294889977495608,0.8691396680309216,0.007763469035142273,0.11627046259209221,0.4047329597217374,0.13746756985572656,0.9668417547044299,0.9629469968968843,0.0012989719713382246
0.5735825894842321,0.9498948439023126,0.7068700096581675,0.9649432819463472,0.11320199861416178,0.6847835429515213,0.9150596901288695,0.20683740768400213,0.9098330256310929,0.5010106105643319,0.9157613941570991,0.04609326800331241,0.3875805275203518,0.7941680182738174,0.8634499187613178,0.9952258043438269,0.07992460861661438,0.9896758383775421,0.04076789442990651,0.010978717142288897,0.06298074665660303,0.025552440904187644,0.0262811631680141,0.7219979329026045,0.8060725088912305,0.03504675520860807,0.08576583123487981,0.35850771290281414,0.06758816296469977,0.360916491247363,0.8589885720524839,0.01741996198974316
-0.2015981455158923,0.4757063097896518,0.820337116085266,0.8641475073740498,0.16382011171951055,0.7991333762619768,0.9246149585718731,0.20708007362565767,0.8951570722008111,0.8950890921409705,0.9090725403878357,0.08527591897363021,0.5415436232391988,0.9187160012578279,0.8381663755690724,0.8043536549317336,0.41033684019134387,0.5342111989866156,0.039176904495106066,0.05318656034501175,0.018262681066271397,0.20996272511346867,0.03478950242001044,0.6164874974293499,0.11029273582111371,0.07349754780940748,0.08994404676817695,0.2611676622824266,0.8209475096604697,0.10496391466492724,0.8814175565368685,0.0183962771545435
0.24577013650652957,0.9467291628234549,0.8361157000374279,0.9748030096215567,0.1588807468636563,0.6453027541345088,0.9192175745503229,0.2014503671080174,0.9169660857416779,0.9536711989015715,0.9115358487339681,0.10816201988491479,0.5741535465368722,0.7422787569151137,0.8082348613325057,0.888609683361942,0.7093368137890845,0.9031386059595572,0.01799377736441493,0.0009706253307777517,0.062068642512565636,0.06390240199310271,0.03332973143657965,0.8468979450917875,0.08623401950458559,0.02653575247278677,0.8990951976285304,0.6199044826531152,0.8945978094325708,0.4217145854257192,0.1710720965767663,0.014488966257451417
0.17636918233375487,0.9499709506294669,0.8993769536500752,0.4179486475629184,0.1570473873979142,0.5807025804789886,0.9227321649058127,0.23665500532063444,0.610592640456133,0.8969656726773223,0.9158802178839216,0.7506719668609059,0.5250087348390923,0.9681754615151421,0.8798968150018457,0.9735932431333681,0.2057769624412653,0.37775305932133063,0.035036414923025505,0.05846139304903416,0.17173732775954223,0.9350003480029451,0.5802284188567058,0.8699378859520485,0.9892927422613508,0.0401842061551064,0.18432856842258905,0.07373643091358714,0.8212627771681077,0.06184643217887928,0.9732578663787843,0.5365571633225255
-0.20656761002026847,0.47354252568011934,0.8351085547770684,0.9786789932471305,0.13147343271452752,0.6756542896306976,0.9159523234552409,0.20644146385200227,0.9397918234976645,0.5347091767100812,0.9150919644246679,0.10579407394057393,0.22010805538501205,0.8953499337178241,0.8962833549700121,0.8869191916675325,0.06007478233813335,0.3997533466235717,0.007635440903442481,0.059554198079596436,0.07923746694815018,0.47222289120771915,0.050220093483304015,0.8487505844654482,0.6378598567334257,0.07471768611143405,0.028002449009739902,0.437076476439221,0.12845907067832574,0.5899392472993551,0.9756296108405729,0.01602800204747109
-0.2162943302534478,0.4812186530655769,0.8226443906701905,0.9562352815561408,0.1894518982021172,0.5767348146796029,0.9239320275421974,0.17390534080860176,0.94423084870102,0.8633739544455193,0.8862087530205554,0.103249447292457,0.37719574246282145,0.9841669327880693,0.8753597076605056,0.8312816360683744,0.6461247806539305,0.4168833335739893,0.3814157083366683,0.05886680657804604,0.13431044503360368,0.5926931706361025,0.03260506549042221,0.8465907352787516,0.8062266655815249,0.09694325202440562,0.1404154823241271,0.16452342731389008,0.8090236722272784,0.5470412145436383,0.9228007758029428,0.018746827546108333
0.08330719879842177,0.47595294406221295,0.8208646100339613,0.7411293103120073,0.14743147797198136,0.6860628520189532,0.9190925071384689,0.20683150360656846,0.8831603677600693,0.8717551058094537,0.9005516016263586,0.10541539031979802,0.11553805989586186,0.7540380748636955,0.8700264288703372,0.7786513164330322,0.6633509930917568,0.912005824142306,0.6226390712050043,0.005047836447466127,0.031321962468417494,0.2930974117003903,0.06730783531427896,0.8817442205797694,0.017880592997388145,0.13857079954200804,0.08406502967819131,0.6063891429342563,0.7385412317398434,0.5251745678492699,0.8636505420912721,0.0008358658161014831
-0.2257196838259106,0.4781582672444567,0.7382743563029013,0.9790851406608152,0.14441079900244286,0.5978326677983209,0.9304855291173808,0.20683673029261876,0.9188213310056782,0.5078442209420442,0.9187867060205698,0.09432680269906127,0.3340720823184362,0.9682205351459778,0.8045123942274001,0.9705052554653053,0.13560512004584258,0.6361517799117906,0.006739148433162409,0.03268519776856418,0.041756650289861315,0.6028062047293883,0.063165311618537,0.6341616448627968,0.12385402870324463,0.3096224026134876,0.03709896321838867,0.30775654109912115,0.8078459608617644,0.014952884979947238,0.9620318638045897,0.014723006774760319
0.5889799756742736,0.9713606722801817,0.8384354239762418,0.9966238336312306,0.11297106753999528,0.9185723518762509,0.9189739462132623,0.2071406980955947,0.9098330256310929,0.5010106105643319,0.9152319288107584,0.04609326800331241,0.3704799532003684,0.9409096799987103,0.7051212791462613,0.9956095160484034,0.07992460861661438,0.9834200004374204,0.018932512289873697,0.010978717142288897,0.06298074665660303,0.034716085813486786,0.02636012709959141,0.7219979329026045,0.8060725088912305,0.03504675520860807,0.09101867089990356,0.35850771290281414,0.7343441733571792,0.360916491247363,0.9382364662052698,0.017412790202238404
0.6001331723783341,0.8872011673455888,0.9033820183372265,0.7531343111025557,0.13612344758198142,0.7010839926368304,0.9246232392926508,0.20452079742140544,0.8832506001677025,0.9597197645392885,0.8803972819909709,0.10845148454207347,0.29408251771700483,0.9827797021425514,0.8120704106359723,0.9270822243911664,0.8511002422627886,0.7160538530084533,0.016217836590201817,0.007726185405588391,0.02418433003221464,0.10595879808160122,0.08405504452908844,0.8934055024036557,0.28915839530073206,0.002665285336481936,0.1124084755948582,0.40448895479371694,0.8648420759332665,0.022914018394480345,0.674721250758868,0.0025382339764968434
0.25559470026949305,0.9456556133726665,0.9835588601443277,0.7131987208336351,0.14085508449012107,0.6673191288175765,0.9113035927623453,0.20597835283651186,0.8921001458115952,0.9731713650985053,0.9161905925247359,0.10793561247146248,0.3515580570371977,0.9447646838990602,0.8619209672024678,0.7658656283316833,0.7115477882304464,0.6568102256903754,0.3897553145334045,0.05969820369008913,0.10706279490582699,0.9802344153570611,0.17409529559479428,0.6313336035065495,0.09297136939237904,0.09243980843659994,0.16228065631260818,0.4343855653573253,0.7798183838516887,0.1429258766343855,0.9789617255165998,0.03247898859995674
0.41820017063182624,0.9676374618122293,0.821211258880642,0.7506933623423233,0.10626206706907575,0.7000396980897887,0.9497836791295655,0.2039487478899459,0.941341899707748,0.9640552406739895,0.9377847900070256,0.1065376383942042,0.37189331497313294,0.9240122160085609,0.9494913140772545,0.7711194575757998,0.6607084397750965,0.8952350363753869,0.08103560875865284,0.023944239872207902,0.08817042689942438,0.02361051979498824,0.03750793840974095,0.7297536624342007,0.6403022704397902,0.08544723929710338,0.08992871392225767,0.18788601022829465,0.9937420182498721,0.20614286723999498,0.8876385156114492,0.0016706472323235397
0.5920586492646331,0.9605930030217645,0.8310054013558469,0.9764450350682701,0.14063705526098835,0.9977644914473989,0.9032218833390178,0.20524384081232128,0.8814050387690179,0.9532146091031619,0.9158743523163897,0.10793779290794393,0.37375806900286485,0.9692249044406929,0.8625821890855531,0.9944895712014183,0.6684224633341018,0.7794204946880072,0.5143287072675251,0.02520745215852744,0.04461434942133842,0.10929963125481962,0.026972258287557782,0.8462957713540986,0.877442507695244,0.006076874118384578,0.25104580412356853,0.4047329597217374,0.2631114216126105,0.980094065052578,0.31614172051217815,0.03922807592370678
-0.2073852866505413,0.5485261413468032,0.9074066433368831,0.9626491902993101,0.16690999603001508,0.8050888476300326,0.9047188969842465,0.18853155281589884,0.9200762247275323,0.5245222110984871,0.9053107346784112,0.09382497105172873,0.302114257718305,0.9936803320802089,0.8090729625017368,0.7676650595370323,0.04331927502544913,0.4939174198316786,0.5401301602453681,0.0583127896427202,0.023069172002240384,0.48228218633131725,0.005887442989089324,0.6200621565613211,0.902294640704158,0.03379933569585701,0.09899418612847688,0.4416940369270387,0.811291516985026,0.37636615855600253,0.9351422718418804,0.009911172424029039
0.7096198700410299,0.4887054536108521,-0.8060117629498768,0.7499157249601004,0.07951755525727403,0.7089896858738136,0.9250947856263302,0.22374230287368546,0.9532544912716634,0.6852503979749118,0.8543270317675642,0.10768750734402921,0.3502888908395233,0.8400142659096259,0.9214677024415746,0.9173496384046878,0.05793130092012286,0.031071739119571982,0.014506321939516453,0.024240865700039124,0.026213422086593982,0.5680552550933078,0.053153046253694575,0.7024893306971608,0.06105556649697064,0.010423160145250908,0.09652781251303313,0.1572336320842395,0.6297111443269198,0.428960209748631,0.8714698826100095,0.019101652738807207
-0.3769236451401643,0.4941599304553399,-0.8158941959861523,0.2842773574465446,-0.021474543625139526,0.9614683491196511,0.922657574177004,0.13623339850569882,0.294705401476116,0.16980292662685503,0.9515202767836285,0.9406433650871684,0.2578398460814001,0.49208023787225713,0.7694437087866155,0.8839792325918322,0.8948890016942523,0.7026434776255831,0.3827020336986233,0.10999988915934587,0.0055924291388414656,0.038214837597084106,0.019135314254992503,0.2190667580998829,0.07095092961722599,0.37764224129638957,0.12536632946028006,0.23002537276813478,0.010602128940216726,0.3982942663343416,0.7967517543626178,0.9113073450772061
0.08878932010242177,0.39189387980306456,0.7877111042856574,0.7114361728763043,0.08082557005258685,0.6801838596004885,0.9270407676444687,0.20711021506394395,0.9121229514534557,0.524262268972645,0.999284008008708,0.082014951394786,0.529717121850828,0.9870780113408506,0.8808058554187705,0.9726952724087287,0.6793808331591886,0.5523315312416811,0.045580554871488405,0.05303294597110597,0.05550766565000246,0.5265695989352626,0.01850473613317112,0.8070283426431556,0.06259629137756799,0.02990003576564524,0.004971599121355634,0.1468268791778987,0.03327071749978322,0.12685978961801397,0.7115127600474354,0.017920860594990713
0.5710227074985548,0.9497971580179372,0.8318377456052896,0.9936635380733438,0.14063705526098835,0.9977644914473989,0.9206457007918563,0.2176110941121178,0.9518121298478274,0.9538486416345995,0.9413344109441485,0.10793913041492269,0.3714868647053594,0.9581094174101804,0.8625821890855531,0.9697218972508272,0.6749020002624972,0.7207405344258134,0.5351421730572672,0.8730550517070734,0.21035238895800296,0.1453776210704561,0.44222567927595857,0.8462957713540986,0.7832628280331448,0.005346913484012714,0.24838493128881123,0.6186526524380094,0.8765195249095745,0.9790433905633078,0.8329236137738637,0.026662101016553925
0.5743869774433765,0.955316621883594,0.9460455565161301,0.7459964548308986,0.09782525790390821,0.6758739380695836,0.9164072964725635,0.20663125070506466,0.9565976783901117,0.9652049120127792,0.8804625493782979,0.10416634369538619,0.5323445070347257,0.9670997828582197,0.8728168505473451,0.7723881343699794,0.6809957749276524,0.8423291956252159,0.015082035635782753,0.02769530243222871,0.029560290885207244,0.06757086922553035,0.045227238245245896,0.8469727120887962,0.09338813045275074,0.0015888994551944025,0.033796559461658375,0.4012409531115474,0.6262880018564616,0.42560328335205627,0.025002526531636537,0.014850937460133471
-0.3038616960548735,0.28819890062361864,0.8359872492399363,0.9797961673024012,0.16953005435810883,0.6767834734411534,0.8926537274399342,0.20878106885052541,0.9357892603986612,0.5293808953832415,0.9112901216430805,0.10583778747740151,0.5984693705068744,0.9464292634965328,0.888191489413187,0.7263868323206385,0.029628341004870166,0.8909815740072096,0.012300365591127085,0.054178028328301764,0.014569206851507175,0.16608715152165893,0.017555954775019977,0.8444736725369405,0.10897491753162858,0.118062729192282,0.005363461362970029,0.3936025953836631,0.8702194187550698,0.004240648803456842,0.8920220384714052,0.0039050930915079532
0.6010015287751609,0.9447195926597116,0.9082066131072245,0.8444840600007375,0.14295542116019086,0.8010749654850762,0.9489171387815455,0.20793010884090024,0.8984129679272257,0.960977320360011,0.9053509983155857,0.11857156595579424,0.33832723068219045,0.9617347695993407,0.6367602437981749,0.9669435962526582,0.5007571096932864,0.541427452876017,0.3730819680989115,0.058145461110539864,0.4532632923331499,0.4830179255557103,0.0373041869681435,0.8701129129054599,0.8054754658810817,0.43035764457132775,0.010734488387646705,0.39279565013212003,0.8673014999508255,0.8379460417309673,0.6750564097573856,0.009719755200175487
0.4688569424640047,0.971813497548599,0.9014418140085703,0.9669081591592448,0.15702281906503618,0.9574230680506253,0.9444176988611833,0.2087673404885102,0.9183326310357088,0.6576129719489101,0.9187380988434514,0.06562173144511607,0.3661594937286483,0.999752341835845,0.8497933048017354,0.9801268755744647,0.6261293849084282,0.9059418757711373,0.4889485097931637,0.027550704884911764,0.18112105681665577,0.011558549334093005,0.044030990706085904,0.8065795768083684,0.635746453127611,0.002326896138303773,0.07618606570980915,0.6165103736246702,0.8037828694312331,0.33467179618080856,0.8726621834336414,0.019372582857700736
0.6001331723783341,0.8872011673455888,0.9033820183372265,0.7531343111025557,0.13612344758198142,0.7010839926368304,0.9245483784873698,0.20452079742140544,0.8833241765437682,0.9597197645392885,0.9083822624271108,0.10845148454207347,0.4004956378904057,0.9827797021425514,0.8120704106359723,0.9270822243911664,0.8511002422627886,0.7728090680769335,0.016217836590201817,0.00461771161912309,0.02418433003221464,0.0460253071499723,0.043798999715385284,0.8299176866417065,0.28915839530073206,0.09105889122261802,0.1124084755948582,0.429708882048603,0.8648420759332665,0.022634973705131317,0.884371616813191,0.0025382339764968434
0.5781134565697893,0.9491569732825902,0.9458240059792861,0.9580240048419726,0.09764607618067547,0.986923665682092,0.9188913366367915,0.2066033514306553,0.9565976783901117,0.9652049120127792,0.90871008855799,0.09763111997967777,0.532400808432074,0.9809740509185751,0.872677809283955,0.9999872973902486,0.6809957749276524,0.8308778842864863,0.015082035635782753,0.004378272994348897,0.07879608283826119,0.09935337693198189,0.2069478679443435,0.8469727120887962,0.08515348269076028,0.009892496842598533,0.00860114477722683,0.41058877982421277,0.8275371491548634,0.9328139174055607,0.016710155399858886,0.03531844863388209
0.5989019507522967,0.9981085923715994,-0.614363615986016,0.35009018711843,0.15678033595546115,0.9373341775448705,0.9085287807414091,0.22465581977495472,0.8855006720147166,0.9528213936175893,0.8965256700736375,0.08924650034073861,0.38344941990846687,0.964265347175582,0.8587141736247447,0.7847527182157786,0.07073806150476591,0.3788295490749807,0.010138727880664666,0.007990041323199294,0.05285767937682237,0.16374834676032013,0.00394111028260263,0.8509302158850045,0.9722584611669939,0.037572348687250526,0.0002737002053727518,0.3539714289184581,0.0033895420988482496,0.14965293985632244,0.9753394778193066,0.0027603120338880417
-0.2055651603263726,0.3680469101751298,0.8287840367462174,0.7092029592781395,0.14163385713659474,0.610245371896369,0.9189594727999095,0.2051989846322405,0.8875572021420968,0.4211019450844555,0.9147605548970409,0.09503033553289998,0.5109634189728449,0.9539819041552047,0.7023637274472329,0.7659663747239407,0.12901031562551585,0.9199019239391419,0.1410625363788917,0.021630330046500557,0.028085744050601262,0.561411127198427,0.0480167540272645,0.6724283819697697,0.06725994070840317,0.0782545077831322,0.1517580777913571,0.40967032333456327,0.791797064636227,0.3814506034682006,0.9322495847834935,0.018689630636276114
0.02931073243642124,0.9462695463241283,0.8307781233570608,0.8110102644448097,0.11320199861416178,0.9111027636459939,0.945396601295644,0.20875732988129286,0.915529748998324,0.5143007099806324,0.9152319288107584,0.10597214575002228,0.4530013525372893,0.9593256213372029,0.8673057442833819,0.8200996207096924,0.07992460861661438,0.41101828096109616,0.041875337352628994,0.010978717142288897,0.014358327822586774,0.021261053116391627,0.0262811631680141,0.84404059185941,0.6313883545100664,0.0016164682357972596,0.09101867089990356,0.36416812416077493,0.04093276504847654,0.11346353729754868,0.9248312724859069,0.012024547566915468
0.011800646884985083,0.4714590263284658,0.8677679427925817,0.8033231239662139,0.16164382427292895,0.652904871650626,0.9236454614124193,0.1993290887150302,0.8924973578563458,0.9864581761711739,0.9100668654225463,0.09382497105172873,0.2850955600843904,0.7271961983435244,0.6599359196873391,0.7659663747239407,0.5784912124366147,0.533286177512388,0.04505267723465525,0.041226314204706994,0.012866592302292035,0.4832006689489191,0.018361592011007344,0.5869527247121639,0.6097969198896658,0.04322889741512194,0.08563081651774482,0.43889723385222146,0.16788806562930575,0.11027389286895384,0.2037470209557371,0.001567347418050538
-0.2303882491930155,0.48775346578007295,0.8359872492399363,0.9797961673024012,0.16990879826739566,0.7077358699153259,0.9191906031207372,0.2150834132829716,0.9357892603986612,0.5293808953832415,0.9112763741410703,0.10577541746072057,0.5920129279646174,0.9448951660357573,0.888191489413187,0.7263868323206385,0.6472775386843661,0.9276208351803525,0.011234168602097486,0.056820475716452774,0.050605903546473985,0.16608715152165893,0.017555954775019977,0.8444736725369405,0.10897491753162858,0.16823727397050814,0.005363461362970029,0.39351760017254195,0.9501513655783914,0.004240648803456842,0.8947600166296951,0.0051467497336036136
0.04667394589968374,0.4777137349521642,0.9707240515590289,0.9416012373143756,0.20873730672552102,0.9571306095519283,0.882507733092967,0.24870618179217008,0.5306442424661187,0.9048033955628679,0.9254711850620414,0.9744962966514695,0.48342022484667097,0.9888146084538461,0.8393493248985873,0.8364776347701125,0.05092330667965278,0.4705313599799406,0.026474511775142318,0.059953454882680515,0.05680245683483723,0.6633038081448172,0.054812244064560534,0.8936068264005734,0.8688681952978031,0.06608732199815133,0.16244391850958545,0.6198607089615527,0.04127803735684686,0.13811536924949386,0.8762743068878304,0.8923645590157239
-0.20555897713591986,0.428181936307898,0.8442129352376591,0.9934595997065727,0.11010939145988118,0.6755651770689532,0.863141925979157,0.21126268684060134,0.9334955363017141,0.9130597355159793,0.9149593083905411,0.10533400465615375,0.32703069057872963,0.9309814540568879,0.824564430651682,0.9980303362618095,0.02497333848801664,0.6902072311040796,0.38987886344341227,0.027291122932792174,0.0014989192711974027,0.10188556021895931,0.03861695720144155,0.6384336115918436,0.039065234892846024,0.00840693346970027,0.16675504101609312,0.1426591546686947,0.8211833994924149,0.37198685536105797,0.6451255979395091,0.011829933950052796
0.10600086335140899,0.4618093935269438,0.8513284244800225,0.8100903047248846,0.17477576983156543,0.6822979848911322,0.925145195703075,0.20679247574487883,0.887589010049506,0.9812158532933963,0.9071673344672385,0.09955232907343327,0.5166618153316898,0.7373345161131998,0.8617362866448885,0.9825861175833484,0.4851275063292181,0.4182156342089185,0.6644026242242711,0.0006521494220795305,0.11318685106699894,0.4038494790633932,0.030480473105279113,0.6206836305496213,0.7845214906973131,0.028157741194604242,0.26680049712763976,0.2291841666335995,0.16388711784901017,0.5436663065428953,0.852843545909657,0.0021254044006515345
-0.3033754950354546,0.40658877001355503,0.835030077659426,0.9633471440238676,0.1593026406511871,0.7077358699153259,0.8840679039391652,0.2150834132829716,0.9551710563230653,0.5293808953832415,0.9112763741410703,0.10577541746072057,0.5920129279646174,0.9839480077730755,0.8394062623400371,0.7611008278029014,0.016578734697192662,0.880521591404051,0.012294569970915228,0.03974948415209923,0.058167661884273025,0.16608715152165893,0.017555954775019977,0.8444736725369405,0.10897491753162858,0.17729387092050974,0.005363461362970029,0.45138928412614704,0.8061352364131062,0.004240648803456842,0.9495925232047606,0.0051467497336036136
0.5920586492646331,0.9606101782846468,0.8287466493553608,0.9708996780770429,0.14063705526098835,0.9977644914473989,0.817832026844959,0.20694136153948306,0.8814050387690179,0.9532710689301659,0.9413344109441485,0.10793779290794393,0.508055411538175,0.9923267509552903,0.8625821890855531,0.9944895712014183,0.04323246420524779,0.7856482743435657,0.5351421730572672,0.02762523558197913,0.20425513253307098,0.016743486623939374,0.058058030521766946,0.8462957713540986,0.6684611213162248,0.002841610527350812,0.25104580412356853,0.4064670785076572,0.8692655967912029,0.980094065052578,0.4093848107560104,0.018827053121306902
-0.21496171393026792,0.4734053020583127,0.8274048581748368,0.5931527287826606,0.17134596442189795,0.8937687279894232,0.9225510758176734,0.21170096375579764,0.8722897760715312,0.9796747101296853,0.8965772720941226,0.09416136006292174,0.3725598797044449,0.9759386634435171,0.8418725770358805,0.7847125847433095,0.049378732053812255,0.7031511241313967,0.004513746610562794,0.007222563991776652,0.11446291919646912,0.47419605281387694,0.0029424687255710097,0.5960841528444214,0.16754946759407413,0.10627864871822798,0.02253257504319684,0.36322225913098255,0.7906235151999805,0.044210861843985566,0.8940439186585324,0.018922299868091914
-0.28972132361077335,0.47389945245542137,0.793174805066246,0.9174194259876464,0.1414077145991551,0.5996838078608477,0.8897317407834747,0.20497656076231222,0.892838665815035,0.8330384038626604,0.9150560016040709,0.09403357670783004,0.37521379975006885,0.8515346382204517,0.7374123234169847,0.7509020497478777,0.023337276657203226,0.5806811163852761,0.003038415811387446,0.03959657563434987,0.031908041577564834,0.5954093109284573,0.007673261106540371,0.7558366997892243,0.003277207012257366,0.11252318962859219,0.0036555443890220543,0.2951886924855707,0.014908224519032462,0.01371800621858709,0.9573998734095986,0.010496109883989647
0.017900275322423692,0.5655749249570194,0.9137420341878856,0.7294360702454559,0.08523585028819278,0.6765822330834472,0.9075445149116473,0.21774316444726882,0.8937971684176657,0.6603865641912533,0.9102917647775465,0.09286664527402326,0.48262460710063143,0.9812867982143991,0.832748577891866,0.7616372762158228,0.21993280568788867,0.4331753451174738,0.02311807998532911,0.0333935498763984,0.07079400214285664,0.5825687399974907,0.003078315210526719,0.5862531246761115,0.6277934175217763,0.02403079116308704,0.037685809394989785,0.17621934184453744,0.062323652279385446,0.044028078868426496,0.708183445217524,0.002502327394780726
-0.20627263765966372,0.4597478576092736,0.8121789877995661,0.7242868303847143,0.16160028305768503,0.6760408959343261,0.9068524289079637,0.20774691179960245,0.9168286521600286,0.5960007058944966,0.9100157020688794,0.09220412562895239,0.3397238493388237,0.9847999143764892,0.8087632424419029,0.7569333470213128,0.06373451810146036,0.41545909332271147,0.016657745700530774,0.007354122317443645,0.031575828502066305,0.02813096168999149,0.018900163652921763,0.8456801161664638,0.10466151732016854,0.42043691554038465,0.031268631072262465,0.1596738509481564,0.0276904163145257,0.4527082698671667,0.8763355067846105,0.0017814950395485959
-0.284736187015981,0.4609387091550067,-0.8084009031371427,0.7499157249601004,0.07951755525727403,0.6895134591107359,0.9082348515236842,0.22374230287368546,0.9428175212450475,0.5843281809778429,0.9123405052949024,0.10770094119686784,0.33461446590453475,0.9871026916063887,0.8112834406957453,0.9733313629706132,0.022709687707057835,0.7239029075230559,0.014506321939516453,0.028123550833805036,0.010217193639494748,0.6557396498960019,0.04798553085023738,0.7711267170289241,0.1904087289906386,0.025070799978331004,0.09334419015864928,0.1575195102521933,0.7374549382263864,0.015915830742823517,0.671823931282266,0.019097173685902507
0.6223420372629171,0.5863464427306885,0.8507379795638799,0.9709813252355539,0.06722120088166142,0.9166940900293002,0.9241163025603248,0.2258747794952481,0.9330172857576067,0.6801774629442487,0.7871122562279002,0.10520258023889907,0.39471622109814614,0.9908893147128824,0.7571152646763369,0.8135706629496418,0.8714910547397717,0.08689762575868315,0.5516297206542764,0.011889648941231614,0.030714450697967362,0.6585268597130267,0.019757626166847675,0.6161879843240415,0.06735135363931538,0.02274734530450457,0.04083658880186131,0.1614478281235638,0.8131646898029958,0.4202465913317319,0.8653609129781737,0.003574407894867661
0.630407249855163,0.9456602800292071,0.918582751787518,0.9479996445820633,0.1435141955726231,0.7772830951823775,0.9241111537536618,0.20532993904061844,0.9894275177685644,0.9608245394960213,0.9246381726677356,0.09551780519659378,0.3456755467158431,0.9649163472268133,0.834821814752879,0.9851244149529763,0.7123570210266627,0.5011956555560213,0.47405291467252303,0.024379145862967657,0.06505709256612986,0.013853179369115426,0.04417797154371321,0.7878983209683007,0.7692310051599198,0.10032000134466573,0.1405484078348586,0.6115725549844107,0.9698539510711147,0.9391127990345165,0.9074454842692249,0.0019570800877612878
0.14726698810730462,0.9554345279774249,0.8544715316177831,0.966498177211798,0.12136616946107523,0.6911475903192233,0.9186880584176008,0.21804597773882636,0.8955050851268932,0.9416068219323239,0.9144045139398849,0.08703705481729526,0.2680868889655755,0.882126797503205,0.8794428617733323,0.7851322270111739,0.8524707302334197,0.46831682275651576,0.008225019386934679,0.011148473183877385,0.05285705075821501,0.3400494545730329,0.030628407404507573,0.8252285551252977,0.938591809727288,0.08953508035781817,0.2224619805599223,0.44320429884151186,0.09923388155439987,0.9814569505419856,0.8962741055583899,0.014171106391252629
-0.5896820546769422,0.45837720143321925,0.8520653941952132,0.7273508609447402,0.167249393506486,0.9922993199581214,0.8851472281332851,0.17778016895811755,0.19946648446338638,0.5196567389919653,0.9137185069159547,0.17996132044024826,0.4841572275572922,0.9867384062521734,0.9046843350622711,0.9904252842529216,0.6779877665122492,0.3925980663731057,0.01674124813588644,0.06009228043508537,0.061456761832687945,0.5689997444873283,0.02017823802616305,0.031037056427639542,0.018230864609804706,0.06194917909759673,0.08587024840421568,0.007171001982513345,0.02150238880162908,0.12231257783285847,0.22955736412229294,0.8586099310890726
-0.20812901414279983,0.5335427766067453,-0.7562792950674571,0.3739094323586386,0.1064703099279536,0.6757859488847043,0.868502275227952,0.22371466707311058,0.8953897757424207,0.6351635365640897,0.8965256700736375,0.08924650034073861,0.38377984121978487,0.9908286382294469,0.8458897676232976,0.7847751900613187,0.08372516340703823,0.4282540824121935,0.0007854150149155794,0.007990041323199294,0.012397159121241678,0.10248934932728815,0.00394111028260263,0.7316270707211278,0.9951309150687809,0.034530871483567295,0.03541265323365426,0.3466820207117058,0.0033895420988482496,0.025491005629646304,0.24913551339492973,0.012752473327492256
0.05935185427308473,0.9042453961133519,0.5997618388393896,0.7654164871940106,0.1428118252777978,0.6777921986458757,0.8864952742819406,0.22371466707311058,0.894329343128729,0.6351635365640897,0.9042289091664822,0.10661673612046711,0.38648427155595455,0.9898754978423208,0.8571894469446052,0.9890204930442624,0.08372516340703823,0.45736311512690736,0.03250805899970057,0.02764585253899959,0.02768651600772957,0.1400706064077092,0.003932547250189593,0.7244030810040549,0.9920341687457942,0.034530871483567295,0.03541265323365426,0.3466820207117058,0.06757854375571766,0.025491005629646304,0.9729763279023077,0.012752473327492256
-0.21402314818442633,0.9875675920613117,-0.7982612170590151,0.9846616386676029,-0.02472543470460295,0.6938645588476764,0.8872395147341099,0.12894223396304605,0.6071384084204511,0.9417149068683899,0.8524427586114223,0.9424582281764184,0.2855782722003512,0.9902715510131987,0.8125803228740025,0.973998322494507,0.02967731899610758,0.7723004166881055,0.011750431232643965,0.05985765642717045,0.012645657459041695,0.627796048388999,0.05011058698290083,0.01656074712617528,0.938517170821122,0.11022244095036156,0.002061467547555443,0.12640660833768666,0.8256617490795344,0.045124892659625965,0.9374380137236507,0.640862620564033
0.12964710132831814,0.8498656440954422,0.8889076868329502,0.972631534846922,0.18162252075227137,0.9819070773032845,0.9617033281633702,0.21940487098771524,0.24656897404930536,0.9984969288366445,0.8933741627748127,0.8805237401946128,0.5104112561289875,0.8840192116877256,0.9031769441331803,0.992641036437726,0.3460616449953595,0.6890643269670902,0.5848290006411366,0.826289096520657,0.06573116063449574,0.7729825472996782,0.02464949805439942,0.6651771482922284,0.792887922909233,0.4345936545501684,0.1201450692772716,0.4194760954129208,0.9977679613163926,0.3953415134952212,0.9300590350619892,0.9060149427612446
-0.17991360779549245,0.5489879483462381,0.8841617800044815,0.7511760404570698,0.16638491290838028,0.6725666643971174,0.9068524289079637,0.20794833287507622,0.9334029672131242,0.965337832553609,0.9099002245012338,0.10395780181944503,0.3419384817187678,0.9847999143764892,0.9196024246922443,0.9725668382947865,0.8687264447285303,0.4064192172688332,0.1667631567540937,0.006577243609799482,0.043275673183981796,0.5725081862918913,0.03850834849308021,0.8496767311643995,0.9247223695032908,0.11580433274482782,0.023573239931277926,0.16182937150455734,0.7679334257312932,0.03310662906473255,0.8292241624904928,0.003745817535021034
0.06780259554478729,0.5069128798479773,0.8590383024531691,0.9125434444998791,0.1615842586242932,0.8869812263527869,0.9213071678195489,0.21825394291290812,0.8776671230600368,0.9365179503738252,0.910846972981915,0.10756382326953176,0.3353650353564556,0.8521335180709512,0.7659452537034368,0.7604774939320457,0.4837182150826344,0.6090542992163157,0.022143618273440663,0.028738319374372705,0.06905936757471126,0.07474249078724265,0.0483912109580788,0.6289248436078876,0.781813271366256,0.03053042051811968,0.1390527653965049,0.4697490574336387,0.06902663467297722,0.8920284728193703,0.852238495961638,0.013400512096914206
0.5160395066959212,0.9789233388235226,0.8960464763133771,0.758196312453175,0.14370169368185512,0.8419068214856872,0.9189595677370683,0.2240186257749129,0.6154065830753565,0.9563466411781515,0.7816694781946935,0.7772267228834966,0.5106606749453222,0.8535510741550708,0.8391906860274256,0.9772330337086532,0.6415668888385601,0.00924254606534286,0.010786726021944477,0.0673547838361779,0.5212105235208084,0.5867469150416236,0.012350624416981227,0.5914064896919355,0.053665319788657385,0.09146181014763577,0.14471793638217997,0.3941612407981869,0.9810294256816822,0.041225207891897264,0.8935925621126579,0.03250337553992649
0.011800646884985083,0.47143734219371286,0.8677679427925817,0.7543028708065678,0.16164382427292895,0.6532631783899739,0.9245757428808486,0.19967542982035094,0.8924973578563458,0.9864581761711739,0.9100668654225463,0.09382497105172873,0.2850955600843904,0.7268381090130573,0.6599359196873391,0.7659663747239407,0.5784912124366147,0.482979637883559,0.04505267723465525,0.041226314204706994,0.011647998229022414,0.4832006689489191,0.018361592011007344,0.5869527247121639,0.6097969198896658,0.04322889741512194,0.08563081651774482,0.2546665854405157,0.07269791156276448,0.11219626710237787,0.2037470209557371,0.001567347418050538
0.06003491923407428,0.9981085923715994,-0.7562792950674571,0.9858110580966786,0.16123462137516723,0.9284739488088299,0.8876379999342986,0.19859657052760413,0.8938499395166286,0.9535276996159329,0.9071005054844908,0.08924650034073861,0.3846176031739536,0.9908286382294469,0.8571894469446052,0.8805837227851006,0.08372516340703823,0.44558551837106963,0.019130528635136375,0.005604427463246655,0.012397159121241678,0.10248934932728815,0.00394111028260263,0.846896527652564,0.9730721103325874,0.11146569843564527,0.11176836616535049,0.3466820207117058,0.02129804685197579,0.04804151831606773,0.9760723892810391,0.014282479079203658
-0.047630302419344975,0.4832374191403126,0.839568291555602,0.9664118139235047,0.07571972058433218,0.852263714070469,0.8882347404352839,0.21892983509865632,0.9179460599968181,0.6344015732404542,0.9064867626068567,0.0877139284791184,0.3909238931420923,0.8523643650930826,0.7922398941336735,0.7569647535601991,0.5771424677936566,0.4467239258239083,0.006718246532931252,0.05298282078457665,0.05609938013400251,0.5193933923102599,0.04941070032299344,0.7193793945016105,0.8362143165486715,0.11160797056457461,0.11026885076356288,0.22280864437880216,0.034489677661164106,0.05406566362908925,0.33363467908849925,0.00978297908970045
0.47188633952540904,0.5123615734603608,0.8081761240520201,0.996170532179149,0.16528044638825512,0.9286104200472399,0.9191130149401208,0.20774691179960245,0.9132769219888907,0.6193921408711198,0.9077979748689031,0.09437653352695854,0.334805477473637,0.9849289957295317,0.899289742878723,0.8060863009860524,0.5739984283825762,0.6477374645856244,0.09623838761581947,0.012195358708229576,0.01106848149397932,0.03394599224437092,0.010344719356654238,0.8013433116876477,0.08840375308307585,0.06892953983812411,0.041437518067592896,0.355965043677173,0.010916024045839356,0.014518074094851785,0.9489728388682531,0.002366114541236081
-0.28823460399163836,0.47332098516080834,0.82173371190809,0.5948169273425782,0.14281154480451325,0.8937687279894232,0.9078277866102242,0.20500811561742466,0.9383705100856005,0.9799793814468623,0.9153400106767354,0.09532237340635581,0.3725598797044449,0.9840396238770663,0.8917869017861824,0.7860086867455117,0.016575066651021875,0.7599769101038772,0.0009901404369162259,0.007222563991776652,0.056991387889485025,0.49880464478847075,0.022117863872707116,0.5960841528444214,0.7511081384286343,0.007853668648353351,0.05601697558685868,0.4473038925955182,0.01840747737294665,0.002192214412168228,0.8940439186585324,0.018922299868091914
-0.286099434781993,0.4884659852490908,0.9821520446004623,0.17270483843237205,0.14281154480451325,0.6464676413231303,0.9189040435093825,0.20500811561742466,0.8913625086006317,0.9467642445865635,0.904548091169819,0.10535386967522792,0.4822724469428886,0.9722182104597991,0.7894188787509291,0.84182767413015,0.0463878454651957,0.7721873696845858,0.011470821996048208,0.008856272882693427,0.005896955784009183,0.11015760374800047,0.03255572415789422,0.5089903905941874,0.9498266177814338,0.010796806089122701,0.0043828866415658845,0.1654381483111022,0.8842843624748016,0.09651026424890322,0.8785243443412515,0.005347519318985961
0.630407249855163,0.9456602800292071,0.918582751787518,0.9485779454934972,0.1435141955726231,0.7598974228319496,0.9241111537536618,0.20532993904061844,0.9894275177685644,0.9608245394960213,0.9246381726677356,0.1075157200317359,0.47805666788218515,0.9649163472268133,0.834821814752879,0.9851244149529763,0.7123570210266627,0.5011956555560213,0.469340308450214,0.024379145862967657,0.06505709256612986,0.013259489309090905,0.04417797154371321,0.7879638032139967,0.7692310051599198,0.10032000134466573,0.1405484078348586,0.6115725549844107,0.9698539510711147,0.9388565290537866,0.9074454842692249,0.001262151776599104
0.1510180239423692,0.9977772991429898,0.8381841783898392,0.9845611256957871,0.06004402288995556,0.9816179559402727,0.885772003183376,0.20875732988129286,0.8853765854887687,0.9728819528490341,0.923157229800408,0.1079691998435178,0.33659092609894486,0.98751504825695,0.8386544065159094,0.9894598726247966,0.6807286944327318,0.7209497200098226,0.023415499953446328,0.03222368554061112,0.18314405544527085,0.012895516726424971,0.031022478347731954,0.8468979450917875,0.935660000557616,0.037505560770942525,0.03721643678766927,0.16202096033415608,0.03788130734491307,0.505896362930571,0.9015539339051424,0.9960909678101615
0.008261937884297119,0.4150847772400404,0.8289694721535206,0.7082693412249508,0.1414678816498902,0.81353396825424,0.9257267962983895,0.20840238781392212,0.8980171981582045,0.5362847368001531,0.9063389395158974,0.10556388850758494,0.3528425067136353,0.6862414274454794,0.7934513661280802,0.7685033932640289,0.20111698437928094,0.4050599854067152,0.5398219451977906,0.01089789682413338,0.05561483376524334,0.5174403688637821,0.0009368883924799933,0.8571336861758354,0.180577898729313,0.057499672962101706,0.0038896430278205357,0.40940222561355777,0.02782731934184688,0.007373542267739022,0.8733177975943718,0.004116354409541178
-0.06329630848861661,0.4146442091090985,0.9836096577773894,0.9861913561825482,0.17563264175360166,0.6680952169772689,0.9176328195915312,0.20507384416749225,0.8814789565651338,0.5332983319368167,0.9137351676793924,0.10585516035705453,0.30592603678149205,0.9889284170927388,0.8214222185440885,0.9578016894654994,0.10510250304980606,0.6321463163923801,0.13555534900709304,0.02458736918088661,0.01753523754919589,0.050692622941489573,0.019514832171116634,0.5835057301587449,0.9836347495083585,0.029862393756711486,0.03913024012427023,0.22587610435870725,0.9957640909973328,0.33272884070902825,0.8956216050344991,0.0042413986317800965
0.113940470729096,0.9553501943302767,0.8913449635245755,0.9669763759920177,0.15814471508973083,0.6771118504341956,0.9181971093534195,0.2073696171378134,0.8870177587646451,0.9563388871571218,0.9154186155409725,0.919891082945686,0.325543785361718,0.9657778548077727,0.8090153079079874,0.9731995611573907,0.7595135165005635,0.45646016341419826,0.39281293964467734,0.05015326880009974,0.03184951613283689,0.05982175730789016,0.04190213465959948,0.929225904718329,0.9627797090877294,0.08696986743016043,0.39729110250583133,0.6044817050252275,0.1308478744932685,0.45103154773040854,0.9877307767865747,0.018468362390833618
-0.2412844041765203,0.44951679429496544,0.6419616042157569,0.8172431940793764,0.11073374935089023,0.7073043271822971,0.8623377193541161,0.22472387326409726,0.8879923098682204,0.9575709673088116,0.898794809874725,0.10577552756805576,0.5188959307303106,0.9198135787051632,0.8138926336612733,0.965467569244879,0.04515217433547125,0.18781669362966127,0.14175981087225453,0.0482910197523847,0.041674767732833976,0.06819181191820159,0.004396645948149984,0.6203341858691345,0.01588578144154995,0.08688286055642866,0.09495399075638133,0.2753232823411553,0.8142539462619788,0.036074265296597796,0.8535998943163808,0.0010841182383548222
0.11934047566213529,0.9566583145689854,0.8381841783898392,0.739717325677277,0.06316292206294387,0.9925548992045846,0.885772003183376,0.20875732988129286,0.9146947415067481,0.6403943564445577,0.9309517985659251,0.09126878878876576,0.33659092609894486,0.98751504825695,0.8396915801909235,0.7696264970187013,0.6807286944327318,0.7209466970619635,0.009117390126285986,0.03240566723057333,0.18314405544527085,0.012895516726424971,0.013739541468865975,0.7698721669825804,0.08647922510648809,0.02611166403143887,0.03743794967015152,0.16211958236555937,0.03788130734491307,0.4327317498749553,0.9009347713023608,0.997081424872603
-0.5936648483573745,0.47461603707735184,0.8293289092674733,0.6297102649032295,0.1432776976790181,0.5958577239120709,0.9227484064926427,0.1968323681047809,0.8772501121841332,0.9862090898459451,0.904169194525959,0.09510139238472035,0.49323871206814895,0.9867384062521734,0.8120070850673129,0.9923778099850528,0.6691691917261784,0.77447713616658,0.0472681563535744,0.05988484720065201,0.0521575285192933,0.5611781346526061,0.016742891295578044,0.03186176617904812,0.12143662708836978,0.4255142312662421,0.28701912684167386,0.005477366367990122,0.8532450738801622,0.46086669870803637,0.2985152514751792,0.8857547620554262
0.5920761218010483,0.8888960764849279,0.8765218200711535,0.9635189634081106,0.13905494583115563,0.6991281570727687,0.955723951180446,0.20452079742140544,0.8832506001677025,0.960977320360011,0.9139885357017178,0.10845148454207347,0.36230432297363907,0.9834063019594939,0.9236645123816607,0.9886958496713416,0.8537687657045135,0.7239895330424365,0.37948189932016274,0.03287126727869949,0.02411134859757509,0.0339315102558086,0.023298713066346944,0.8556422721641691,0.28915839530073206,0.09034334955466296,0.0965136158434323,0.36461373093225774,0.8309827235113754,0.024659015881842355,0.930488967178729,0.0021456864364996497
0.24577013650652957,0.9467291628234549,0.8361157000374279,0.9748030096215567,0.1588807468636563,0.6456469227518793,0.9202883411078402,0.2014503671080174,0.9169660857416779,0.9536711989015715,0.9115358487339681,0.10816201988491479,0.5741535465368722,0.7422787569151137,0.8089806591141349,0.888609683361942,0.7093368137890845,0.9031386059595572,0.01799377736441493,0.0009706253307777517,0.21290157170206564,0.11529718568404645,0.03332973143657965,0.8468979450917875,0.08623401950458559,0.02726819103120315,0.8990951976285304,0.6199044826531152,0.8945978094325708,0.4217145854257192,0.663907544642497,0.014488966257451417
0.07841855938325376,0.4922572127040336,0.9250084086610459,0.3739094323586386,0.1609667106739191,0.5872701329330838,0.868502275227952,0.22401419598079927,0.8938499395166286,0.4985328706447557,0.8965256700736375,0.08924650034073861,0.38404188055618993,0.9937675540168994,0.8803742558211268,0.7862221364420661,0.580298460955049,0.42918784429255336,0.010138727880664666,0.007990041323199294,0.008469050777376946,0.10248934932728815,0.00394111028260263,0.7044624398677835,0.9730721103325874,0.0948618028049188,0.03541265323365426,0.3466820207117058,0.9081909006372747,0.0462272584371937,0.9659575939387381,0.014282479079203658
-0.20817018961942207,0.9522830956824524,0.904064654823352,0.6962926272257859,0.27347489513591394,0.959681631146294,0.9558762828166298,0.9218416304548791,0.8737207471660854,0.9069384575438558,0.9088665146876665,0.9129278825657723,0.1956558257726251,0.8305664526191504,0.7687645195669918,0.9111926773431333,0.4544234161585383,0.46669459739685903,0.6249430267938357,0.019398957757104318,0.13129087792933467,0.766342469891399,0.03107864793684717,0.5741751523682747,0.9268514852030166,0.028117945002216545,0.050752400026709964,0.2294501094499682,0.152512304874164,0.5938812814470197,0.8043706324364603,0.004199063326907226
-0.2365738242751026,0.47149343318766573,0.824346612223686,0.7490913810446113,0.14081397639082127,0.6796937870864043,0.9381177487047516,0.20487966638749025,0.887473585871124,0.9524883834547042,0.9092035839239304,0.09317088401279613,0.3481987534918494,0.8229207142237817,0.6715417433610726,0.7659663747239407,0.17291618086004223,0.90143965446613,0.17700077530262126,0.024070463240739873,0.005006768992953827,0.7722569137989387,0.04339734765184998,0.5872355434109451,0.0934349680371703,0.4267174145678819,0.06351292515488256,0.28832213862351463,0.8053198696349627,0.14907961389267277,0.9748648294653398,0.010785975400199061
-0.1938108387311686,0.9585273095669153,0.7875232923420711,0.8848101832778982,0.14036663435691465,0.7114491348272663,0.8191416742760339,0.19316024933291825,0.8826260247253096,0.960977320360011,0.9068038530088399,0.09493909783106272,0.36230432297363907,0.9991253427990342,0.85511288781035,0.9558313474557694,0.715805969999139,0.8962526075958475,0.5544989007593086,0.03312201385612081,0.02833852557371694,0.5301264397896593,0.06647357265534838,0.743478640379761,0.8509037993862586,0.029495606538859,0.12652169215525452,0.16952046585514724,0.8198337222717735,0.08775594446545226,0.9920100822243523,0.001568176089690794
0.401030595021012,0.9444986085670328,0.8538186102581201,0.759881032591802,0.16791751394654766,0.6769407574477658,0.9191329278641759,0.206992644102528,0.9217584901132493,0.9368136296890505,0.8923347946913579,0.09247427064797387,0.5102064469193048,0.8344403557481117,0.8813807959482542,0.9911867650589293,0.24588563678729475,0.8240228662186238,0.1385377106015978,0.026094003663611233,0.13599190326489438,0.6152630615866866,0.042218058504177314,0.8480204433594083,0.18432878924976154,0.026862112077300965,0.011986451593761091,0.6042959191726112,0.03808084379012083,0.44240624120210126,0.807781512759607,0.0007375204747376999
-0.2816294964013005,0.4757063097896518,0.4707712140745236,0.7537598873453563,0.14394179201729984,0.6813892667866435,0.8796032527607044,0.20670349349320088,0.887473585871124,0.9509812892624492,0.9040534258083878,0.09408429244228382,0.3278453500053536,0.982994696135452,0.8329648745537874,0.9556822081510182,0.06100847378242624,0.47235288187081603,0.14703725387285915,0.023686640166456403,0.005006768992953827,0.5923356952924891,0.00830644667119334,0.6200621565613211,0.07939808961516787,0.006989518616702696,0.062315453338573405,0.4374434016882671,0.8112644051306541,0.3908332956808335,0.03762924121575861,0.013948988322584866
-0.21198327244928583,0.47484969981049113,0.7700055189012908,0.7769816650865136,0.14077036999126075,0.5978326677983209,0.8869734006621788,0.20313075614447249,0.9060237672414857,0.5021351454317524,0.8697209286355675,0.10526291780335864,0.2899143742407491,0.8488927620010224,0.7981865131082716,0.9697983684244381,0.9271307796293593,0.7008028965269013,0.0067644875266241605,0.09563007675365778,0.011169178036616437,0.549474953685175,0.0223026009938951,0.5960841528444214,0.7431719757510123,0.011651259476519932,0.005001530141375041,0.30580650199203707,0.10789954985418865,0.39413095975597473,0.8643829123898152,0.010336076129054832
-0.18676387952496268,0.4782673384460726,0.9017805258957016,0.7490913810446113,0.16057738632758006,0.7910709704726413,0.9245760433923448,0.20912305531003175,0.8840478966764211,0.9593230554215837,0.9074216044140879,0.09388274280310316,0.3757037993289209,0.7310077799071518,0.8540082862516616,0.8252249384567667,0.02580148931028345,0.4739909389217458,0.5439733467088812,0.004053641881236322,0.028342096835702272,0.48355491536798006,0.03779519730501425,0.6197450490074122,0.7809997371638469,0.08197737554213734,0.0915061863527599,0.45866252647013006,0.8214148766404994,0.06973793133811008,0.9562177385779118,0.001780383560173582
-0.0073727370842736895,0.45542133161240406,0.815384286316326,0.4216260485696183,0.24766984804361528,0.7148887812043614,0.8685438303939362,0.20499929224875027,0.6153236310828876,0.9435930426576494,0.8975455508352399,0.6569285468163035,0.3161246720228816,0.8461323566590805,0.8407014022030425,0.9817616947118462,0.03246509185076568,0.7072111019632463,0.05270371698548196,0.05632894274058922,0.048563406946021556,0.8312225434421457,0.0020121556932922464,0.804763128361138,0.9973354466471352,0.011717530827150102,0.04339422531709428,0.296142590937894,0.019260934962425747,0.022192483203365525,0.1849634433583074,0.07098435777146492
0.5920586492646331,0.9606101782846468,0.8287466493553608,0.970837950260742,0.14063705526098835,0.981380791582569,0.817832026844959,0.20694136153948306,0.8814050387690179,0.9532710689301659,0.9413344109441485,0.10793779290794393,0.508055411538175,0.9923267509552903,0.8625575182858443,0.9915940417544002,0.06985469837980679,0.7856482743435657,0.5351421730572672,0.009011003925613045,0.20425513253307098,0.016743486623939374,0.058058030521766946,0.8462957713540986,0.6684611213162248,0.002841610527350812,0.25104580412356853,0.4064670785076572,0.8692655967912029,0.9754972343107535,0.4093848107560104,0.009174007548960122
-0.38885035952580815,0.4522272466715572,0.8169432985779072,0.9725079945328842,0.0791938349519211,0.7063336855107429,0.9247147294302953,0.22226692993227926,0.9195562354541921,0.49657179197996326,0.91137929330876,0.107593909633571,0.29887927507103257,0.8837230721524644,0.7937949233642903,0.8003687110797038,0.6786861429612214,0.3817869801070461,0.5548564265306442,0.024569788866408593,0.056786128541645775,0.704819410228243,0.023209727405625366,0.8505546996812055,0.9502000801826793,0.10075142969684474,0.08374334951695052,0.16683660587123886,0.812945612603137,0.07434794555638852,0.8927319444583202,0.018561997014370644
-0.050526729011439536,0.4639697300392745,0.8391528317202259,0.9866811841750657,0.09586382366290355,0.9686777646689553,0.9233479486148023,0.21900670504531977,0.9137662067126201,0.6344015732404542,0.9108661824047551,0.08784004727972362,0.3909238931420923,0.8511531218769248,0.8616081417883749,0.8743861047280301,0.1252946623276334,0.3819194950997253,0.07452640496129884,0.05328846642110718,0.056200017553710936,0.023859427219919294,0.13589427995590192,0.7199434384490675,0.9362634341508932,0.06001837167504048,0.09771426161643082,0.35157031412081985,0.03263817687557691,0.9545961017859197,0.33363467908849925,0.002282081841386857
-0.6291432374966314,0.34573977700182795,0.9043448749897989,0.9425880055298498,0.2028011535113448,0.7030202802370167,0.9186986228302946,0.23122030895665446,0.9220301081296046,0.9044193970096582,0.9255646860033644,0.967475683660867,0.47044616633149955,0.9867384062521734,0.8463165657856284,0.8802357527280122,0.6845524207915212,0.8621880711979374,0.017673739516483766,0.05982755918399998,0.48834627425428395,0.5339280351972708,0.013359707046890532,0.7470197817999135,0.8749109493054414,0.14588726296258475,0.16305074124602595,0.20058781870633965,0.863091613973087,0.14157660418699075,0.8724590399380392,0.8380685890046562
0.47163037855242573,0.971813497548599,0.9703449265763302,0.9673240934002997,0.15702281906503618,0.9574230680506253,0.9444176988611833,0.2087673404885102,0.9183326310357088,0.6576129719489101,0.9187380988434514,0.06539192588893457,0.3661594937286483,0.999752341835845,0.8497933048017354,0.9801268755744647,0.6261293849084282,0.9059418757711373,0.4889485097931637,0.027550704884911764,0.18112105681665577,0.01761542256871823,0.044030990706085904,0.8105951754027475,0.8416378174476418,0.002326896138303773,0.07650312760796682,0.6165103736246702,0.8037828694312331,0.33467179618080856,0.8726621834336414,0.019372582857700736
-0.043365824247386324,0.4951256090563281,0.7787361917143929,0.9397998971115308,0.16161044723722265,0.676054845058939,0.9190925071384689,0.21294348447489947,0.9168286521600286,0.629193932497736,0.9109553691755414,0.10575648250066308,0.31817526517545014,0.7283521037557205,0.7128935922033411,0.8064266877881353,0.7030080434782311,0.5885848186996857,0.04625457311967636,0.05429270615169754,0.03157651658402736,0.5002153743677777,0.25054596502833687,0.6802455844318611,0.965178084382007,0.15448873285174625,0.012533186611366279,0.3187216222307425,0.1308478744932685,0.4508075799551409,0.6683074515147114,0.004182796985532452
0.5122646569629343,0.46080722861833645,-0.758294996641796,0.35425234875021816,0.1458819956663366,0.9451893439389607,0.9247718572870974,0.20891215485534168,0.9007515009526227,0.9531357910251608,0.9153664105484531,0.10693674197288149,0.4660645670102713,0.845165552051629,0.8619092664584641,0.7827610422556209,0.01657427205519589,0.8427245779422902,0.017767326452538507,0.002199089099056334,0.005521114237732473,0.6842216068880724,0.007761465553610944,0.5815201171368934,0.043282953532401316,0.034197282246916844,0.06737381691751701,0.2518339247225744,0.7735138716996903,0.02829477396657542,0.899983023016018,0.012491341388281426
0.30494882865550355,0.9752623855363819,0.8529867495207326,0.9592321340801037,0.40456641187978637,0.9755672918675721,0.9458293621330521,0.9916014814179512,0.5310154247829225,0.9947559655677407,0.9432978336986826,0.9477905819142077,0.38479893287256023,0.9935336799813808,0.9134668765764082,0.9663812877392427,0.476148489566272,0.6543658312618825,0.48750773355304644,0.06378651945594292,0.4104190479474671,0.5644105092043574,0.9763271704277845,0.9321537728653257,0.879564465687411,0.6463403030357935,0.3770810505782696,0.45151457685132756,0.7269764985701105,0.0067646515528093365,0.7444083202298203,0.9230934113037376
-0.6764391467606928,0.5487793078997267,0.898726296280914,0.7281060826021745,0.1252998524838493,0.7028528437078895,0.8827137387876287,0.151276142814889,0.4169223203311893,0.9044193970096582,0.9137185069159547,0.06287790316546396,0.48568705369047155,0.985213214223764,0.864511010365711,0.9176113463185191,0.4651459054380544,0.4164552989947508,0.08038672930831708,0.05842044269279599,0.05218095608824712,0.5506354057792564,0.04966177971728915,0.5313374980011742,0.07699538716385174,0.7410639143453451,0.10615007320661507,0.009873524587417193,0.8560510925968452,0.003279407342445873,0.20343342821232008,0.9469633387871037
0.5051005986741813,0.946369372990496,0.8592213591672333,0.9680804261672826,0.07803587460695466,0.984841842358317,0.8742609175706655,0.21414213447520886,0.9769566103456803,0.9489333824637173,0.8884015517309798,0.09272390969684141,0.4945795204997096,0.9723861463570309,0.8079718860433194,0.9669550174087391,0.022343223405865642,0.7833068568578176,0.4770829229926909,0.02027502471540442,0.11271138197808417,0.04042144337151177,0.01347903982461271,0.8552305364830667,0.9716604821047494,0.0725781825932331,0.0030715439641297443,0.4025411508074775,0.07007561957911934,0.5027681642427662,0.7085135747136638,0.01312907752851981
-0.28100477748192154,0.9993121802154987,0.9264777167016699,0.7345052548912581,0.13790738757364454,0.8937687279894232,0.9225510758176734,0.20517559569025262,0.9383705100856005,0.9635536459931999,0.8868820766057033,0.09532237340635581,0.486874606261298,0.976563589035777,0.892821765077974,0.7860086867455117,0.0008036434832027449,0.7031511241313967,0.0067644875266241605,0.057082732713529455,0.9059844924818905,0.5653350049491646,0.578471277766057,0.5960841528444214,0.9366604629423299,0.007853668648353351,0.213710313221334,0.4240509243385759,0.14429326342924914,0.537104920114558,0.06637829271528067,0.8783843754241093
0.5076626963686588,0.9635867947956547,0.8706407925962428,0.9685338518837665,0.2940013489733271,0.9746536719146157,0.963739391786195,0.9861721063453583,0.552242362877289,0.9635179528765001,0.9159341696890434,0.9508571232724594,0.5223502569841352,0.9941933819981176,0.8792536879490398,0.9750661255805646,0.8706995296475531,0.7590215877551005,0.38181422885133404,0.049906962319135925,0.19769097020891754,0.8537141433098746,0.02880765137478259,0.6398969502482076,0.19356072912926148,0.7411023168574538,0.08397615173308906,0.14574224598151225,0.7957711602986741,0.07336390367541656,0.8924203849722144,0.8798764702280552
0.6055535298158689,0.9048121924956698,0.9463576385700214,0.8633757005813782,0.09764607618067547,0.6758739380695836,0.9162448816543237,0.20628567630750858,0.8898748388300234,0.9978850853941901,0.8802716869874726,0.08934646000314272,0.5359954873544364,0.9241131317340727,0.8692202242191965,0.7659363335509002,0.6809957749276524,0.787033990907515,0.015082035635782753,0.027645858758712522,0.011333234381224355,0.6823389724504372,0.018195891314403162,0.8462767128165005,0.08467305041691742,0.09869494864387468,0.01351483059186799,0.40144030922763146,0.7874589397544568,0.4198464527887041,0.025002526531636537,0.014877961600375567
0.09971015328478877,0.34705651319848335,0.8939796368179077,0.7281815084521494,0.07411021655216365,0.9467097219342347,0.9241163025603248,0.2229691970548225,0.9467386727733159,0.7606280743457002,0.883228054835469,0.10121539919631167,0.3831738365855086,0.9934458636885085,0.80743553033692,0.8135706629496418,0.052216027708304476,0.9767200673805982,0.4401503014621315,0.0123649613569367,0.0017618258979388776,0.6118610528065506,0.03915563061711515,0.6623817185426866,0.09752822754766599,0.04558547403876491,0.029383687807487624,0.2907523962999934,0.7858533313180022,0.9354324558237985,0.8756214332039033,0.01854801417313197
-0.588931661711742,0.9133018096592175,0.919115856287471,0.818501101700676,0.15619960085327192,0.9829299782844552,0.8969760880595241,0.20860300337461649,0.20353639613769045,0.14950556298305967,0.9341794324305728,0.1298113298587222,0.4626045995588156,0.8506336728088408,0.7986241742964407,0.9898859321461009,0.02531422348601814,0.7221602429528979,0.6634948204667317,0.060098942641522296,0.006095740065334976,0.5683750945078894,0.04631141348576193,0.007988438711372503,0.04167273277367495,0.9729155615251353,0.1266498172429044,0.005639656138977156,0.7850001476732902,0.007312329642052674,0.151600062526481,0.8890115448134257
-0.12988994698647083,0.5174052220864276,0.8178386898045045,0.8099395612964566,0.18633673644143497,0.9975406742823174,0.9198511864343124,0.20392325080289536,0.9136240008446992,0.6486987664306961,0.9170154746132378,0.0994987817579854,0.2805122611737455,0.8312944447593886,0.8704224312314235,0.7519527749772739,0.7938610950749376,0.790040869682134,0.1520092571566265,0.04252612150184056,0.5911848473100272,0.531657857408438,0.06573024745881499,0.6506275556664188,0.14970079293669797,0.09710509732155453,0.17514237721752535,0.4085203577062322,0.4727803147731181,0.8947516628060357,0.8942746459106661,0.9655703225506553
0.1746107324229941,0.9473945921952958,0.8959763025761684,0.933066017835118,0.06316292206294387,0.9925548992045846,0.90604413525812,0.20696619181752005,0.8928534578995693,0.9824852311938874,0.9103395922677244,0.10556755042034094,0.33659092609894486,0.98751504825695,0.8396915801909235,0.7604364259988983,0.7220195436403393,0.7211715554736052,0.04123989148312923,0.1518847215367904,0.028272944248106807,0.012895516726424971,0.031022478347731954,0.8468979450917875,0.1571776620426586,0.04528509701192836,0.037162287348562625,0.168646008560294,0.03788130734491307,0.43675205702123826,0.7558273969533758,0.9035940056241727
-0.2766095128651128,0.9209014495442691,0.898895954343758,0.41467923192545697,0.24290604295509075,0.9870439862940003,0.9071358885307009,0.20784418071029162,0.6154065830753565,0.9481978206015949,0.9542279029432166,0.731249250740358,0.5281906424732115,0.9761902752972222,0.840469429719956,0.9658328305032156,0.1941086021236762,0.37635978365885986,0.012837128221856398,0.027475010683635115,0.04735947143715039,0.8869018691078565,0.002399744343860491,0.797847260578154,0.17125336904824118,0.34807336260842636,0.14453522037085614,0.16416445090701232,0.7984696121989358,0.020363776362783866,0.726607213359345,0.8235215407413208
0.0858630503663757,0.5018607266587666,0.82173371190809,0.5735812676263214,0.13151466463348568,0.8937687279894232,0.9225510758176734,0.20487124075473387,0.9145089638884251,0.9826101293263385,0.9153400106767354,0.09532237340635581,0.5114386714643486,0.911528134146812,0.8918501559987912,0.8931897900277476,0.6825491010861642,0.7031511241313967,0.0067644875266241605,0.01537549466986041,0.010862077716785046,0.49880464478847075,0.020547052285784337,0.5960841528444214,0.926759540861551,0.007853668648353351,0.02253257504319684,0.4243685418429744,0.029653937378638928,0.019120695324257878,0.8940439186585324,0.018997591630692586
-0.561611834815084,0.9333805182614598,0.9995750464752251,0.7562228940752506,0.13928455298103168,0.8830162705873303,0.9006118132831467,0.22478375764187672,0.5348347567506954,0.9659291371942095,0.9287947481931833,0.0003791828210466322,0.4217302887456829,0.9862413671023462,0.8342107483158362,0.9721153539533728,0.5444220527023772,0.4042217356834417,0.07695868998129514,0.09989011078754291,0.5981611510536926,0.5674981518150599,0.03987521197585714,0.02433428205285886,0.9681768935900434,0.07414824346063076,0.08567414064112291,0.009539730225810221,0.7856113111183937,0.10587177710340887,0.2181248204069318,0.920059239994522
0.5783911999405794,0.9307574396591051,-0.7562792950674571,0.5618131956045197,0.16123462137516723,0.5796540264144203,0.9229949253472859,0.22547801739893533,0.8986976277626214,0.9049046594064553,0.8898142793168359,0.08924650034073861,0.38404188055618993,0.8711450541888173,0.8571894469446052,0.7847751900613187,0.04735989371861794,0.9105909124100122,0.010138727880664666,0.005301556687431198,0.012397159121241678,0.10248934932728815,0.00394111028260263,0.846896527652564,0.9730721103325874,0.020256535376042807,0.03541265323365426,0.3539714289184581,0.0033895420988482496,0.14965293985632244,0.9424231336223394,0.00905707844119243
0.3705027336109077,0.9477511124527437,0.8744010538504609,0.9698371834001334,0.18921544068205137,0.8827449939715578,0.9291234146667054,0.2389723859151453,0.19502265149398812,0.8793367133862625,0.8867237916787946,0.21952751822414873,0.5124368838903691,0.9869973650440178,0.8806325190232106,0.9735571301919025,0.6973472085670511,0.7214924020588983,0.6411176626237068,0.9143510554306902,0.016771494122672037,0.6825637793052851,0.005954254122150603,0.8856607937465507,0.6291864517471101,0.3041653366147937,0.17856476928478854,0.5972231728886359,0.4795520482553133,0.5739564772440712,0.8916767844505601,0.8706770478453412
0.17188806333137396,0.4853762859903369,0.8466546982017715,0.7506324553926838,0.13826783550490873,0.7761674261614767,0.9234512672780201,0.20236656221072202,0.9214789599985475,0.9633498196677667,0.8969372979868261,0.08053164456222028,0.2473393765661184,0.8525284401616395,0.8166397167017064,0.8502011383154673,0.0500423665901949,0.495927197317276,0.010741908175736024,0.054833422101217354,0.11322864119531517,0.015165987460239005,0.018605655550917484,0.7881359474382573,0.8094860833936022,0.019920345369781156,0.11652762703700956,0.6138191593752869,0.8806179258554451,0.44608634045243584,0.7247724240868925,0.002102309435503484
-0.2257196838259106,0.5036048366148682,0.7700055189012908,0.7614816608640703,0.13618198502643045,0.5978326677983209,0.9193244249114274,0.20685547267782015,0.9370107692597449,0.503579272510319,0.9150866135821261,0.10515325259006339,0.33380604651873924,0.8517183732405167,0.8014452465322887,0.9688405669111113,0.0348365541781601,0.4340182404410275,0.006739148433162409,0.022097067584331956,0.011564200584358636,0.549474953685175,0.021807840215314952,0.624037393315461,0.7715523701760691,0.07263990278292166,0.0877304706784168,0.30775654109912115,0.01885532930849604,0.014868846089099996,0.8975408708249837,0.015284024171560778
0.14518241648531255,0.530387266988988,0.8695861501741526,0.8198870871726868,0.2395516282885216,0.9956707081691851,0.8849138463251237,0.20651032113983084,0.5877951493644458,0.5935566085049018,0.9104631188383536,0.9489330170693285,0.1823443480691132,0.7546477809592762,0.8147715838697556,0.7736235822599772,0.6843692206140882,0.868282197660006,0.1520590818817021,0.05975512825217555,0.34929411667475524,0.7333187545602022,0.04733962477634862,0.19381045070837613,0.9408377202314591,0.025495131681179267,0.19525100420940328,0.44213584512734294,0.27097644617588257,0.052838197251653715,0.8551999734489849,0.9292637153157055
0.06854930792801153,0.4854327757649863,-0.7131886596226853,0.8068855341152814,0.10189587266792857,0.9891796068622917,0.8834555798094794,0.22465581977495472,0.9650761225612008,0.13498509249678428,0.9068397706818239,0.1108923389309083,0.38763003431675364,0.9712381469265502,0.8595239623540486,0.7665994708353797,0.0432394475101181,0.7246144564871455,0.009204424249690563,0.0032809037018913384,0.06397845839620045,0.4856740958687906,0.0013483112634775814,0.6540341196406393,0.577404207038278,0.07808004232174054,0.038240212727703685,0.4617246121035361,0.7875629800841519,0.013963088375243966,0.9974972704419474,0.02595825735255386
-0.20788495588594258,0.45071931610047505,0.8413676409539149,0.7456533159453586,0.11064322742845302,0.689700953461603,0.8655768188281361,0.22433572358912865,0.8881438531074054,0.5206900865040036,0.784255695014191,0.1054308744427832,0.5060121704023675,0.9054854235587319,0.8106565787033994,0.7644403425674615,0.0415960690516928,0.07849942705071003,0.17950712303241198,0.01247952550085589,0.05291691384250335,0.581543503314745,0.017327603974873616,0.6218581788809607,0.039065234892846024,0.10481385771420662,0.16110858736868733,0.27226840298417854,0.6300413206017556,0.042778466620020966,0.21682519580370452,0.0014455886092504065
0.47876093873378134,0.9531378410730739,0.8558183255992081,0.9663389840659357,0.1635810088585547,0.931181662226746,0.9208013215802098,0.18928366784451245,0.9135447400224973,0.8952180034470137,0.9181977829919095,0.9972266385952614,0.3182831532965057,0.9866675139246712,0.8518998082821505,0.7988499589545629,0.032274430119748176,0.4276957181393032,0.09500616202170795,0.05283961424316362,0.031497501287854994,0.8178794122641775,0.9934748225949465,0.004401284665756011,0.10437055569665321,0.8461912852677469,0.16701212498372864,0.012530546794093433,0.7992107952387475,0.7880126516237743,0.276985250131737,0.9325377887232265
-0.021063759210981123,0.9137599177122923,0.8502711779290338,0.9728589554465825,0.14042463129449453,0.9571010841658445,0.9205351886260408,0.20531272695715516,0.8812863906759221,0.8794320977193562,0.9108835726457449,0.10733299951357712,0.4833083126761736,0.834546477772331,0.8645319008009319,0.7577233028241053,0.4754608606008994,0.6458256818370977,0.5211506700133026,0.06676405889367018,0.031625268759820115,0.10942401699331655,0.0071732482168736095,0.8414431726043518,0.7593283133253705,0.03445521189914648,0.14315552503239964,0.4064659583100996,0.869541975638241,0.9383040867022338,0.2665729312422338,0.01877938405491682
-0.2634849420006048,0.4713261850800709,0.8330500724498435,0.9721447263153681,0.13571830767865486,0.9840438560133895,0.9190558331022982,0.206287677647995,0.9152459858080007,0.6584010865106448,0.8993122839900717,0.1001848956187098,0.334609611194448,0.9765270972879093,0.8658857175841207,0.9436922825565683,0.24928618928512275,0.45315011643638836,0.11604542391215394,0.042694657159822694,0.0005665686535452352,0.6676978947879496,0.048998117501503805,0.8461717397932234,0.6594410030428057,0.0258692380986303,0.0388406417078201,0.4138994013958717,0.9977686768222572,0.04481238686043451,0.17677323305211362,0.0074682743623492465
-0.2537574678624762,0.4164080970024473,0.6385088521830999,0.950296015422126,0.08810289458178938,0.7802434627678099,0.9161625624021839,0.21625437451325924,0.9153980367626993,0.7093683517030083,0.9542419617040357,0.09120645939380519,0.3825128057870544,0.8356790582861255,0.7880717515172893,0.6885728175176642,0.6337552177727785,0.5891554339653284,0.16329290240422187,0.042695225497687964,0.03240460182420328,0.6075652114180122,0.0125026157132887,0.6921660569520568,0.8040065091457553,0.02595385835266918,0.17483663318081408,0.17818793681669734,0.16348767155535243,0.047204212352218895,0.1758289268215104,0.019935408790109903
-0.39170329813457616,0.46015770510257903,0.9572516033384869,0.6299699831025942,0.07926913872269631,0.706323893485269,0.921041799698964,0.22226692993227926,0.9195562354541921,0.48443086440920996,0.8909948505938508,0.10793629971805861,0.2984296824083268,0.9789910257515235,0.7976568807459484,0.80037668313434,0.6581905270141668,0.638451371476497,0.27100508648464755,0.017461429330764888,0.019649116460898425,0.6828771287789731,0.22310897291842025,0.8505546996812055,0.5751996127309963,0.10225213622260865,0.16087571332519482,0.16195091683993812,0.14037402621275025,0.066599678456233,0.8813684241481341,0.019358830739765895
-0.2820203527279893,0.47592968978892813,0.855411727689932,0.7122093728205003,0.14215564804990355,0.895700117729232,0.9003945642200553,0.207509521873254,0.9136563105864242,0.8511356005791629,0.9201586270312755,0.10624633354356566,-0.5562587925425636,0.45629582297415494,0.86562755042354,0.7678250812454033,0.18780419059588108,0.5817199662036407,0.15876282337612685,0.021552992866012748,0.028867981716542583,0.694291944013387,0.024293576727739366,0.6788435874304496,0.7305423718159408,0.028981407019329032,0.04897361556157695,0.15744055183104003,0.029730798194825804,0.04981329203910284,0.967349698748976,0.012597833851498678
-0.588931661711742,0.8923846733917338,0.8472442919650908,0.7279945314457095,0.17038838876802598,0.8830162705873303,0.9190436513163094,0.20532052095585454,0.17499122290691072,0.8395843950885115,0.9165784613578276,0.06333675574311676,0.4880089274002938,0.9793110897676005,0.8280676176767425,0.9763211057035937,0.7636163291983691,0.4330970744244764,0.046535850913403565,0.03344815112616599,0.050015801032350676,0.4502279976683283,0.558219294353826,0.7962499554905245,0.9697380185771549,0.721391339297488,0.08612705681683235,0.013052799237156687,0.11130073878438085,0.029581267662192087,0.7180617202473174,0.9349526766137652
0.5920586492646331,0.910337679007035,0.8567173816176419,0.9715622100230369,0.14063705526098835,0.9977644914473989,0.9054155544492165,0.20512781979859232,0.8814050387690179,0.9532146091031619,0.9413344109441485,0.10793779290794393,0.37375806900286485,0.9867602212174371,0.8625821890855531,0.9906101567121035,0.19115921476605097,0.7794115108578002,0.00743944853860018,0.025847738478684434,0.20425513253307098,0.1133533065553585,0.9480467780827271,0.8462957713540986,0.877442507695244,0.006076874118384578,0.14328136676996833,0.4047329597217374,0.15835657257145275,0.9775218246449411,0.31614172051217815,0.03856389413487282
0.14726698810730462,0.9330383873289432,0.752138762760244,0.9133740483029219,0.12136616946107523,0.6352996212921419,0.909619135971545,0.21804597773882636,0.8955050851268932,0.8813371460410062,0.9104592590692859,0.08703705481729526,0.2680868889655755,0.8514550771487033,0.8791633375891033,0.7849749954655054,0.4849730741183627,0.48487712452402276,0.008225019386934679,0.011148473183877385,0.05285705075821501,0.00041703074493330827,0.030628407404507573,0.8523560720661829,0.9382354425479331,0.03319410300884636,0.13933534727627891,0.44320429884151186,0.09925427689263747,0.7923249073062084,0.2073674157246429,0.0024108715279593735
-0.2795116658339857,0.46696137807935195,0.9949097556562625,0.996779732058782,0.14181820073456258,0.7084134960666186,0.8868034180168121,0.9485561525298767,0.6062297111160331,0.9276808406998249,0.7883984754398039,0.9480493923151423,0.3321991370601387,0.9810926929337768,0.8171781513343974,0.9641266619873972,0.07604166833643566,0.7883395098398874,0.1497173160490939,0.02541799436115979,0.2172223982230411,0.910080161801441,0.05487222978536316,0.49459385871953065,0.9478989611094392,0.008303106848992655,0.31691214326212225,0.1612968730546549,0.844184721283239,0.004468720662254733,0.35703449299187273,0.008614357465062561
-0.15238737925032603,0.4164080970024473,0.8474021123491142,0.713427767783462,0.0880412898453985,0.8308616586991585,0.9245189106999785,0.21625437451325924,0.940334108736789,0.9141327830108126,0.8734034544490866,0.10410346768223133,0.28619057386251306,0.8503693980788432,0.8039841290590276,0.8325229940058536,0.4761931176486482,0.9661449679603161,0.36935817385657765,0.041793971150100855,0.03679954528549442,0.5879191529120047,0.05289388938501201,0.8480302169421166,0.9056562245967523,0.105092118156925,0.00464163195529569,0.17596432666977657,0.8506048909945774,0.08815678601330942,0.8805903897347768,0.01855824302558995
0.5515477164422959,0.9654573498615199,0.9538285421105045,0.7257747218247201,0.14063705526098835,0.9977644914473989,0.9086587450648751,0.2053838339982055,0.9152436075816797,0.8892164534701051,0.9045056284090957,0.1035398865304222,0.3341027113606524,0.9595015818859193,0.7737896804991711,0.8048482164814769,0.0009512337882239819,0.6499731866792383,0.2249422647808975,0.028604174536906835,0.04042724592741656,0.10942401699331655,0.005411466361742223,0.8462957713540986,0.11518297224794044,0.006547473870143705,0.05443693596115326,0.4064670785076572,0.030012614282301286,0.980094065052578,0.9610789766033673,0.005818478531781248
-0.1792550853116772,0.9574236015570473,0.7494588190057208,0.642561996160797,0.11226705856709143,0.9135710742376991,0.9529815528323503,0.20658579940349356,0.9147499817654067,0.9536711989015715,0.9068724473110239,0.10809688641875086,0.5616667400410169,0.9930600670389722,0.8937993345765631,0.7850713576089603,0.6756836168055291,0.7619665050326473,0.030767704274070745,0.010460382981730364,0.007362936495694979,0.10382194819034385,0.02035210836229066,0.8468979450917875,0.620410655164382,0.026663639342928952,0.041363740636479095,0.3569496014788046,0.03708599331833907,0.4211024503110046,0.8560346334517843,0.017321412957485127
0.4965578849512525,0.946369372990496,0.8590249152652697,0.9709009530941047,0.07803587460695466,0.9899715523243378,0.9242365880453693,0.2139961476581804,0.9895958347944784,0.9025183385153098,0.9065874240448929,0.1049493879793522,0.4986237636171201,0.9764224003786105,0.8079718860433194,0.8272443713155273,0.022343223405865642,0.7839595354701722,0.4886699889572692,0.02027502471540442,0.03811615847218007,0.04042144337151177,0.01347903982461271,0.8623426014538444,0.01657454579109019,0.08409628303747865,0.1622087937796689,0.4025411508074775,0.07007561957911934,0.9366250511811481,0.7085135747136638,0.01312907752851981
-0.20848774229624958,0.47723348829257234,0.8275766957255946,0.6660964377596158,0.16157792759580378,0.7701790848897362,0.876075415403108,0.20570366521656633,0.8948136748936321,0.9477150389485971,0.9128703815239365,0.08527591897363021,0.326572954224203,0.9124625740489732,0.6620053342926444,0.7632244245446695,0.4428713516338697,0.4488934403086226,0.04106328964570702,0.010611540302702678,0.0526124647318452,0.15537346170094868,0.0457912224185775,0.7936526056770271,0.6969428240484346,0.018333442478046615,0.05480849949304722,0.36864543891205537,0.12588709300765233,0.38319100082738405,0.06215284823297412,0.0024844457752812854
-0.2412844041765203,0.44951679429496544,0.6419616042157569,0.8172431940793764,0.14999271091663183,0.7073043271822971,0.8623377193541161,0.22472387326409726,0.8879923098682204,0.9575709673088116,0.898794809874725,0.10577552756805576,0.5188959307303106,0.9198135787051632,0.8138926336612733,0.965467569244879,0.04515217433547125,0.7828992527869458,0.14175981087225453,0.0482910197523847,0.03570024710142483,0.06829475047003646,0.003998067233089554,0.6203341858691345,0.03500783590615014,0.08688286055642866,0.09495399075638133,0.27115762619635997,0.8142539462619788,0.04534143415440686,0.8535998943163808,0.010274434072578376
-0.04342715927305234,0.4711153797859668,0.7774584206578199,0.979789265534601,0.07566024215543615,0.7081209517368828,0.9189433853644073,0.2183920931828308,0.9391784367280901,0.5179653141235727,0.9145050579682078,0.10010583670566561,0.34676492755958993,0.9952604918241852,0.8215166022905468,0.8324383774740824,0.1507123722437963,0.762550147792967,0.4948521340569614,0.056459302735927405,0.024127224572446655,0.5259912360255578,0.07348144827532277,0.8679869206641124,0.5963483745385519,0.1777876118268385,0.1510528769714577,0.1759223796831074,0.9908147690053212,0.361367248424027,0.8957820139441697,0.009740946165825434
-0.2191556254263742,0.9961948354265711,-0.8331961646654626,0.628388503267749,0.15678033595546115,0.7019898387770329,0.9229577258763509,0.22575616370577284,0.8942003251709172,0.9554262640832559,0.8965256700736375,0.08924650034073861,0.38344941990846687,0.964265347175582,0.8166604898025548,0.7847527182157786,0.12841902426842716,0.5943932790715276,0.0038451679912051007,0.033556052951467505,0.05275582519958613,0.16374834676032013,0.00394111028260263,0.8741371205726468,0.9762987435828006,0.0351957394088152,0.09848269393448635,0.3562903245509544,0.1649576119997801,0.14965293985632244,0.9753394778193066,0.0027603120338880417
0.09975353834449704,0.4796080197706149,0.9104455518927542,0.25686347134403803,0.11924529992153612,0.7075571632412951,0.935600903072231,0.20771039762509785,0.9480508624967069,0.5723956666819541,0.9136281437712499,0.09947262015885555,0.385871082443713,0.7389044009089611,0.8073338452023154,0.747851005812574,0.6028932759283098,0.44307524432533274,0.06558713542426184,0.030726210762610232,0.06382262328334562,0.05291666837650805,0.004914429987489977,0.665524608981129,0.004201352192105323,0.06480296242171468,0.054267608254514606,0.2966487684509858,0.12920176019471732,0.735834445934467,0.7968934892344558,0.018976251584785185
0.12964710132831814,0.8555386753258675,0.6351526437006738,0.824561491643784,0.18162252075227137,0.9161958958495711,0.9642235797153289,0.22065904237532546,0.23802763023825418,0.9071454295116891,0.8940065436995801,0.8799823747875298,0.5104112561289875,0.9724088182788906,0.6735023228437658,0.992641036437726,0.3639412407453424,0.7487411556956342,0.633433204402317,0.1903569815149927,0.10584514912622076,0.8298755958786329,0.02643190327933822,0.4295155576725116,0.792887922909233,0.4345936545501684,0.12010104487084339,0.20538795039212765,0.1141819959128546,0.3976636304739704,0.9294287038817647,0.5469701815950411
-0.20945887136763558,0.5405922754991505,0.9023841760725133,0.6817448768320432,0.06549903714737293,0.6718713580356961,0.909475904538609,0.3226838696427277,0.8992934864412727,0.9051510628118826,0.9138498553275999,0.10023383181561156,0.4845872474493749,0.987119555242871,0.832514305605503,0.9782139687812378,0.6698837255764621,0.55469105243598,0.8361792793251175,0.060646408068350255,0.14127603519855728,0.568041207744755,0.5531391322685921,0.07515921261254016,0.9394988857680737,0.02010628547938348,0.10130027521102312,0.011033604694521998,0.5431075072321535,0.1769388193742755,0.20176277697854375,0.920059239994522
0.11566468502267173,0.4586932327886953,0.8778290571493046,0.802268806885016,0.1745694727507932,0.6871621801473919,0.92230284199583,0.20679247574487883,0.8910237168865891,0.9812158532933963,0.9032304056357252,0.09944829735633978,0.4962756345867223,0.4956941731853751,0.8657812587850491,0.7430481797953918,0.48519063563062254,0.446264826399686,0.039632448912626135,0.0006521494220795305,0.021547168636933067,0.5833546546855085,0.039600952415223795,0.6327279743900953,0.8104952528043557,0.0037616165299627514,0.2483006448483278,0.22252373310771373,0.10420601141791791,0.5457131738581171,0.004276201724805695,0.0030156624539769607
-0.21106537220253968,0.5420094245808503,0.9076913778350788,0.965021820469593,-0.005526585838788595,0.6744704574163249,0.9197621404112413,0.15926365210849425,0.30135490772873674,0.5355693933397572,0.9138178109133763,0.11201676937763795,0.37159544509275316,0.8768313946703798,0.8066272314345143,0.7668858206458542,0.44425381292523,0.5005494897331809,0.046535850913403565,0.14044135182937,0.032341658346867475,0.030107070070324093,0.011034958837763943,0.01994848507072461,0.9763590009590066,0.7079205673202837,0.05815076013560906,0.002101997874555561,0.19138022132651838,0.3669462299069661,0.013554895460400077,0.9124323448923657
-0.28823460399163836,0.9994898213698664,0.82173371190809,0.5948169273425782,0.14281154480451325,0.8937687279894232,0.9225510758176734,0.20500811561742466,0.9445274982407442,0.9799793814468623,0.9153400106767354,0.12906734390273517,0.5381812284719493,0.984243242506927,0.8937004629898943,0.7861982422278585,0.023057885445755218,0.7015747948655567,0.0067644875266241605,0.007222563991776652,0.010862077716785046,0.11359775761821708,0.019976418528209795,0.5960841528444214,0.7677337700907851,0.007853668648353351,0.02253257504319684,0.44513961248502343,0.7487524522382993,0.019120695324257878,0.8940439186585324,0.01624372405111102
0.10263668342800666,0.3859779505912925,0.7680717652998661,0.756534945635646,0.1054912055393786,0.6980468025822272,0.976504313541764,0.20652309043121014,0.9232095681781335,0.5169799484530377,0.9070645040502361,0.10614686367356085,0.332088986608001,0.9968774017290482,0.68827069484822,0.9643328850260967,0.04194636537864521,0.763332527930513,0.035195543429483764,0.05254349527014707,0.05175861326921352,0.6190323712980604,0.008335575003461774,0.5977058832081504,0.7519090620040237,0.025060236577470835,0.09023763633894324,0.14739803943075933,0.008292114755185095,0.3699247448942171,0.8388211772193955,0.002187405797144896
0.09774873938706398,0.8596913669553041,0.9422735325415978,0.7344831858736478,0.14082507962302854,0.7019181297246184,0.9245146794180545,0.21625887139793729,0.9138653193829102,0.519750440490008,0.910303670890582,0.1033769703891182,0.2829108114704162,0.8304903573256569,0.8194987736744402,0.9664562441234148,0.4917988645302641,0.774443258496781,0.21378622925480492,0.012393911428312643,0.04841751749442777,0.6460419631003966,0.006177060134432449,0.6243027691768038,0.889520933644741,0.10507261073967714,0.17348315264653527,0.31420986038540666,0.9083136115761625,0.08698498638054553,0.8842273876904049,0.014569141000116725
0.5051005986741813,0.9528998268079106,0.902419648294636,0.9581585129093882,0.1592202868520791,0.8023860732149624,0.9242108630146626,0.21492801468810618,0.87647276545212,0.9425051576625962,0.9235979148424914,0.08481459480683155,0.36243812284019883,0.9642984376190458,0.6385269360065452,0.9831639999049068,0.6358403772108209,0.5815538827877784,0.47670801210221336,0.05105210395569017,0.06289040663189747,0.02218730893654991,0.04376174624961095,0.805967203773522,0.8954718675844988,0.02200107942070135,0.13519677478143066,0.6036435816431733,0.8182083907490905,0.09419397063114102,0.004253448935022941,0.00207264253769967
0.14800669380018194,0.9260467432939982,0.8381841783898392,0.7093621344813613,0.14319958029344138,0.687818816233362,0.9466311621770795,0.2014503671080174,0.9170152623390121,0.9536711989015715,0.8803328255991225,0.10778401501544613,0.3187220736274644,0.8218818316072865,0.8076294916903538,0.8053723243215065,0.7140255148889334,0.40602182017568955,0.009648767157557303,0.0009706253307777517,0.013546840699687035,0.06390240199310271,0.03467760563222022,0.8468979450917875,0.9781920194452831,0.026563334032718107,0.010776534206043964,0.35398071719262303,0.8945978094325708,0.4217145854257192,0.16935517261578176,0.014353058229716466
0.05935185427308473,0.94691382822298,0.8489307024430712,0.7654164871940106,0.1428118252777978,0.6777921986458757,0.8864952742819406,0.22371466707311058,0.8939450029118635,0.6351635365640897,0.9042289091664822,0.10661673612046711,0.38648427155595455,0.9898754978423208,0.8571894469446052,0.9890204930442624,0.08372516340703823,0.45736311512690736,0.03250805899970057,0.02764585253899959,0.02768651600772957,0.1400706064077092,0.003932547250189593,0.7244030810040549,0.9920341687457942,0.034530871483567295,0.03543880101609759,0.3466820207117058,0.06757854375571766,0.025491005629646304,0.9729763279023077,0.012778199339480495
-0.632908780403466,0.3715275866510013,0.8512836924020499,0.7506563114978322,0.16249303731490303,0.7246957501048711,0.9233169203070615,0.23177232760927302,0.9026919248314808,0.9582356119166724,0.9265768911601725,0.9159988145111589,0.5623174373652338,0.99248062160219,0.7867373137962593,0.9762111681919974,0.0024335005179322022,0.7719637402442008,0.01706604819433616,0.004502629174392373,0.007373636035455437,0.571822814175687,0.041561479548991934,0.8267879024841106,0.9308434916073318,0.052349136431468435,0.13733461291614682,0.611552317926933,0.09909789491444282,0.0778233698403549,0.9644047887147669,0.05685046898491064
0.1260230657495091,0.4429522523275345,0.8463351524610284,0.9408294929573655,0.1606587644239196,0.6804500560376785,0.9026725551540375,0.21996297224750908,0.26725314781240384,0.9301632624598838,0.8933741627748127,0.8799823747875298,0.5095658129466353,0.8508870350903135,0.8449227796417742,0.9282047267638218,0.06145766831475771,0.6881981500800632,0.017223025592698782,0.057136470210466646,0.10445722749206088,0.7854057887861772,0.12108932774279799,0.6464265159653944,0.7927564608562457,0.4345936545501684,0.05797757338456053,0.3109403670393709,0.9320752703220582,0.3953415134952212,0.7235239668262865,0.03359411338957036
0.10882148359901848,0.5378257405192801,0.7996730235122133,0.9001013989627785,0.16428044213022283,0.9426520974781708,0.9267780434082177,0.9815279420715972,0.6571559270445155,0.9801294869084043,0.8997705719436982,0.9486215233927726,0.3368301250966797,0.9947091972615036,-0.5849968320491169,0.7915397086777705,0.23788461145353476,0.7208197117534068,0.5431649920262368,0.05214882468690131,0.05390518422338973,0.609635667495787,0.11955479237640196,0.411005332370671,0.9675023127483472,0.33987523575037887,0.30008799960524324,0.8685754648051963,0.12746429311897337,0.009332610320187895,0.795740641979489,0.019265888849569413
-0.03415726539899941,0.9446964552757036,0.9029917481276499,0.7540491569856647,0.21487129066487323,0.9722633199761647,0.9092785152414571,0.22649603646826072,0.10947706099283072,0.9514011182634159,0.9169968691836633,0.1343319792731134,0.4898436363040867,0.8977152505794183,0.8668990008562327,0.8658906103526613,0.7271796011897924,0.6831311315182146,0.22231703475211,0.06544586864755358,0.5187791374012051,0.7506630553662045,0.02471869651992288,0.589981127612722,0.760520727212199,0.2049138569407729,0.01205738983651592,0.2183599934921927,0.6632563190480121,0.057716642181830424,0.9467412539459069,0.35997447324162885
-0.20804410831214407,0.4782673384460726,0.8212889515795821,0.7490876512613195,0.16589048343494603,0.7959108366941333,0.9187011780528861,0.20864758141899792,0.9221440096514455,0.9060265559569611,0.9076400353192697,0.09382497105172873,0.37681280149797713,0.984511895193286,0.8217474987678169,0.8175210332005811,0.00905858131186335,0.4801434528436537,0.00652617595471805,0.0033403660929085836,0.0004745692888587429,0.4916673834250398,0.14150791899828064,0.5919238878609248,0.13736950942733256,0.08197737554213734,0.09143264118973277,0.45866252647013006,0.8214148766404994,0.38018734990953673,0.08034540839934622,0.0034997216908880585
-0.22642339178684873,0.5045667664952076,0.8762155792348046,0.6936757440027881,0.16199907777113673,0.6752640442084694,0.944525899030537,0.22351961894529587,0.901120549138702,0.5368050964161085,0.90890578717631,0.1073035530774734,0.39306363485667783,0.9481823503855926,0.8116623512362153,0.9793544450894021,0.4210168917783571,0.449837690095188,0.09110798130469311,0.0009332408208355888,0.03164382597084886,0.5280386383774914,0.031245303056527424,0.861282135694855,0.09597034589521321,0.09772289405467324,0.040493912638551205,0.355965043677173,0.8084013368511572,0.07473878003488735,0.9475197623438958,0.017052674619135247
-0.021496692321677613,0.49231229262810955,0.9233978276502589,0.9667856588537264,0.14030274889039934,0.7732236377579909,0.9239987437186834,0.19231976859820865,0.8998967694676703,0.9424098895863982,0.9140565958006436,0.06602443959170919,0.32836069407559654,0.9851041649236809,0.8052260546810754,0.8436264675001522,0.4925122909854328,0.6753051435925348,0.3620275148859302,0.09699997100335359,0.015269122515958772,0.7369072144898554,0.05207126311775395,0.6842389237298774,0.05372234575154605,0.1748150296543039,0.06780830957561315,0.34565652693946314,0.022223456432827027,0.2969762064212863,0.8464333089483225,0.0022614576386978946
0.053296613692763437,0.5327539269225084,-0.7494060249237722,0.7654164871940106,0.10233589278927417,0.6777921986458757,0.8864952742819406,0.26133096933055733,0.894329343128729,0.6437830123823498,0.908689203068601,0.10661673612046711,0.38648427155595455,0.9898754978423208,0.8811614752079949,0.9890204930442624,0.01974485858374929,0.5862558763244298,0.031417453574509466,0.02656701941031369,0.027704839995326292,0.047750919351605414,0.003932547250189593,0.725793741663429,0.7773253140204714,0.0312772874195531,0.022508548966625273,0.3466820207117058,0.06887825035221867,0.02582363612067414,0.8938752124130338,0.012752473327492256
-0.07727439147596629,0.4944780898042942,0.8367792961039833,0.7123314864707079,0.1432417375922697,0.6756610445010253,0.9239113770401218,0.20520255441204877,0.8809891206660367,0.9839349039209475,0.915245201550721,0.11017130875017239,0.4552489446284885,0.9465063112605382,0.8847288810176313,0.8060652559624686,0.8661378214145765,0.4224846170617533,0.4192166207139275,0.007114596076469215,0.22563240493047781,0.7228661091131603,0.05182745517598812,0.8436464625833522,0.9754999274493006,0.15780069231494778,0.14107697489660603,0.40631201676823925,0.6315140930147072,0.6188608513121764,0.9368039255629843,0.0041494716753530435
-0.22764596631025616,0.4602902120003122,-0.6148947216394794,0.7585529157638723,0.2155412549608918,0.9265517087468241,0.8871487923859996,0.1944730533401311,0.5830650660646142,0.9059447041750114,0.8920502254405234,0.8708668263056192,-0.4197979869860564,0.9338422700214207,0.8019096331577008,0.7801024033912193,0.0075543086686298,0.7668740187826175,0.49058114445148737,0.003043903330211477,0.00045162923201857996,0.46838218508885493,0.004230619978197705,0.5869470601664637,0.8007552543556817,0.0006589858119467398,0.10528475533592802,0.30136555253193154,0.020891479466333407,0.11615652489896017,0.7470611775923702,0.020514069137532606
-0.28823460399163836,0.4162332038999202,0.82173371190809,0.5948169273425782,0.14281154480451325,0.8937687279894232,0.9225510758176734,0.20500811561742466,0.9445274982407442,0.9799793814468623,0.9152623974070456,0.12906734390273517,0.5366522285605241,0.9832710188147424,0.8937004629898943,0.7861982422278585,0.023057885445755218,0.6118731364546544,0.0067644875266241605,0.007222563991776652,0.010862077716785046,0.11359775761821708,0.019976418528209795,0.5960841528444214,0.7677337700907851,0.007853668648353351,0.02253257504319684,0.44513961248502343,0.7487524522382993,0.019120695324257878,0.8940439186585324,0.01624372405111102
0.5926077393232774,0.9606101782846468,0.9545014174214745,0.9872210407724538,0.1406280135612141,0.666436121943788,0.9061209093799216,0.2053838339982055,0.9307572298633623,0.6209466114516633,0.9407860889493445,0.10793913041492269,0.3346422675522528,0.9999093345885272,0.8669344612138724,0.8058569995749504,0.0009512337882239819,0.8945085251988132,0.5549903360158608,0.025306579048271678,0.5160759129286612,0.5309389902046822,0.0042014513646296756,0.8592260184031699,0.11518297224794044,0.10152817201630059,0.04881201029457411,0.4081301038837154,0.7908777352453442,0.9659885371791737,0.967628734131514,0.018951607368941838
0.5783911999405794,0.9307574396591051,-0.7562792950674571,0.5618131956045197,0.16123462137516723,0.5796540264144203,0.922899918944638,0.22465581977495472,0.8938499395166286,0.9794414971264983,0.8898142793168359,0.08924650034073861,0.38471958779206,0.9908333990557605,0.8617263880328164,0.9849728688870039,0.08372516340703823,0.9105909124100122,0.010138727880664666,0.005301556687431198,0.012397159121241678,0.10248934932728815,0.00394111028260263,0.846896527652564,0.9730721103325874,0.020256535376042807,0.03541265323365426,0.3539714289184581,0.0033895420988482496,0.14965293985632244,0.9423547564425744,0.00905707844119243
-0.19555460648895776,0.4579058119603825,0.6489243551973687,0.7174336075411446,0.09743964236818134,0.6909473677024885,0.9212181301855249,0.2164239175465087,0.9256194953827276,0.8117743388899534,0.9114632421748388,0.10410346768223133,0.3483301528992337,0.7741606588545675,0.38901175410579786,0.8533439558283228,0.05305896433423063,0.15924869666794372,0.37388056025951144,0.07092500144952053,0.04264043732108068,0.9196714488228537,0.042218722620541646,0.7215007844376938,0.8046220453029479,0.028433354031146725,0.0486792562351323,0.16317749503947332,0.8503414053697845,0.0471703565592436,0.1865323712642989,0.01855824302558995
0.5884348638459638,0.9763082590185528,0.8555620458830999,0.9693883617014873,0.1617021641844298,0.705259766351753,0.9241894814530743,0.20502299991632006,0.8972014679457461,0.5841515623217988,0.9159800127974504,0.1053173044529795,0.2801732711789923,0.8515538270068965,0.6769100791652416,0.9842786305940331,0.7125800874054933,0.8458210330586715,0.15264032996251808,0.0011310934468011513,0.051959648730409695,0.007468679330946054,0.054721350144567554,0.7903626865686484,0.7870314427367519,0.017754334619123457,0.1809991717387203,0.6283382267320218,0.7959169229568454,0.019722200145089363,0.8498673634491583,0.00809607173349669
0.14976449688932314,0.9493395839239882,0.7570340170623313,0.9735668909672495,0.06416587213338797,0.9989541862121779,0.9126957430327001,0.2086792605751838,0.9451481592233273,0.9536711989015715,0.7942018806276133,0.1079691998435178,0.38533283662618795,0.9758625997616158,0.8407730912851076,0.9750043162083332,0.6807286944327318,0.7774282226212539,0.5109041046789518,0.022057063804047084,0.056749759387676894,0.08876357972220866,0.03467760563222022,0.8469727120887962,0.6003807440662685,0.0031695621295718852,0.04839441754500745,0.17888624737545664,0.8732952626069013,0.42618153781222257,0.6011730716750509,0.012851846898649575
-0.250362638758466,0.4720608766349182,0.9143555844264031,0.7590641527812855,0.08810289458178938,0.8269944530390869,0.9062758329275857,0.21660411038529037,0.915605155859259,0.5261008651553347,0.8913585612129914,0.09034050112640872,0.48339678760521937,0.8233884186697116,0.7879950121739113,0.7840429188887661,0.6269699134827796,0.7451526556475465,0.16372115503965298,0.0031823509966924547,0.19711493510034184,0.4631889944329505,0.011474001643515627,0.6919197881005318,0.7652910193499622,0.06525775174561727,0.05573250133617711,0.1755520073430643,0.16348767155535243,0.047204212352218895,0.9358665377169277,0.01660815970160895
0.02320862382337903,0.9955315620324308,-0.6012426083885554,0.706717866639161,0.08791062542618891,0.8113637699999051,0.9197481652029882,0.1961322735287599,0.5501013126322433,0.9404907442415795,0.9150637314652884,0.7740734455482191,0.5411110926312271,0.9512137647739716,0.7967223794814542,0.971688137975581,0.06546623812250621,0.7627901101138641,0.011692088632237557,0.0539512995945165,0.04213210293563083,0.5610637693775882,0.07824481747075984,0.4602013212113943,0.15440341192177315,0.09440134949201823,0.08921384743966011,0.2560788179914943,0.6652141166154492,0.014835769595086487,0.8132707026374849,0.8927502873497813
0.15553057556120828,0.3428573470160966,0.8984466404651279,0.9602050710749686,0.14085508449012107,0.9866631962120067,0.9249331551589698,0.22084196629375258,0.8934167946652946,0.9510921076227381,0.9160386563587907,0.08012471745713051,0.37727845856704273,0.979385850161595,0.8501566467967219,0.7655414407013638,0.4638749663569789,0.9026914150069345,0.4005651898504702,0.06019833127715607,0.020587416093621996,0.9799632683599564,0.8858890430174001,0.8162524534719561,0.707829180049212,0.0925582747517205,0.141160936690693,0.4338461967107425,0.7036690737864737,0.18639436845159493,0.6812243432408105,0.00865088631027593
0.10735869436226905,0.9994829690523701,0.8007769247069132,0.8395634142598369,0.08098491429722506,0.9700974964924453,0.9268883530085842,0.9803938078712755,0.6149868074638226,0.9518974655300572,0.9381650165790221,0.9410153621194162,0.22726246941490624,0.48323648288597343,-0.6296349663561838,0.7917527689448566,0.015562255629133465,0.7448066114198483,0.5431649920262368,0.06459483143729543,0.014028940387697725,0.1419593039626226,0.022280635173395846,0.411005332370671,0.6073368845908437,0.024274066763519064,0.011949679250586487,0.8685754648051963,0.934958507933352,0.03415031843304958,0.276748038699707,0.019265888849569413
-0.209650902284029,0.7442763566081146,0.8514398796030956,0.8085326805714096,0.1747338620345875,0.685365572106317,0.92230284199583,0.21082030832862408,0.8910237168865891,0.9248407464477792,0.9138152887343025,0.09944829735633978,0.4962756345867223,0.8107654181717919,0.8675656423991975,0.7356191455659337,0.5607575130681718,0.4345185531279031,0.03834146330324646,0.0003172180463877194,0.021547168636933067,0.5833546546855085,0.04091303191499622,0.6327279743900953,0.8104952528043557,0.07968384396673886,0.06105817861798721,0.22502678179298247,0.10420601141791791,0.550410136436668,0.7559326065500251,0.0030156624539769607
0.494254860921887,0.9479226119534641,0.8742368020500637,0.9698371834001334,-0.012403903164887264,0.6808159017444478,0.6078632410653265,0.9916014814179512,0.19502265149398812,0.9009792773022799,0.7797506215210587,0.1658030064960226,0.5061141041918968,0.9930073772805252,0.840469429719956,0.9721445696740797,0.49959459334211737,0.43118330621025014,0.40776926407201325,0.019993249116379157,0.4833216320967197,0.5908047869185852,0.0016806616229324244,0.8516703963065779,0.7301922595662202,0.9486747031076649,0.0015989031960338962,0.5654451468840026,0.8329319749926857,0.06329957684160381,0.6828405070021963,0.5358810424274421
0.6637264442354129,0.9606101782846468,0.9031297270529055,0.9715622100230369,0.14063705526098835,0.9977644914473989,0.90647145490254,0.23939920691904018,0.9381071020596192,0.9532146091031619,0.9413344109441485,0.9974681587148937,0.3037253556225892,0.9532566733531451,0.7680340602035469,0.9944895712014183,0.038759524532400065,0.7794115108578002,0.5351421730572672,0.02419940184885205,0.021147870351841458,0.11731638744167527,0.9480467780827271,0.8462957713540986,0.8727289678189348,0.007244052452509739,0.25104580412356853,0.37815346471137223,0.841303113062711,0.980094065052578,0.19976034235588613,0.030083358302753493
0.5051005986741813,0.946369372990496,0.8592213591672333,0.9680804261672826,0.08053685217654612,0.984841842358317,0.8742609175706655,0.21414213447520886,0.9769566103456803,0.9489333824637173,0.8884015517309798,0.09272390969684141,0.4945795204997096,0.9723861463570309,0.8079718860433194,0.9669550174087391,0.35685593344693733,0.7833068568578176,0.4770829229926909,0.02027502471540442,0.11271138197808417,0.04042144337151177,0.0448446768645062,0.8552305364830667,0.9716604821047494,0.0725781825932331,0.0030715439641297443,0.4025411508074775,0.07007561957911934,0.5027681642427662,0.7087127889354518,0.01312907752851981
0.5294727228516793,0.5394845779723819,-0.8084009031371427,0.7048401023746311,0.07951755525727403,0.6895134591107359,0.9082348515236842,0.22243059606466897,0.9395936373365743,0.5843281809778429,0.912339939234656,0.107686983571737,0.3407244473754927,0.9702643219208384,0.8112834406957453,0.9756411372440824,0.6690902484935761,0.7239029075230559,0.8239921600655808,0.025806708146876703,0.006587257940785948,0.5899008172330087,0.01803384652974331,0.717166172338289,0.7690542962503891,0.03152613455912129,0.34726645248948235,0.1575195102521933,0.7374549382263864,0.015915830742823517,0.9239955187298752,0.019097173685902507
-0.20789004774531686,0.35853847128587807,0.7595606386631817,0.96500048491108,0.0643814601489294,0.9919421464102159,0.9234982832521639,0.22238225909450224,0.9172705340215165,0.7599971395576407,0.7920380045956755,0.0985470869318497,0.38389709712949693,0.8339298399832767,0.80743553033692,0.9857879473784048,0.08927349644003468,0.05773329585599796,0.011650270723221112,0.012355246652802465,0.008619829920804994,0.6118610528065506,0.03907380782258542,0.6712547950349009,0.10057573448662932,0.1211751729623857,0.05677848450613465,0.12287673575200103,0.7913941645242837,0.9583811395476814,0.9202785799208534,0.015921227556938755
0.6728592564576834,0.9606101782846468,0.9571184394314025,0.971770739999944,0.31461857907640517,0.7189819313509138,0.9199362081342618,0.2053285172105987,0.9338130730534426,0.9908454534757125,0.9413344109441485,0.8358959475199879,0.2912249467418052,0.9934080907735507,0.8625821890855531,0.980330798470651,0.6094509213191455,0.6432702566095951,0.5351421730572672,0.04943038637915935,0.1986601673290302,0.14071518201773156,0.07420573222234733,0.8462799044693688,0.9021373699340088,0.0059335379855304515,0.06322510598179844,0.4039005565792833,0.7513161121359382,0.9951109515713196,0.966663607983509,0.018776535657060715
-0.21295699270594398,0.5408092106500528,0.9022595693036437,0.7279755501627813,0.11667831454824695,0.7040418641902306,0.9185516545370388,0.15926365210849425,0.2977773915157949,0.9044445351678434,0.904671819323617,0.10807342812869014,0.48651842373548004,0.9877263436387841,0.7904966977194493,0.9721445696740797,0.49796674831876975,0.5650218033824863,0.04658979127376446,0.1489780997998842,0.19836949443341628,0.565667542010131,0.5732891834859908,0.057412061898098665,0.9733393210091852,0.7316299383780038,0.08612705681683235,0.009714430528296292,0.2118339557878,0.13418844421094656,0.01914037006596328,0.9407718915558075
-0.588931661711742,0.9133018096592175,0.919115856287471,0.818501101700676,0.24520840358423165,0.9829299782844552,0.8459824516891372,0.3228094386922107,0.20353639613769045,0.14950556298305967,0.9341794324305728,0.1298113298587222,0.4857702346406513,0.8506336728088408,0.7986241742964407,0.9898859321461009,0.0034328225771302345,0.7221602429528979,0.6634948204667317,0.060098942641522296,0.005728375341648453,0.5683750945078894,0.04631141348576193,0.007988438711372503,0.04167273277367495,0.9729155615251353,0.1266498172429044,0.005639656138977156,0.7992187186063234,0.007312329642052674,0.151600062526481,0.8890115448134257
-0.22696016848820066,0.4781582672444567,0.7382743563029013,0.9790851406608152,0.1407460109454415,0.5978326677983209,0.9312056108902251,0.20658365382967944,0.9178127206408033,0.503579272510319,0.9187867060205698,0.09432680269906127,0.3340720823184362,0.8517183732405167,0.8045123942274001,0.7702966660107244,0.13560512004584258,0.6361517799117906,0.006739148433162409,0.03288975186801938,0.04184369475429033,0.6028062047293883,0.03421302464009576,0.6213191294208944,0.12385402870324463,0.3096224026134876,0.03709896321838867,0.30775654109912115,0.8078459608617644,0.014868846089099996,0.0794316559674797,0.014723006774760319
-0.19576685422130896,0.9235555816787523,0.9012886874571685,0.7771642680234305,0.13993673132960885,0.734340261013219,0.9267662012929814,0.24027435695897026,0.6106408443395304,0.9467895484175153,0.9127394171951566,0.8380176193380395,0.33846934679462226,0.9672950524698726,0.7790544821086861,0.7752415858038172,0.007274138816764586,0.9181175396914596,0.08181084461203267,0.07075018320348689,0.035086295633325826,0.16035649832044474,0.009777271167089749,0.40784037051467437,0.610851210233885,0.004558871061085407,0.14220121599183022,0.3024352975241973,0.7482815479066895,0.061025235942163636,0.9519801498998766,0.0056427959710542985
-0.07502433240043777,0.9534289910620715,0.7084051866833007,0.7954007477629588,0.16542492506784698,0.8721524041673007,0.9054028697546279,0.20495736703543405,0.8874446600885443,0.9372678281708848,0.9074146831960855,0.10352651297620881,0.3503624753078857,0.9940124677454724,0.8259531364016596,0.7549396997270497,0.49701504219165854,0.4747322983667236,0.48854792254406465,0.001763874827189504,0.02723463161786762,0.5184065326114975,0.03079524813732025,0.6199991408414867,0.031403172250590417,0.060046056139579876,0.09667325328861406,0.4576704185568824,0.8140725835139955,0.3800476078880945,0.05797527374921968,0.014604615728574145
0.09971015328478877,0.34705651319848335,0.8693792093705327,0.7281815084521494,0.07411021655216365,0.9467097219342347,0.9241163025603248,0.2229691970548225,0.9467386727733159,0.7291514643095373,0.883228054835469,0.10121539919631167,0.3831738365855086,0.9934458636885085,0.80743553033692,0.8135706629496418,0.052216027708304476,0.9758449785167101,0.4401503014621315,0.0123649613569367,0.0017618258979388776,0.6118610528065506,0.015918843502753147,0.6623817185426866,0.09752822754766599,0.04558547403876491,0.029383687807487624,0.2907523962999934,0.7858533313180022,0.015752529145934002,0.8756214332039033,0.01854801417313197
-0.0691532647496744,0.4508102264626205,0.8389142562526922,0.7076343022477183,0.1358027203729672,0.5840070403792419,0.9367230931236695,0.20856689683137467,0.9350567133299225,0.5541793687311551,0.9146341269622056,0.10002511328011227,0.4480140729422576,0.9483594501351473,0.8391161460275689,0.9906131316346212,0.6279909782397386,0.41919447293737433,0.3899078533788539,0.02526412601384282,0.11318075538344824,0.5100969928311441,0.016323416051828063,0.8604581645629541,0.6253544988149166,0.07553425081924942,0.050105999388062476,0.421673592971203,0.1426488191590481,0.6195241760365731,0.9416665351681338,0.015655556712336854
-0.20517498400479908,0.4757063097896518,0.8233726203978857,0.7539231600523383,0.16147724427467594,0.801160519644871,0.8804259563010362,0.20694423367476367,0.887473585871124,0.5237153511735602,0.9111654948899917,0.09394616544803892,0.3278453500053536,0.9921087370872286,0.8986887772325834,0.7884913009113171,0.6968533797829797,0.7718106876798891,0.17795438930428065,0.009518151136447472,0.051165385854138073,0.5913747780723849,0.001449839330618187,0.6200621565613211,0.09375460179095957,0.43732457441264855,0.0914358354774436,0.4476471305893128,0.9193130543669257,0.38850050140710646,0.27969607619953496,0.003143732786719548
0.6001331723783341,0.8872011673455888,0.956870141447595,0.753101960087513,0.14054710473984497,0.7010839926368304,0.9245483784873698,0.20449607801624653,0.8832506001677025,0.9597197645392885,0.9172865900547965,0.10845148454207347,0.2948420703428923,0.9822117371514361,0.6913987879249615,0.9873571383992742,0.8511002422627886,0.7160538530084533,0.3833833934077874,0.00782836699872608,0.02455068278413225,0.04342023206816158,0.043798999715385284,0.8317720818401655,0.28915839530073206,0.09105889122261802,0.1124084755948582,0.429708882048603,0.8643480490572752,0.022914018394480345,0.674721250758868,0.0010885547536973027
0.14567062372517592,0.9326118007443949,0.8401621756297046,0.644472215313708,0.11439568331551903,0.6767236807188498,0.9177363661674101,0.21804597773882636,0.8956387025077935,0.8813324178567288,0.9110670068360522,0.08703705481729526,0.2680868889655755,0.882126797503205,0.8794428617733323,0.7849749954655054,0.5391141680183857,0.3105391198801576,0.008990899723170733,0.05778380674958455,0.030905771321355406,0.001587953726372146,0.02838629715651749,0.8252285551252977,0.08205526634441926,0.03319410300884636,0.0852201879394273,0.44320429884151186,0.5488878198390343,0.9814569505419856,0.04407902472995823,0.014171106391252629
0.0550951050329236,0.4756305246474282,0.8378224134969311,0.7577679767621837,0.14331088540360237,0.6785731089540541,0.8777901045503305,0.20670349349320088,0.8939366041445238,0.9519124709284491,0.9102917473395647,0.09408429244228382,0.327883269595252,0.8140461025023944,0.8329648745537874,0.7654816012068856,0.16153875832767553,0.5749045346697191,0.1773976029586404,0.023686640166456403,0.019433694194676148,0.1159460141595525,0.0059039328467689785,0.6200621565613211,0.8137924741439061,0.08714234142398955,0.09189740231183287,0.43782683911012393,0.8547619374532307,0.38657766883274114,0.229084969632196,0.006405278062402375
0.5157275325804901,0.953563106526745,0.9069739011764605,0.9965597413198081,0.16541102695713777,0.7060509608524914,0.9208013215802098,0.21313724297130482,0.9682531877936497,0.9128965594845379,0.9276894432843792,0.9259526420166068,0.3312372838828421,0.989169735732113,0.8400618609689738,0.7988499589545629,0.6779096876406581,0.5927308972722458,0.09500616202170795,0.052794748635051396,0.001559300847945061,0.81661960953882,0.9959621737466904,0.01071921523364816,0.10437055569665321,0.3336548875964922,0.16701212498372864,0.011611756077747115,0.8179951565823952,0.9572715638771855,0.9697602538772367,0.9314038933881896
0.6026493972364226,0.9713606722801817,0.8384354239762418,0.7287959879411008,0.1130588679812415,0.9185723518762509,0.9191465722793775,0.2048580663145502,0.9098330256310929,0.5010106105643319,0.9152319288107584,0.04609326800331241,0.3704799532003684,0.9409096799987103,0.8646437245281141,0.9956095160484034,0.07992460861661438,0.9896758383775421,0.03780908346473788,0.010978717142288897,0.06298074665660303,0.034716085813486786,0.02636012709959141,0.7219979329026045,0.8060725088912305,0.03504675520860807,0.09067643631904314,0.35850771290281414,0.7343441733571792,0.360916491247363,0.9331671599311799,0.017412790202238404
-0.4282185403055291,0.46015770510257903,0.5646926545227157,0.963910903768856,0.0791938349519211,0.703175106201012,0.925620976643622,0.2238700147099721,0.9195562354541921,0.49657179197996326,0.9047469379693323,0.08886514904432678,0.28651872505324105,0.8801964071000756,0.8247984847921559,0.7182570097233186,0.039104298459669416,0.7831298327669195,0.0352835691151861,0.0031773304696578724,0.013656172439313673,0.5629957466617821,0.016360158086922996,0.6045182181351982,0.007115386952565583,0.019046355874377034,0.003941021552162815,0.1668455716924033,0.8679463313885922,0.022782240519839497,0.817253919503011,0.018561997014370644
0.002661718043252964,0.44873272426936467,0.8201881787392029,0.9555977773548238,0.17418269489750843,0.6818016538944526,0.9084626674836008,0.20588182230128796,0.89736780353635,0.929172751138661,0.8863215295210343,0.07383740167474401,0.5130721765303214,0.9855161987889861,0.8461135971210015,0.8409519282259537,0.701703205000802,0.6209583921618731,0.4774566480289696,0.0009352208057334024,0.18482443358217568,0.07315227335810534,0.04805829334834393,0.798927284784431,0.21664306636506064,0.060678884529327994,0.17055998316734056,0.23800757153323654,0.9681514567473952,0.4056165301545586,0.9658182025989916,0.0043336839919970805
0.11561425571484729,0.9934683726077732,0.8313787264640309,0.9579470584106771,0.11160805776845113,0.6848276951070558,0.910723134857988,0.21708572689200764,0.9344066688523799,0.9112205578994551,0.9110218271779109,0.10001677152984181,0.5845836294505269,0.9524738492567519,0.8626499788681027,0.8006661062835915,0.08145461450308511,0.5301250544388059,0.46733475856011153,0.02408852298648547,0.02216371067907527,0.0221347990971979,0.0015303602967915268,0.8216596384124031,0.6285019699887898,0.033899169829311473,0.14154973565723447,0.3973752918892759,0.8121564448661149,0.4136978088302365,0.362693038018315,0.002282629136880018
0.33011959545478975,0.45273890623623836,0.7288025454298317,0.9795880628126437,0.3459197481739543,0.9820222412954781,0.9080370472002317,0.987191387425941,0.5237515275809534,0.8735709401146077,0.8003998276208896,0.8976228082524448,0.33196244661794694,0.8524892270493122,0.8747838165827756,0.7885484061517827,0.03240878419515205,0.8370877064348758,0.013054138333181309,0.000909148327921501,0.009531956122150805,0.7274058158944479,0.048652293434889464,0.6266835334536247,0.17691158783446398,0.07618490647717008,0.1500782507232048,0.07963838488527569,0.7962373663953276,0.07992048994415285,0.8695041162795475,0.0492191587511042
-0.250362638758466,0.38638309245462865,0.6949696120407087,0.7506566473741604,0.08810289458178938,0.8289864827412552,0.9061925678127332,0.2158779248274199,0.9178629328836837,0.5046394991236183,0.907100360103025,0.09122040564179926,0.3176301323458254,0.8251946015398828,0.8042599307437366,0.7893032289337081,0.0015126712454573976,0.7516990939644842,0.15670244726377464,0.0004050922298232708,0.0250443610313303,0.10009600458319018,0.04368153177448057,0.587755385539096,0.8035252301239457,0.02487739214778851,0.006540681081941519,0.17579194651212865,0.015592960015816754,0.04976845053032959,0.1772971663200033,0.01903874617815875
-0.011688373494506743,0.8795400770436685,0.8343786770663811,0.4088327621460691,0.24766984804361528,0.9879874021930632,0.9220783975538719,0.20499964708449345,0.6153236310828876,0.9435930426576494,0.8975455508352399,0.6569285468163035,0.3161246720228816,0.8461323566590805,0.8407014022030425,0.9980847141466518,0.9223705471164402,0.737544359987757,0.039479458759447056,0.0629352959470695,0.048563406946021556,0.8312225434421457,0.0020121556932922464,0.804763128361138,0.9815044669565401,0.011717530827150102,0.04283321423536121,0.296142590937894,0.028356582756062787,0.022374871188269006,0.9549980871829906,0.07150082438791447
0.14714812301644498,0.49486961380332317,0.8284132892323346,0.6193920892075399,0.11303669477204698,0.9116714129475763,0.9239698637401339,0.20881946058158235,0.9134334926427117,0.4932806059551762,0.9152319288107584,0.07537468720846115,0.3417251143568256,0.9548832455482806,0.8271045088314162,0.9993711000337469,0.5152182797662953,0.8373848089898058,0.4131077565992097,0.05384344690148375,0.09504560974284063,0.034175784380520324,0.02033665269357888,0.7281149953591011,0.6601004280215941,0.10286750373283696,0.16610104631999242,0.34627514532041176,0.06990720963567883,0.41056505868178345,0.16480323992245421,0.9561347470235129
-0.2086254933287462,0.945241056232294,0.9547092367739145,0.8029434132119844,0.16181502890948266,0.6773899407341197,0.8815814124393118,0.20531130407360107,0.887473585871124,0.9603815845621,0.9102072906175521,0.09364686490430425,0.4605634777899427,0.7551157599931989,0.8386466678050231,0.7587114068309475,0.18130908360098263,0.5330207148918188,0.16629950449142755,0.008497487465222586,0.004695559995433751,0.5961345640091391,0.03338300763551073,0.6200621565613211,0.06003386202252908,0.8022320855185836,0.09144916225708821,0.44741572867471785,0.7785436765305424,0.388871458758296,0.03146085262270222,0.0034416896978914664
0.6385164645333421,0.9504503125804448,0.6810932133711416,0.8796791787708724,0.09159078719897203,0.7107538056361301,0.9227640117049658,0.23888185995786032,0.956143354097674,0.8638284128876316,0.911939019130293,0.08893609046251187,0.49364220232434236,0.9927010947610978,0.856245416934593,0.8100256932736078,0.02073901598685829,0.8779200735273891,0.2169084549205066,0.000950832188670557,0.005353307665053785,0.013495216483210615,0.017751297852271114,0.6044835457129589,0.9368350263848524,0.015544328460358529,0.15338668783570222,0.44506852544938613,0.8692905891357584,0.7108649075357569,0.20078799201593997,0.009439316232688755
-0.20308743351735498,0.9567422432160558,0.8551091042169372,0.7127000005985036,0.07513578534162654,0.674592483678051,0.9189926609935127,0.22238225909450224,0.9402154634877168,0.9736770195339545,0.9151726278777459,0.09534655960409799,0.3331471565725368,0.9525521785110287,0.8044331208391701,0.7866149378412546,0.09486028162398902,0.4082836407147286,0.41626375951241945,0.019139875293535644,0.05154121878263734,0.5146773174834823,0.03934297090027833,0.8140356139919674,0.011218481124917079,0.019803058010993482,0.04904625421165602,0.1668653216805153,0.8212555534537014,0.493784228375427,0.9429744455238095,0.016138478828402164
0.3704038688304032,0.8816705994515563,0.8141024758656978,0.9572724017919098,0.09764607618067547,0.6647765056905734,0.9169846344292835,0.21019906974881983,0.9276566140522616,0.9652724504931252,0.8803619007569715,0.12127804087199678,0.5221038522691291,0.9673656500488493,0.8460536602570652,0.9998458320213148,0.6963397699057504,0.6096475322788779,0.015082035635782753,0.038541452999291695,0.00753976132451158,0.007610978319182338,0.20105404021323559,0.7351715630174848,0.08515348269076028,0.003120487254767157,0.0060139776189036456,0.41058877982421277,0.8185036916872668,0.9929911385239725,0.025002526531636537,0.0010687073370349454
0.5038508720595071,0.9789233388235226,0.8960464763133771,0.758196312453175,0.16067669932212916,0.8419068214856872,0.9189595677370683,0.21080244704073767,0.6154065830753565,0.9607709867109883,0.8774636213719714,0.7772267228834966,0.5106606749453222,0.9100639847950933,0.8391906860274256,0.9772330337086532,0.6422694868618928,0.01187073043038428,0.010786726021944477,0.0673547838361779,0.5212105235208084,0.5867469150416236,0.01214874027175118,0.5914064896919355,0.053665319788657385,0.020511615655330512,0.14471793638217997,0.3941612407981869,0.9810294256816822,0.02084803650163733,0.8935925621126579,0.03250337553992649
-0.1879206182834967,0.4773078631070873,0.8341031148758647,0.8687412496988223,0.16481607584383862,0.6594744704744654,0.923218354403454,0.20660080437899012,0.8924973578563458,0.9724935420163191,0.9128058161743499,0.0938269819132167,0.2911569894085135,0.7310077799071518,0.6855309561184004,0.7659663747239407,0.5784912124366147,0.4841085261193051,0.2642693426561187,0.0035949148434217,0.05316307231011774,0.15733614789207007,0.0058557149025694755,0.6146995748934384,0.12444528851087533,0.03997562104373176,0.04805038642594746,0.44572618608288006,0.8125959639005678,0.12088990385418075,0.22152847599513087,0.0029315937983405505
-0.032131570078884564,0.4076340791899832,0.8341850331756782,0.6710903161870775,0.14327014952032316,0.6785731089540541,0.9233998417563344,0.20670541276893292,0.887473585871124,0.9728760833386373,0.9100562822790731,0.09408429244228382,0.28462990165520324,0.5405326205376892,0.808491537499283,0.7659663747239407,0.19353873184296677,0.528274779883884,0.17574865642216284,0.023686640166456403,0.003949194106572748,0.5853394546186433,0.028552966086339542,0.623518488647114,0.0934349680371703,0.007193171186282807,0.04292269556198948,0.4374434016882671,0.6354783481588474,0.3879720948327413,0.04077551206997912,0.01302636385219767
-0.20517498400479908,0.4757063097896518,0.8233990838472949,0.8029434132119844,0.1649890662667868,0.7225877202681396,0.918733985097198,0.20659789256944294,0.9039790452555097,0.44179532209622885,0.9103980578851149,0.09285919673591345,0.5314897998245497,0.7636498944938652,0.6545189226670455,0.9965684328968151,0.18145132721077228,0.5417336537763632,0.010227599726307532,0.009603492891418682,0.005006768992953827,0.5489297621930447,0.022964149370952702,0.6191644998215762,0.09375460179095957,0.31644533374887973,0.17301003461198064,0.44706815860423066,0.7780472747455094,0.3875594253315335,0.03627587007984179,0.003143732786719548
0.5863262008638968,0.9481757677292851,0.8742368020500637,0.9635016906076824,0.18921544068205137,0.9566732090115959,0.9291899017648186,0.2994227787516175,0.23376548789672374,0.9249067293190666,0.8867237916787946,0.10568221849940994,0.5124368838903691,0.9867384062521734,0.8394495416431715,0.9745658301518005,0.8845906761734005,0.4535336757484134,0.6625209888238299,0.9156149657127813,0.3721937502460765,0.9889669793715565,0.036665418638188084,0.8115343836309415,0.7717925799086359,0.9428012222367906,0.08441226731280373,0.5954285528220157,0.8429193779909507,0.5739564772440712,0.8880576162545557,0.03870106952800012
0.525162130327653,0.9534526179139221,0.8840169159845619,0.9943775370202494,-0.050179359795430534,0.9854048122320491,0.9254781312598687,0.43409604694302384,0.5989053318044596,0.9645729115851561,0.8872693829790439,0.9669788739037196,0.526488893793528,0.9709527546883975,0.8879489853250502,0.9897784539515362,0.8337605570222413,0.7056184278045697,0.9179378047251825,0.1275628965133097,0.03377317962018311,0.5036248921978825,0.004268605774382237,0.7441252469382484,0.8352295820733503,0.009823815861485896,0.16337225189045412,0.4286941839164897,0.09615090440404739,0.41208772079894385,0.971669675573548,0.019954109548573844
-0.2365738242751026,0.4757063097896518,0.824346612223686,0.7436113043053866,0.14287274815238474,0.6796937870864043,0.9362723126730776,0.20421878615194494,0.887473585871124,0.9549632063168467,0.9092035839239304,0.09317088401279613,0.3481987534918494,0.8229207142237817,0.6715417433610726,0.7659663747239407,0.17291618086004223,0.9079266646413737,0.12522523763849341,0.023686640166456403,0.005006768992953827,0.5704282725693613,0.04183329777656954,0.5872355434109451,0.0934349680371703,0.4267174145678819,0.2623465839901716,0.28832213862351463,0.8881011793298728,0.14907961389267277,0.970573907960978,0.010785975400199061
-0.050526729011439536,0.4639697300392745,0.8391528317202259,0.9866811841750657,0.09772070389779629,0.9911409960471071,0.8794775016367881,0.2189989227375039,0.9137662067126201,0.6344015732404542,0.9108661824047551,0.08784004727972362,0.3909238931420923,0.8537333056866808,0.8616081417883749,0.8743861047280301,0.1252946623276334,0.3819194950997253,0.07452640496129884,0.05328846642110718,0.056200017553710936,0.023859427219919294,0.13589427995590192,0.7199434384490675,0.9362634341508932,0.06001837167504048,0.09771426161643082,0.35157031412081985,0.7698521951321871,0.9545961017859197,0.33363467908849925,0.002282081841386857
0.46648192393703963,0.4825502799512526,0.8141194798008334,0.872606462471938,0.10848993848774717,0.9890590912377434,0.9444176988611833,0.2087673404885102,0.9948566441656133,0.9637086648144003,0.880920943357995,0.09541483181841921,0.33311260831889555,0.8822838787225638,0.8699001952509298,0.9848889409424496,0.7119750647486209,0.8855577544804825,0.005990836923766674,0.027301628939903035,0.2113289809352266,0.014703860516983858,0.008052767991882238,0.7898064444444013,0.0840774477094613,0.002326896138303773,0.0027574366304239095,0.6165103736246702,0.9739088869576603,0.3710616370697146,0.8742693511921528,0.012176014316832285
-0.28736661220652227,0.4922891525595798,-0.5499877763178318,0.38433962677706157,0.13569495213957164,0.5874575235302727,0.8688669477099753,0.23088229278010897,0.8902823733684513,0.5080773170006988,0.8955435662208465,0.09317635713080799,0.3351727454645133,0.8517183732405167,0.8139723130856934,0.7617179214223504,0.06571043212019148,0.42891127757813363,0.009715718649203245,1.3171961350626898e-05,0.05105113284017754,0.5381213987318975,0.13666594619782857,0.6239109668240502,0.01350002452243615,0.09710457345290863,0.03677074736726962,0.2173219412075012,0.7723940308626991,0.014868846089099996,0.04290676325551107,0.01538339944083346
-0.24737134811685318,0.9628167032635768,0.8158549565580165,0.9259173793241617,0.07894454604114579,0.6777389379663593,0.9168184641867015,0.2142405126716578,0.9428256010008497,0.9642311845688233,0.8795442637344324,0.09971569838205606,0.3778747970826849,0.9475216062553679,0.8389540290036575,0.7661869118230168,0.6353532172089804,0.4150280024341001,0.18034257250107966,0.05205243254701307,0.13244970896205963,0.02218730893654991,0.04376174624961095,0.8296810575251211,0.09954715384870233,0.02200107942070135,0.06534150551613693,0.15794375761477267,0.7960227710211429,0.37815437287923126,0.8528382268344077,0.00207264253769967
0.45194246934542637,0.9868115404621346,0.6216241309498116,0.9535253671518487,0.1531339874067455,0.6728449455324045,0.9108732176172897,0.20820582385500594,0.9182843634024666,0.9382344154111125,0.8965256700736375,0.08924650034073861,0.4826169043551912,0.9905467548189894,0.8587141736247447,0.7386430618598375,0.2576323876703511,0.893823191148035,0.0029862714117424582,0.008434509401167741,0.022913123437538794,0.07540617145664202,0.014554572392378007,0.8449114372283686,0.06699090682284936,0.03482821560544326,0.0042891565937350565,0.2438140185363174,0.04646561202577243,0.012341309898548758,0.6895725711961351,0.019616213953869754
-0.5115998977607392,0.5405922754991505,0.9508645552486328,0.9820893365057527,0.06054090125696489,0.6783664745768843,0.9240646020643337,0.22385506147711232,0.900661971078985,0.9058953856140147,0.9138411472702527,0.06295611191000428,0.4821303378231776,0.9711716356835617,0.8713325468302673,0.9715945718894178,0.6730565545975007,0.38667454692002035,0.02029536150890554,0.06267988008211738,0.9136354196603582,0.5753649700191603,0.5706193869421484,0.05313268584201125,0.5804414130020924,0.03259295746368775,0.14519043480222288,0.01125816322297428,0.8528481407139253,0.44206748571786264,0.13922804762036933,0.8839798425806592
-0.15238737925032603,0.4164080970024473,0.8474021123491142,0.7112978925765404,0.0880412898453985,0.8222726172329082,0.8876778987288024,0.21625437451325924,0.940334108736789,0.9141327830108126,0.8810641380868344,0.10410346768223133,0.28619057386251306,0.8247006108991934,0.8015189606667444,0.7730658241378373,0.6723358900065279,0.43174000276450974,0.008226134871572477,0.0419107135332917,0.03585347367420042,0.5879191529120047,0.015086388744509821,0.8648436774595675,0.7501052137389365,0.105092118156925,0.0810958131426541,0.17596432666977657,0.7445995018270228,0.08815678601330942,0.9355893150569898,0.01841866928518376
-0.20740831798253723,0.47692298537398087,0.9943006382830536,0.7470119071669492,0.1568048162671743,0.8313691688023113,0.924567061792654,0.2073527335245221,0.8840478966764211,0.47165608332389164,0.9087016684674861,0.09414095067907113,0.40303335599892776,0.7394591425951996,0.7910041106326325,0.8175210332005811,0.02580148931028345,0.4801434528436537,0.14930065864682038,8.899494615324105e-06,0.028342096835702272,0.036940482750207115,0.03823768621251089,0.6197450490074122,0.13428567693166615,0.10417844700057327,0.10135069589184265,0.45866252647013006,0.8204788809500726,0.07030373176930887,0.9266681815714037,0.002322607863856941
-0.004492230448296566,0.47723348829257234,0.8275766957255946,0.6660964377596158,0.16157792759580378,0.7701790848897362,0.876075415403108,0.20606113616739558,0.8948136748936321,0.9477150389485971,0.9128703815239365,0.08527818870346292,0.37726581364878603,0.9124625740489732,0.6781172350071258,0.7632244245446695,0.4428713516338697,0.4488934403086226,0.15743189850431544,0.010635557210749456,0.0526124647318452,0.25695865861602396,0.0457912224185775,0.7936506553829435,0.6969428240484346,0.06578652772210662,0.05480849949304722,0.36864543891205537,0.12588709300765233,0.38319100082738405,0.06215284823297412,0.002250447894906308
0.49946632618993125,0.46080722861833645,-0.4779861538688969,0.7279605351634314,0.14521260578415304,0.9323782574353239,0.9241113067364821,0.20486523313102292,0.9498037339684668,0.9752140152017706,0.9097260818951332,0.10644422951977389,0.4648053504098273,0.9738823950241832,0.7519981897001561,0.7831826898247866,0.005989219501331624,0.4200004790197025,0.03560856898159373,0.057826710306461616,0.015117335275568442,0.5646028384149293,0.02904594728378411,0.5265800082922882,0.02817643066068043,0.11656125044580537,0.06737381691751701,0.314779448897574,0.7908943417824903,0.014593320609612381,0.8816940111645711,0.012491341388281426
-0.6305605135805322,0.3794546913773023,-0.7562792950674571,0.3739094323586386,0.16123462137516723,0.8308961859451509,0.9229599540970872,0.2237630519427175,0.8997228344058339,0.8538990083278725,0.8965256700736375,0.08924650034073861,0.38404188055618993,0.9624023384984716,0.842534527245035,0.7847751900613187,0.047966429097133674,0.9271230915525139,0.01040907415079859,0.0072478673146637905,0.00680686096479704,0.10248934932728815,0.00394111028260263,0.8228110105376356,0.1747800809519947,0.03451738968608149,0.03541265323365426,0.3462013143886574,0.0033895420988482496,0.026540720068680662,0.8158392294773698,0.014282479079203658
-0.6764391467606928,0.5487793078997267,0.898726296280914,0.7281060826021745,-0.00531552878886643,0.700538076899144,0.8827137387876287,0.151276142814889,0.4169223203311893,0.9044193970096582,0.9137185069159547,0.06333675574311676,0.48568705369047155,0.985213214223764,0.864511010365711,0.9025439036610722,0.1424091586917598,0.4164552989947508,0.08411102364775125,0.05842044269279599,0.005624719716356622,0.486125428483396,0.04966177971728915,0.019205387999814506,0.04167273277367495,0.7410639143453451,0.01477152251971231,0.009873524587417193,0.8560510925968452,0.003279407342445873,0.20343342821232008,0.9469633387871037
0.5783911999405794,0.9308390880332874,-0.7562792950674571,0.5618131956045197,0.16123462137516723,0.5796540264144203,0.9233919020836631,0.22547801739893533,0.8986976277626214,0.9049046594064553,0.8898142793168359,0.08924650034073861,0.38404188055618993,0.8711450541888173,0.8571894469446052,0.7847751900613187,0.04735989371861794,0.4786253475095449,0.010138727880664666,0.005301556687431198,0.06767439024343297,0.09548549404153084,0.00394111028260263,0.8301742695284927,0.9489274783929381,0.020256535376042807,0.03545570125293913,0.3539714289184581,0.0033895420988482496,0.14965293985632244,0.6909272211871287,0.0013943565217813328
-0.3885658861637575,0.46015770510257903,0.5646926545227157,0.963910903768856,0.0791938349519211,0.70314253741855,0.925620976643622,0.2238700147099721,0.9195562354541921,0.49657179197996326,0.9045075762919857,0.08886514904432678,0.2865519602509106,0.8801964071000756,0.8247984847921559,0.7182570097233186,0.638556433473555,0.7831298327669195,0.0352835691151861,0.001740964565121579,0.010136825210793877,0.5859841060774371,0.016360158086922996,0.609745381031766,0.007115386952565583,0.019046355874377034,0.003941021552162815,0.1668455716924033,0.8679463313885922,0.023709836533511087,0.817253919503011,0.018561997014370644
-0.588931661711742,0.5396485409220837,0.9050651349413268,0.611308753013283,0.15619960085327192,0.6574593235398141,0.8828479873904022,0.15926365210849425,0.20349942647829836,0.14950556298305967,0.8117347925894582,0.06333675574311676,0.2948215992257114,0.8722979769859576,0.8198660247000475,0.7811218167685192,0.02531422348601814,0.37117100642823236,0.017325420441340278,0.007989983123745194,0.18052401105234325,0.5745489960517947,0.09015420835191636,0.02722141052299093,0.00887427332233779,0.0007027340434738877,0.014960060730583851,0.0026225553364262466,0.017733537326790467,0.009761638816503639,0.22955736412229294,0.8754989261512722
0.07915150159856613,0.9382631799923284,-0.8328687112583453,0.739032509057729,0.10659894533883002,0.9701404803380602,0.907456407256331,0.2324793666694699,0.9340842369068465,0.9227993414438282,0.9191691787789812,0.10375780326502637,0.3766023571900827,0.9842006945298788,0.8571681484045472,0.9968272664594497,0.6089479188911482,0.74908374901192,0.01993041802773432,0.006862644512194786,0.3683402900529956,0.9621996874853139,0.010467037688521984,0.6002387098347838,0.9260427771697851,0.004120956445947854,0.022220864096382367,0.269629397874309,0.23467942108311823,0.017306408240923048,0.8938220036479463,0.5942120747682593
0.5433243937973423,0.9546045568918087,0.852292533469441,0.9507817677136059,0.13885639387318707,0.893513279202523,0.9266063272896367,0.20531813544432045,0.882548892964337,0.9486793269600551,0.907507552092963,0.10359260669095331,0.2946464402926889,0.8617847562240668,0.7714388768477064,0.749210585733782,0.4400440231038426,0.5804175585962801,0.48557072787240885,0.032981723076709935,0.02741895403162809,0.17760900971796317,0.8875176347855868,0.8462957713540986,0.767357055428462,0.006547473870143705,0.13883109621049236,0.4091557723357735,0.0698451003448421,0.8760064589718959,0.8955063712290171,0.01464868720879501
0.06780259554478729,0.47901958909954895,0.8590383024531691,0.9863881155579457,0.1615842586242932,0.9153249343919422,0.920871810793153,0.21825394291290812,0.9154750429311139,0.5986547893349289,0.910846972981915,0.10756382326953176,0.3353650353564556,0.9849282071405865,0.765397580785194,0.9960104835828072,0.4837182150826344,0.6598359898553194,0.022143618273440663,0.0303512749588163,0.06905936757471126,0.10871381674202402,0.02392970797059185,0.6196029255270757,0.9346862142969502,0.4507038690439195,0.05140067894005145,0.4745994457185376,0.9807679532642071,0.03593557772037698,0.8639695231406445,0.01609404328439784
-0.205090985835064,0.49239322250190504,-0.5499877763178318,0.38433962677706157,0.13569495213957164,0.5874575235302727,0.8688669477099753,0.20623935723755094,0.8902823733684513,0.5080773170006988,0.8955435662208465,0.09317635713080799,0.3351727454645133,0.8517183732405167,0.807222990256991,0.7617179214223504,0.06571043212019148,0.42891127757813363,0.009715718649203245,1.3171961350626898e-05,0.027782336872796354,0.10795714962678929,0.03039033317870321,0.6239109668240502,0.01350002452243615,0.09710457345290863,0.03677074736726962,0.2173219412075012,0.7357697733867253,0.014868846089099996,0.10465701253933163,0.01534975040753326
-0.24601448741290033,0.4580227027008288,0.7682724608444772,0.7499157249601004,0.07528654301612744,0.6895134591107359,0.8001736739881266,0.22461530805607324,0.9428293713631349,0.6043822841748607,0.8951954470349328,0.10762996013205844,0.4935348165699184,0.9823962038493008,0.8115966505198806,0.976838226817918,0.4945422992370023,0.7165181054426982,0.014506321939516453,0.06080719077465139,0.1335219643075415,0.5663697454009042,0.04531439899131805,0.7677136358223552,0.7825813209248296,0.4301495814347189,0.005688281026995812,0.1575195102521933,0.7374549382263864,0.060980400403844115,0.8488655579806381,0.019097173685902507
0.07915150159856613,0.945690304293491,0.8927182960611966,0.739032509057729,0.22420181540325754,0.9760183844470676,0.907456407256331,0.23410250993132348,0.9418295022564057,0.9229617837788456,0.9894300790296999,0.10375780326502637,0.4963707707314312,0.9892183943290442,0.8571681484045472,0.97975804118935,0.6089479188911482,0.7498793729677162,0.01993041802773432,0.012381062431534584,0.3683402900529956,0.5724639572079786,0.010467037688521984,0.7201750822150529,0.9187491041444718,0.06624075952977543,0.022220864096382367,0.27553181054958736,0.23467942108311823,0.06698482600134233,0.9156555978635672,0.570572648249367
-0.21078301184191117,0.9830697579829515,-0.7562792950674571,0.7659028270576484,0.16123462137516723,0.9227597025644944,0.9229824340629363,0.22531618906187711,0.889875333774465,0.8663899166054447,0.8966167826238723,0.0942013395562637,0.3186864974662972,0.9940994546886668,0.7949372449718337,0.7847751900613187,0.08372516340703823,0.6123509607833018,0.010138727880664666,0.010284849468739643,0.012522278483763714,0.47571014816532814,0.08101803242926231,0.8406724541230326,0.6761934035968763,0.034530871483567295,0.09181426242534413,0.3712114385505578,0.0033895420988482496,0.13968166389045034,0.6860585830794803,0.015304849903670606
0.4964073985999271,0.968231765267767,0.934595612028854,0.3739094323586386,0.15655182547338317,0.6684390007540622,0.9108732176172897,0.20820582385500594,0.8938499395166286,0.9403220079584981,0.8965256700736375,0.08924650034073861,0.5102504544841258,0.990542453890771,0.8587141736247447,0.9913129768306327,0.44659844139106414,0.9092067381526392,0.02048531536682885,0.007990041323199294,0.028080243532716653,0.10248934932728815,0.01650646951894,0.8475531623857142,0.9724127515613118,0.034530871483567295,0.03541265323365426,0.3711235647918615,0.0013886560228870831,0.15073659659416078,0.6773801165915893,0.048127152710253696
0.5926077393232774,0.9917698906287751,0.9546296727994557,0.9740153924766408,0.1406280135612141,0.6753853724823716,0.9065395477863228,0.20498423123874682,0.9307572298633623,0.6209466114516633,0.9407860889493445,0.10793913041492269,0.3346422675522528,0.9924931357334508,0.8636909228544752,0.8045409902181136,0.0009512337882239819,0.770090714461299,0.5549903360158608,0.025306579048271678,0.026002657511504296,0.05446572887600579,0.003302885710035394,0.8592260184031699,0.11518297224794044,0.09367614948203844,0.04881201029457411,0.40832014263749267,0.7798716709291036,0.9653092767493006,0.9605435527489901,0.018951607368941838
-0.032131570078884564,0.47974547872178497,0.8341850331756782,0.7122560660954885,0.14327014952032316,0.6793506467828943,0.9233998417563344,0.2072912562177602,0.9123443177690406,0.9728760833386373,0.9100562822790731,0.09408429244228382,0.28462990165520324,0.5405326205376892,0.8090231915296047,0.7677891865391191,0.35517537204950644,0.5288917925876079,0.17574865642216284,0.023686640166456403,0.003949194106572748,0.6951219483808821,0.028552966086339542,0.623518488647114,0.0934349680371703,0.007193171186282807,0.04303649052422259,0.4374434016882671,0.6354783481588474,0.3879720948327413,0.04077551206997912,0.01302636385219767
0.5735825894842321,0.9498948439023126,0.7068700096581675,0.9621795154708432,0.14048505034949926,0.988785880548914,0.9150596901288695,0.20683740768400213,0.9098330256310929,0.973144889915576,0.9157613941570991,0.9442065101856401,0.37350927494352903,0.7941680182738174,0.8634499187613178,0.9956095160484034,0.07992460861661438,0.9896758383775421,0.015466402557794856,0.06839253119373895,0.06298074665660303,0.025552440904187644,0.0262811631680141,0.7438352916011397,0.8060725088912305,0.06590273709191569,0.09101867089990356,0.35850771290281414,0.7343441733571792,0.7194433939065792,0.9344923281677904,0.01741996198974316
0.5679720117211154,0.9503256224577576,0.752138762760244,0.9602192547872976,0.12136616946107523,0.9853144492057008,0.909619135971545,0.2212074522936725,0.8955050851268932,0.7804664048620202,0.9144045139398849,0.08703705481729526,0.2664028493229206,0.8814138058751417,0.8794428617733323,0.9682505917513994,0.5391141680183857,0.8553339697505177,0.031927719787141484,0.011148473183877385,0.05258367034726068,0.10653500559174657,0.03155557941162969,0.8521100109186464,0.9382354425479331,0.0869090913574781,0.2323727261944643,0.44320429884151186,0.08925268634881839,0.8717008899903556,0.9075954888012128,0.014171106391252629
0.552050997883391,0.4863024800215846,0.9629047187056131,0.7628753056152782,0.14680409613681783,0.707817720275279,0.9194634575130846,0.21002686326294023,0.8937048064906379,0.9218345925414898,0.9054130082793602,0.10592253654305002,0.3727882843235667,0.9735628845373766,0.8588509394492381,0.8379646776627752,0.495592256490448,0.8820680115093411,0.16404301785936054,0.005596762061155891,0.046709677696556304,0.5655550980533045,0.013715979355210017,0.8097149837931523,0.0862647044842279,0.10747147431128386,0.07223935871562139,0.5883213599577495,0.06414630550455769,0.9905097011555256,0.33800181929506073,0.04987600357318965
-0.2060616300396647,0.545276286885133,0.8473727255350431,0.7490981490665487,0.16589048343494603,0.8663914705216972,0.8855473277715531,0.19027168370198094,0.9161277757024837,0.5245222110984871,0.9035656164600024,0.09377073785975593,0.25858615948510466,0.7310077799071518,0.7787133103170181,0.7729081604585221,0.013540865230980553,0.32206396707341844,0.4855039836925509,0.0585004092882349,0.03378472686523172,0.8996050661784846,0.050502155091598604,0.6200621565613211,0.008719644617799116,0.02716688973976285,0.1405020770858733,0.4435501107711346,0.811291516985026,0.37636615855600253,0.18626458800264636,0.014492838384904868
-0.20540082822474393,0.49206826862291025,0.7678695794272242,0.8730617931448567,0.16160028305768503,0.6763994683676786,0.9108446261978412,0.20318846317415434,0.8899311374747781,0.4907410108973592,0.9102791942252871,0.10454653612213782,0.30149948169070684,0.7310077799071518,0.6058758753160464,0.727120942294679,0.8408151417506693,0.41138032578724737,0.011049329916767853,0.0006371492273532751,0.0039832427482673766,0.5919916528126756,0.0217907829089242,0.8691438189370002,0.967653841119625,0.07305176710155845,0.057976672729640445,0.31049256855447965,0.10875984244648365,0.4588794067850594,0.23013135586059813,0.0037611053245517334
0.401030595021012,0.9444986085670328,0.8538186102581201,0.759881032591802,0.16791751394654766,0.7694713512387835,0.9191329278641759,0.206992644102528,0.9217584901132493,0.9368136296890505,0.9142128256838267,0.10090783608102412,0.27714694295498943,0.8396623702361821,0.8813807959482542,0.9911867650589293,0.24588563678729475,0.8240228662186238,0.1375634130289453,0.011274634584557026,0.13599190326489438,0.5784741780415514,0.042218058504177314,0.8480204433594083,0.18432878924976154,0.026862112077300965,0.06802259676795981,0.6042959191726112,0.03808084379012083,0.44240624120210126,0.8456072556754993,0.00239503821774805
-0.286099434781993,0.8945560981609973,0.8864514961609616,0.8711037595267297,0.1450924350829389,0.944371445721343,0.9189040435093825,0.20499095267548337,0.9112306585217647,0.5178276638150019,0.904548091169819,0.0987642983494888,0.46675493597617085,0.9945346255368795,0.862178364772772,0.7794258696294452,0.01980789986893272,0.41454789395337716,0.0067644875266241605,0.02301394127343505,0.035667464118033856,0.816151842601527,0.021667424939339153,0.5960841528444214,0.9249008934754672,0.02715452724673506,0.028434785790714068,0.4250878662268496,0.02212972795523853,0.03871357995948782,0.8973661507747535,0.06370611831317238
-0.10224981027313218,0.4844526054563243,0.8775629385281575,0.7547715508413377,0.050362505805016805,0.9748251873784801,0.9513369016253026,0.24758479971115177,0.9121206217609215,0.556832541926125,0.9165862560558117,0.9623861640424872,0.48405796275146784,0.9747755889016493,0.7931183870708897,0.9744487555047117,0.4972232494287069,0.6405288674528402,0.009522559918807239,0.052020158651877146,0.059794901953135665,0.6275409904464757,0.0214580756576222,0.5974692160839996,0.9532173639965601,0.11181732550436775,0.040728358133509085,0.15157868754695678,0.8059273448096437,0.06492234868040248,0.8363634731020801,0.5369356540889585
-0.20819683475429224,0.4134016828354514,0.7950777803840455,0.7633470856708956,0.16990879826739566,0.7196393458576038,0.9237512487387556,0.22462963697796595,0.9251581092243492,0.9229214103916458,0.9149428500344146,0.12494510971667559,0.6100561500564581,0.9710730731823544,0.8642950814642401,0.962701479972288,0.6094117432174225,0.5883331027171423,0.012300365591127085,0.05584313149470558,0.004862636155278637,0.0056442641898996615,0.019905917997106067,0.8444736725369405,0.9147061906218483,0.004369942293407575,0.030081553523243203,0.16299166895936326,0.6404808544389193,0.04164335696515998,0.9198041038327235,0.020612161007390297
-0.588931661711742,0.9609722608189557,0.6072884933002876,0.9558654876448239,0.15643192085390958,0.6422810171124325,0.8975166800318423,0.2081853383817342,0.25766280569478034,0.9726378429486551,0.9000232492430252,0.10742199815595002,0.4005323079707761,0.998607714381659,0.857897974700327,0.9953692776178934,0.637172027879769,0.7196119740590227,0.5338637757175023,0.05790797318458895,0.0414032410509871,0.5400985349906119,0.019932651135025056,0.012309893856613852,0.025234844704727127,0.035233205279043694,0.020570623359163327,0.0023011983466316444,0.9771882591748862,0.043759536022786094,0.8153036296242344,0.9653911227154088
0.5871758833562024,0.42480116670256945,0.8212083617026014,0.7825737996307831,0.15919684107448737,0.710920713625955,0.921577501147551,0.20868463104389087,0.88453316778431,0.8693092728842454,0.8870146407915426,0.09919138736610708,0.37566227257479434,0.7399637223882556,0.7050931804079613,0.9536646508622482,0.4430145397723036,0.48932229094175694,0.022223048708204907,0.003927272425685611,0.06069441539485512,0.5547249474966286,0.03297907038821661,0.6246385693156719,0.08490326477296406,0.037703903204945856,0.09383932925095369,0.4410059973172449,0.8112644051306541,0.38623789621435933,0.022028488036187732,0.0018357072095170177
0.14976449688932314,0.4591178128373354,0.8347841483683441,0.6217920321324082,0.16520463650888575,0.9116714129475763,0.9239698637401339,0.20883012289571634,0.914454376778908,0.8802700340700071,0.9152319288107584,0.10496582652901587,0.3793759017079426,0.9541497475016372,0.8264575405161997,0.9993711000337469,0.5122110424001054,0.6009222592896313,0.07787181176877248,0.010565343120755862,0.0557086398029031,0.0158532782439465,0.03115348521019721,0.8132477056988505,0.6297381394741979,0.1222507239047153,0.1640354187361995,0.34627514532041176,0.007934589484825718,0.9172808720725408,0.04512175720120981,0.01701813069438208
-0.20521094072450657,0.9455472800533021,0.821149484850126,0.8029434132119844,0.15964855570132205,0.617299679811505,0.9270076423682316,0.20593810908052168,0.8870654635473615,0.4682518699028175,0.9102915426651483,0.0898833667606263,0.3295471745650702,0.9958227435607381,0.7762041753986685,0.8840921633092713,0.25957899117458355,0.8830491254293102,0.17737757848629213,0.012471246430720312,0.061670411968749554,0.6125254492430813,0.005102145603275399,0.6051580122294298,0.08893358183679223,0.003949052018177905,0.11314478178757698,0.4384123590111801,0.7874629735769341,0.4712926543440969,0.9912569540986105,0.0037336967996135177
-0.613461782303867,0.3715275866510013,0.8843386616009028,0.7506563114978322,0.16249303731490303,0.7257980209513988,0.9233169203070615,0.23177232760927302,0.5722885635762687,0.9119021359396254,0.8927809118762409,0.9159988145111589,0.5623174373652338,0.99248062160219,0.7867373137962593,0.9762111681919974,0.0024335005179322022,0.7717087920690572,0.01706604819433616,0.004502629174392373,0.007373636035455437,0.5461472028477087,0.0044177632947278705,0.5772071483920377,0.9195110510172815,0.05182507499222069,0.0625928223339805,0.611552317926933,0.09909789491444282,0.06230783344557858,0.8155221466696817,0.05711230259491144
-0.20308743351735498,0.9567422432160558,0.8551091042169372,0.7127000005985036,0.07513578534162654,0.674592483678051,0.9191171228810714,0.22238225909450224,0.9388752278212303,0.975162283539017,0.9151726278777459,0.09534655960409799,0.3331471565725368,0.9525521785110287,0.8044331208391701,0.7866149378412546,0.09486028162398902,0.4082836407147286,0.15242585012629473,0.019139875293535644,0.05154121878263734,0.5146773174834823,0.03934297090027833,0.8317114548739633,0.011218481124917079,0.02014889062876767,0.04904625421165602,0.1668653216805153,0.8212555534537014,0.493784228375427,0.9429744455238095,0.01628158539633876
-0.08648503933785598,0.5156599722162707,0.8824923922693846,0.7691191342848901,0.08142464173842909,0.9494977092548644,0.8842837367565872,0.20532251063704848,0.9638570746339409,0.6666964395719198,0.9171518260784342,0.10505478476959514,0.3341491066458519,0.8607340958151624,0.8080770450058208,0.7959012720680958,0.422332143736458,0.4456457944700159,0.07212474223950663,0.061292151303129046,0.05256360924349202,0.5969538983164359,0.0508830779469761,0.8706236301070458,0.11148592633840088,0.019020668950534725,0.08978985303147126,0.17481762169604334,0.0019460279096778065,0.9836456175293876,0.6894929698820232,0.015533714963005905
0.10735869436226905,0.9994829690523701,0.8007769247069132,0.845688740789461,0.08098491429722506,0.9700974964924453,0.9253091141405789,0.997043277527161,0.6149868074638226,0.9518974655300572,0.9381650165790221,0.9352489788724296,0.2598043186646426,0.48323648288597343,-0.6296349663561838,0.7446976705203636,0.015562255629133465,0.7448066114198483,0.5431649920262368,0.06459483143729543,0.014028940387697725,0.1419593039626226,0.022280635173395846,0.411005332370671,0.6073368845908437,0.023948099540557367,0.011949679250586487,0.8685754648051963,0.03614457284368827,0.03415031843304958,0.26720107726391057,0.01458535273430453
0.09975353834449704,0.4796080197706149,0.8562641930608071,0.25686347134403803,0.1189632245429751,0.7086311971069598,0.9432067266084229,0.20771039762509785,0.9294473161775807,0.5723956666819541,0.9136281437712499,0.09947262015885555,0.38669642574013124,0.7389044009089611,0.8073338452023154,0.8174294960533333,0.6050085652002388,0.4440914445769795,0.5038862199782447,0.030726210762610232,0.06382262328334562,0.06026057330273488,0.004650286166925784,0.6515548728608179,0.6399899148347306,0.06386205693526271,0.054685190979543,0.299349532569079,0.13083134992862616,0.735834445934467,0.7968934892344558,0.018976251584785185
-0.2932206752852092,0.4832952936559974,0.8213668120723727,0.7318660264623232,0.11164677893034071,0.712989332414849,0.9861518752819431,0.9914314280058928,0.5677978591646939,0.8802323579892157,0.8548608599686245,0.9659230540311861,0.5219318333060667,0.8376554807777302,0.934416328763805,0.9765800436023703,0.7530235906472037,0.6458722031777058,0.04808848478098697,0.03946455322678217,0.0018724428888615696,0.09936119292454451,0.04006585587904431,0.8330667825429452,0.0662437792877229,0.09575688965794737,0.0734225453066362,0.2422612833750499,0.04842733899705301,0.01282828959653487,0.5328043319194131,0.05344174984504388
0.12041114679193068,0.37308333667192284,0.8367321954220532,0.9950213785091274,0.11674779333724933,0.9829626822901414,0.8833563522777265,0.9894575908557623,0.20349942647829836,0.9044193970096582,0.9136445638175851,0.8957593398615435,0.4841572275572922,0.9893945080979136,0.7873268393988464,0.9897912053896372,0.7530294395494546,0.41601731459779884,0.0480769865283954,0.012958026497235778,0.5030469048055591,0.6073548188592099,0.02347667183216182,0.03278380711875911,0.7824819264975242,0.052760379820531944,0.0814758208831872,0.3532000861767102,0.02150238880162908,0.12231257783285847,0.9005805160395515,9.355046398301647e-05
0.06348829893453571,0.9937159557403116,-0.7627262451271845,0.9395836590799939,0.15974435510050486,0.6713787564423868,0.920339329159549,0.21273892881496895,0.9333876698553272,0.9324872031990288,0.9110635823577177,0.11354326777005858,0.5002467989457039,0.8620484376222604,0.8494902742663848,0.988994148397509,0.019113866703197924,0.44769310287444053,0.010003130027340476,0.007457722049708057,0.3702945399272617,0.5923592027861067,0.0009015112553218902,0.8459336841506134,0.8350760911126854,0.03261795618433789,0.02425590655046926,0.14904567285526626,0.09203082348107922,0.018883481580856037,0.9740365118514538,0.0012956898129955485
0.5920586492646331,0.9605930030217645,0.8310054013558469,0.9764450350682701,0.14063705526098835,0.9977644914473989,0.9044122089782681,0.2053413201601807,0.8807231314823732,0.9532146091031619,0.9158743523163897,0.10793779290794393,0.37375806900286485,0.9867602212174371,0.8625821890855531,0.9944895712014183,0.03867904465701616,0.7773806313530598,0.5143287072675251,0.025847738478684434,0.30516126181176106,0.10929963125481962,0.040595070798290056,0.8462957713540986,0.877442507695244,0.006076874118384578,0.25104580412356853,0.4047329597217374,0.1348841439072221,0.9689417449871967,0.8810632801475109,0.009035100784170663
-0.20739846765255945,0.46509736657673467,0.8777050034106658,0.7275498638726946,0.14066633617882474,0.6757625891392578,0.9267654186873261,0.20407255903700358,0.938670529727926,0.423855311853086,0.9149426982831947,0.10580174394617295,0.34657124652532245,0.9483594501351473,0.8446385508361254,0.9975673736990232,0.029356367224448482,0.41268232725102255,0.24286733072245215,0.0601893408880582,0.043970821184752706,0.5907195747202473,0.054585383923702824,0.8487505844654482,0.09409114914207298,0.09852758393165868,0.05796070451016794,0.42336512012543837,0.03733175211923451,0.5510633802787154,0.18478430854608874,0.015264258705865674
0.41820017063182624,0.49579108266683336,0.821211258880642,0.8313140826527063,0.10622293573629552,0.7089548997384051,0.9497836791295655,0.20445495269933672,0.941341899707748,0.9640552406739895,0.9377847900070256,0.10659594618956007,0.37256787535016306,0.9842910972426162,0.9603383898610485,0.7711194575757998,0.6239470202255226,0.8952350363753869,0.08103560875865284,0.023944239872207902,0.08993220098840297,0.02361051979498824,0.03750793840974095,0.7297536624342007,0.04018155398440848,0.08544723929710338,0.22669826804889426,0.17798204092397757,0.9937420182498721,0.20614286723999498,0.893330910717669,0.0016706472323235397
-0.27875409737674495,0.9789098177005362,0.825577674445367,0.7511316212052234,0.14498730842295965,0.6813892667866435,0.9464192360203496,0.22048833607304102,0.887473585871124,0.9509812892624492,0.9040534258083878,0.09408429244228382,0.3269664121198909,0.982994696135452,0.8329648745537874,0.9556822081510182,0.06100847378242624,0.6081102257379324,0.14703725387285915,0.023951383977739674,0.005006768992953827,0.5850238255491995,0.012261293183415116,0.5849567614131295,0.08826095328879036,0.013337521128512983,0.062315453338573405,0.4374434016882671,0.8112644051306541,0.3908332956808335,0.03762924121575861,0.013948988322584866
-0.3875177402161737,0.4601624078114573,0.8938563733844062,0.9419254496662025,0.16160028305768503,0.7041206639484602,0.9068777680666275,0.207660702288994,0.9198754654724429,0.5224086904063296,0.9099002245012338,0.10395873410459766,0.3397238493388237,0.9867274384529954,0.8084697289892586,0.9922818114792706,0.6695672370120116,0.41545909332271147,0.16690711784097792,0.007354122317443645,0.4929114020825312,0.5782893014287284,0.048961947496790344,0.8496828347398386,0.11179980169776024,0.4301300973180714,0.09478798018962106,0.16784666663137596,0.018608430532534793,0.039322208416178214,0.968730638073877,0.000578501399137038
-0.588931661711742,0.4161998259193407,0.6303286889043965,0.5992044216677732,0.22699634066098912,0.614703705046961,0.900573505437503,0.15926365210849425,0.20349942647829836,0.18184125038918358,0.8835844693434765,0.06333675574311676,0.2791971082360032,0.9920108803115778,0.7916088712018355,0.9679507222705317,0.02531422348601814,0.4164552989947508,0.017325420441340278,0.0009497397259767247,0.06000187409025235,0.5681442638560498,0.07711278480020901,0.02722141052299093,0.04167273277367495,0.14041049787539825,0.018751015702935515,0.0026225553364262466,0.01858546543824041,0.009761638816503639,0.22955736412229294,0.04002461188355688
-0.2159212779829377,0.9494006088199607,0.8133694103055595,0.9406161615404708,0.07876406429858225,0.9296126706548826,0.9239906896450194,0.22834875891262385,0.5830650660646142,0.9510000690448328,0.9108259998611412,0.9298542533453112,-0.6877441236888387,0.8828480416963067,0.8581688215600604,0.7426821431962531,0.01285869536362395,0.7056550355371514,0.48465169212644976,3.3112873212670646e-05,0.012981628363697133,0.5811633448186783,0.05330354546014482,0.7326494809862585,0.7447307648956931,0.00652964589433945,0.1939766390670563,0.9843901472032012,0.025625458220417115,0.3600572322124077,0.9086853167421749,0.019002784250356924
-0.032131570078884564,0.4568242959225764,0.8341850331756782,0.711547294164645,0.14327014952032316,0.6793506467828943,0.9233998417563344,0.2072912562177602,0.9123443177690406,0.9728760833386373,0.9100562822790731,0.09699826341018374,0.28462990165520324,0.7876571159547751,0.8090231915296047,0.7677891865391191,0.35517537204950644,0.9874489903060744,0.17574865642216284,0.023686640166456403,0.003949194106572748,0.6951219483808821,0.028552966086339542,0.623518488647114,0.0934349680371703,0.007497519884367122,0.04224441228937202,0.4374434016882671,0.6354783481588474,0.3879720948327413,0.04077551206997912,0.01302636385219767
0.39490349304827155,0.9560039330337256,0.8935292183571287,0.9877978219797762,0.21335984097281985,0.9925548992045846,0.8876276000272605,0.20662446410036378,0.9140319897021637,0.9992680633287522,0.9237492330143707,0.07735895886007399,0.33659092609894486,0.98751504825695,0.8464143322862746,0.7696264970187013,0.6807286944327318,0.8568081776379,0.009026311507468798,0.05455990496744576,0.008519734802400127,0.5097735810282954,0.03060706701912843,0.8433585224429134,0.6312913055519226,0.026563334032718107,0.09492556133811995,0.1620378869767608,0.08196361775427019,0.43675205702123826,0.9015539339051424,0.9960909678101615
-0.19775878165938418,0.467647707248126,0.9005174110153861,0.9581020665416926,0.1593042619083429,0.9864178167334803,0.9277043377429933,0.1687039690256872,0.6287417597571426,0.5904759769455112,0.9061052758069218,0.9218554908976435,0.3584535066907578,0.9872538578849718,0.8382241476817563,0.886535171709163,0.06022300878373843,0.18975395757439278,0.002192683832902914,0.006776889370618183,0.0037129467305428814,0.5553855608090933,0.012517323648797107,0.10045446885941756,0.7940758131774529,0.08923274664605604,0.14562101997851867,0.30176036287418606,0.854381371993107,0.02297378142179641,0.3915239709792528,0.2058834160979634
0.6060649845681115,0.9046168370338801,0.9463576385700214,0.9030272946196345,0.09705764888518309,0.6758739380695836,0.9162448816543237,0.2137408166227207,0.8783281274528074,0.9978850853941901,0.8803332753853429,0.08934646000314272,0.5358907711941037,0.9241131317340727,0.8692202242191965,0.7626484569147784,0.860533078520167,0.787033990907515,0.04766649134781436,0.027285120021900283,0.24317256888387734,0.6823389724504372,0.018195891314403162,0.792285939344876,0.7578730679157113,0.09869494864387468,0.01991186684307257,0.40144030922763146,0.7874589397544568,0.4198464527887041,0.9390789531617286,0.009986889845825634
-0.19981368473227995,0.49241408537419173,0.8337046164803342,0.7506519944735834,0.15783176604856472,0.5978326677983209,0.9204292472320899,0.2068710772776565,0.8902823733684513,0.5808639088557424,0.9102835174858354,0.09364128083755428,0.47821104847835694,0.8556911474918876,0.8139723130856934,0.7659768635507002,0.06550335693679261,0.7795318420761856,0.009715718649203245,0.024860135806796878,0.053070662009567476,0.549474953685175,0.02254720515204251,0.6239109106064852,0.107917715232584,0.04586975760979978,0.056813869432422226,0.2208362856095365,0.8114899396749623,0.3801553902382499,0.04290676325551107,0.002294365619776597
0.06344305606900073,0.4963893555960057,0.8414194765881313,0.7501744459308967,0.14365006252901757,0.6798832492099013,0.9250039541970406,0.22172767142422983,0.9037786164575778,0.9988045173706923,0.8771286618669046,0.10579630182778253,0.5133952001548295,0.9080675872863292,0.843353405881609,0.8443041675673867,0.004659022453643025,0.022461136163814288,0.45668535625423,0.06582538440194975,0.0574933721592219,0.7282959933177395,0.021530878102173575,0.8554076947601309,0.02272756350096289,0.09629332778242183,0.15245172314728106,0.44583013944933575,0.8301573435942604,0.4581508019528582,0.025720959842920527,0.019067407966273688
0.0977157184379818,0.4588904258501978,0.862740499199687,0.9717646641502388,0.17235406141379314,0.6875178860310154,0.9318953071092299,0.2089230773986585,0.9105280679539335,0.9892560103748704,0.9151666856084965,0.10774276156481274,0.5030801179698359,0.8481192340132205,0.8646592630284348,0.7054884548239722,0.6492135175969462,0.6842089115774074,0.11527590515992348,0.04581741698247382,0.02834661965332963,0.5582893751134171,0.012462222078455354,0.6876569232399623,0.749753452370237,0.6340913100644391,0.139489591913218,0.48249958811161964,0.6865179347494305,0.3996287342479775,0.892339398421973,0.01726535514470244
0.0550951050329236,0.4756305246474282,0.8378224134969311,0.7577679767621837,0.14331088540360237,0.6785731089540541,0.8777901045503305,0.20670349349320088,0.903164343114261,0.9519124709284491,0.9102917473395647,0.09408429244228382,0.327883269595252,0.8140461025023944,0.8329648745537874,0.7654816012068856,0.16153875832767553,0.5749045346697191,0.1773976029586404,0.023686640166456403,0.019433694194676148,0.1159460141595525,0.0059039328467689785,0.6200621565613211,0.8137924741439061,0.08714234142398955,0.09189740231183287,0.43782683911012393,0.8544026600174379,0.38657766883274114,0.229084969632196,0.006405278062402375
-0.588931661711742,0.5457691908547286,0.9050651349413268,0.9535970849677888,0.20897885267602204,0.6574593235398141,0.8828479873904022,0.15933012583568823,0.20349942647829836,0.9316497895913816,0.8103593707933339,0.06359870025021172,0.48507089300052736,0.8722979769859576,0.8569659811534741,0.9557080708514429,0.650424096623551,0.38045282559028293,0.017325420441340278,0.05865628637349721,0.18052401105234325,0.5683750945078894,0.09015420835191636,0.02722141052299093,0.00887427332233779,0.0759400924793025,0.014960060730583851,0.0026225553364262466,0.7348541330268652,0.009761638816503639,0.2078039800026329,0.8754989261512722
0.5306110128844264,0.9122120400871949,-0.7562792950674571,0.3739094323586386,0.16124592372202787,0.47320872165965366,0.9186251096940014,0.2283169282270492,0.8988328181958054,0.9339165633317551,0.8965055757988609,0.08924650034073861,0.33512023861983586,0.8774341899691186,0.8438387056110214,0.7844287021241017,0.08372516340703823,0.9218883766647422,0.010138727880664666,0.007990041323199294,0.012397159121241678,0.10248934932728815,0.00394111028260263,0.8298693797179502,0.14906504549490968,0.03293943011604779,0.10720394159477334,0.3539714289184581,0.03381551792381534,0.14965293985632244,0.9137525949503637,0.014282479079203658
0.46648192393703963,0.4825502799512526,0.8141194798008334,0.872606462471938,0.10848993848774717,0.9890590912377434,0.9444176988611833,0.2087673404885102,0.9948566441656133,0.9476757518804784,0.8813922286134674,0.08734886973367244,0.332238395898681,0.8822838787225638,0.8765054924039016,0.9848889409424496,0.7119750647486209,0.8855577544804825,0.005990836923766674,0.027301628939903035,0.2254842111615782,0.014703860516983858,0.008052767991882238,0.7898064444444013,0.0840774477094613,0.0008972447109744653,0.0027574366304239095,0.6165103736246702,0.9739088869576603,0.3710616370697146,0.8742693511921528,0.012176014316832285
-0.2257196838259106,0.5036048366148682,0.7700055189012908,0.7238704853155212,0.13618198502643045,0.5978326677983209,0.9193244249114274,0.20685547267782015,0.9370107692597449,0.503579272510319,0.9150866135821261,0.10515325259006339,0.33380604651873924,0.8517183732405167,0.8014452465322887,0.9688405669111113,0.0348365541781601,0.4328063482779336,0.006739148433162409,0.022097067584331956,0.011564200584358636,0.549474953685175,0.02174365962163572,0.6125651164776791,0.7715523701760691,0.07263990278292166,0.0877304706784168,0.30775654109912115,0.01885532930849604,0.014868846089099996,0.22568831069251066,0.015284024171560778
0.5863041335732694,0.9566906312343073,0.8713697826416815,0.9421372986486287,0.25511810321257006,0.9753033542986638,0.9297938713664317,0.9483646247940755,0.19502265149398812,0.9941227212946669,0.9160106844609218,0.1714841616439226,0.5102678865690169,0.9867384062521734,0.9742971639448257,0.9721445696740797,0.8830480279160743,0.42691918260395134,0.6625209888238299,0.8698179721024366,0.6051845159504069,0.9819667760361764,0.44859138101686336,0.8516703963065779,0.7880856401708584,0.8758141414155405,0.11993223654565034,0.5938584663211056,0.8329319749926857,0.4070622379597938,0.9553694390730596,0.546886111290649
0.11838015554025028,0.9219692712068503,0.9270637729049215,0.9571052779417978,0.08664150539618842,0.86930058767413,0.9942426322182535,0.25563622356232074,0.9316897567478443,0.989470791584176,0.926789376427928,0.10466679596169513,0.3515616917270167,0.9944281062701941,0.8827218718243462,0.9440080556747463,0.717217349332046,0.9515039936614286,0.5218490073148169,0.844509813866187,0.21424060705299328,0.09808348305960501,0.03440649793171427,0.7431674900990937,0.06277697176523184,0.027158253600003006,0.11446250878104161,0.1995369095094107,0.8493783486649616,0.9188477837492921,0.7264551114130984,0.14705064781383304
-0.5896820546769422,0.990713353786995,0.8520653941952132,0.7280634380526035,0.167249393506486,0.9922993199581214,0.9255894504664743,0.17722626051999701,0.8725380860050331,0.1755427590228945,0.9137185069159547,0.17996132044024826,0.4841572275572922,0.9867384062521734,0.9018029849270612,0.9674541235163127,0.6122260940787354,0.3925980663731057,0.01674124813588644,0.06009228043508537,0.057597209869396704,0.5689997444873283,0.02017823802616305,0.02677552657530627,0.018230864609804706,0.06194917909759673,0.08587024840421568,0.018567543814273363,0.02150238880162908,0.013446252408111377,0.19438051226447495,0.8586099310890726
-0.01591819131794689,0.484915162407042,0.7930912692029927,0.7050427952991412,0.07726226524767302,0.8379514110347595,0.9902613396543218,0.2162772971061835,0.9434585634849194,0.9146886765400757,0.9101254927594248,0.09874005716233805,0.2612243129967171,0.8718312671836064,0.8105597490709304,0.9863496556723735,0.9376046968235283,0.7792747157115021,0.07621960408216277,0.08828517297938837,0.013600563273856994,0.527793431875645,0.020768688102454223,0.7179831833855228,0.7467117819864907,0.017515573347809302,0.14395974975770182,0.17520630572796742,0.763281561277156,0.4367592779590641,0.9230500895273598,0.002102908060062362
0.14726698810730462,0.937669186336226,0.752138762760244,0.9501028962306415,0.12136616946107523,0.6768132629718292,0.909619135971545,0.21804597773882636,0.8955050851268932,0.8813324178567288,0.9102633108318022,0.08703705481729526,0.2680868889655755,0.732850922404328,0.7229697026520241,0.7849749954655054,0.5391141680183857,0.48487712452402276,0.008225019386934679,0.011148473183877385,0.05136591947001394,0.001587953726372146,0.030628407404507573,0.8532351483417416,0.9382354425479331,0.03319410300884636,0.21305322266073834,0.44319731141504665,0.09925427689263747,0.9889348882708943,0.2073674157246429,0.004021315093799568
-0.10972679353837334,0.9990434896392515,0.873040357026729,0.7540700407675669,0.1713681002152332,0.9227597025644944,0.8884934358849779,0.20571167294378673,0.8938499395166286,0.9533648463860696,0.915399833937267,0.08775006883260814,0.32791227191924255,0.9908286382294469,0.8149674820576852,0.9696188297323081,0.45707510157384335,0.9092067381526392,0.010138727880664666,0.007990041323199294,0.022788569259252604,0.12339895802305254,0.011588446786859163,0.8499781797666952,0.9730721103325874,0.034515962582473636,0.08245004733438137,0.363963256582242,0.07025495946173788,0.17150557466929917,0.9683076961087955,0.014282479079203658
0.13283133999165278,0.9448731719799673,0.8523949077191607,0.805205058130745,0.17567775122956458,0.8612333668927652,0.8842445725667886,0.20677940465672684,0.8963510582356246,0.9787124588243564,0.9139798733679803,0.09944829735633978,0.3229904596428101,0.9959952598793727,0.8470478963076261,0.7432109757158903,0.43322064216266565,0.7939510313835973,0.6246445636340484,0.003196061184737191,0.0204113274048943,0.10311736396742474,0.15311640735612012,0.7380121919969796,0.05976300532289497,0.31509291404795736,0.29173874510609715,0.22776979627432675,0.07051249595085694,0.4368531050713097,0.8527834219782657,0.0014232223739869525
-0.21985901305877498,0.3479765831337261,0.8077592961431305,0.740118604959573,0.0643814601489294,0.8903441092352569,0.9234260408503788,0.22238225909450224,0.9120422144816147,0.9422052434324752,0.7928960406803387,0.09817117830269133,0.3845432476215628,0.9834704466107833,0.8067043471710195,0.8082589892066018,0.019252321323043116,0.009783185878164014,0.04918324631512577,0.014220959436518368,0.001807966137781631,0.09602064629796764,0.03875652708633187,0.827753009522606,0.08544537564096649,0.03942830729912901,0.053970555007526656,0.1614035003290824,0.7718069878000905,0.7449146448376636,0.9260321856257377,0.01856335774296031
0.09042561850079517,0.526650028477291,0.8502078967517483,0.7444514875208775,0.13831539867952103,0.7247390520539181,0.928992024448765,0.20551659836048175,0.889968145401517,0.9129520648712309,0.9169487322854722,0.10571407420569644,0.38092605554481085,0.9417968844894699,0.7354801419649238,0.9711618411523614,0.11209661546961736,0.708373600757025,0.010741908175736024,0.01279134714478453,0.0012729447769446803,0.3964491104331892,0.01896969455194436,0.8484660256195503,0.739054448074561,0.24307348086001068,0.05394895933316168,0.6219959415619468,0.9767220089796106,0.4251094454176011,0.989345304898074,0.0184991407532991
0.049864986954916854,0.4734225310726653,0.9555859035685565,0.9536444326655406,0.18477491929996023,0.9741475350033356,0.9241010233905881,0.23848362840834647,0.9080055596457944,0.9699208275288375,0.9122346196281163,0.1036365244703553,0.5223531471907056,0.9650046153769778,0.8399726728920208,0.9010690287149424,0.4456360700454929,0.6490519703283177,0.14109010795147592,0.12888975252450308,0.18922139382830794,0.8846862363061947,0.1926301488942483,0.8066388921454102,0.782497238977203,0.3144577624268001,0.08433732798873064,0.05682079960508653,0.1677594650709029,0.5492044774672282,0.7601090563078793,0.848077735952292
0.015973926797345717,0.9885705869740631,0.8349932351282111,0.972692554836313,0.14016249458211114,0.9833250749803802,0.9190571555917693,0.20610199538228424,0.9152459858080007,0.8805431799141032,0.8993122839900717,0.1001848956187098,0.3603423423235116,0.9765270972879093,0.864758464750676,0.944736872852032,0.24928618928512275,0.4713245512371256,0.11604542391215394,0.04281111441609493,0.0005665686535452352,0.6676978947879496,0.048998117501503805,0.8467298981233081,0.6644016934788783,0.12889992515984844,0.03953800692061891,0.4138994013958717,0.9635782947221664,0.04184493695954515,0.9607007569103136,0.0074682743623492465
-0.2069968526026771,0.4812186530655769,0.8226443906701905,0.79187515754816,0.1894518982021172,0.7121510873935258,0.9234037470291412,0.1716774510715959,0.9362017937303335,0.5315072410846573,0.9156711359108444,0.103249447292457,0.3240506844915809,0.8750549788651313,0.8753597076605056,0.8312816360683744,0.6707492510442774,0.4013508553446812,0.38149793908448193,0.06769691362917113,0.1343086627380673,0.5926931706361025,0.03260506549042221,0.8465907352787516,0.8062266655815249,0.09300792276710765,0.2067968612790989,0.16102972178726038,0.8090236722272784,0.8989173457102612,0.9228007758029428,0.018746827546108333
0.09693176457922684,0.4554544266178881,0.8747310855726819,0.7466490782340435,0.14077036999126075,0.6904195140181792,0.9245196482926528,0.20559149761254975,0.9149560374484667,0.5205433294398987,0.910303670890582,0.1033769703891182,0.27734679080733315,0.8229340668339887,0.7989488770424703,0.772295269605941,0.001416748961101305,0.8012997282330305,0.16696777669452317,0.012393911428312643,0.00999331252672421,0.574126804692184,0.006177060134432449,0.6070891815321245,0.8931001790547524,0.10507261073967714,0.03847614340017442,0.3013360920691723,0.01834344517373183,0.07156472456667382,0.9068574386446018,0.0037609215279503522
-0.29209138415804825,0.3769828203925628,0.8306712393803054,0.7456273667062377,0.15208500333926359,0.7214620739285097,0.8908001608589635,0.21239194498745415,0.9525254795898567,0.9227563389163651,0.9217700342426471,0.1057921189861558,0.3213259983034634,0.9660334423515253,0.9133205835958664,0.7991006481091975,0.5792579413742351,0.1963269456794679,0.002193351472992655,0.0565338884845762,0.03168941325008185,0.6048583151845635,0.018789335192048645,0.6002919692045291,0.8742554889195928,0.1198802560995951,0.002480747386440822,0.42296363699150535,0.7185836951857266,0.4508075799551409,0.21472181663065149,0.005942138490115587
-0.23775311578642486,0.5266049804435265,0.6762520117183192,0.7210557376199859,0.13677198510250285,0.6226897798163427,0.9240171344941028,0.20694460974473552,0.9154477331963146,0.5994691086670159,0.9154817015902589,0.10425356205150493,0.36500561153888145,0.9799477258164722,0.7716186488399515,0.7636538447788789,0.4798033238940328,0.8047728624130577,0.008474996244227283,0.043394340168461346,0.588335259657173,0.5494756471091785,0.042742199908588914,0.6240353917887659,0.7330059179743019,0.3258300907485209,0.087654900821694,0.30482777480820594,0.08177732329640053,0.08829999037714453,0.8581005380064746,0.010039270727220133
0.5751210089129917,0.9510092990988664,0.6845248330084208,0.9867659664098772,0.11320199861416178,0.7168770921625465,0.9152348600922982,0.20571772641382308,0.9102589042517963,0.5010106105643319,0.9157613941570991,0.046926184419616324,0.3875805275203518,0.7941680182738174,0.8053928894723195,0.8290452590682027,0.07992460861661438,0.8320006840544221,0.6625612218430613,0.010978717142288897,0.053854008277928245,0.025552440904187644,0.07085339832699625,0.7219979329026045,0.1763358210197551,0.09970958583382794,0.09101867089990356,0.35850771290281414,0.9945111589098375,0.360916491247363,0.9343583077067578,0.01741996198974316
0.401030595021012,0.9444986085670328,0.8538186102581201,0.759881032591802,0.16791751394654766,0.6769407574477658,0.9191329278641759,0.206992644102528,0.9217584901132493,0.9368136296890505,0.8923347946913579,0.09247427064797387,0.2755058327055655,0.8344403557481117,0.8816295008709913,0.9911867650589293,0.24588563678729475,0.8240228662186238,0.1385377106015978,0.026094003663611233,0.13599190326489438,0.5583591329764632,0.015258067736533716,0.846583216027169,0.12583156087032746,0.026862112077300965,0.0034375670156133195,0.6017587229947918,0.03808084379012083,0.45452573384878725,0.807781512759607,0.0007375204747376999
0.5949900256240439,0.9638189163194257,0.9033820183372265,0.7404648637477881,0.13905494583115563,0.6791986209945879,0.907019991393375,0.21487181669937086,0.9322876786531846,0.9635071185423117,0.8966586594953819,0.10548665694638064,0.49557286145409335,0.7707077975623801,0.8120704106359723,0.7544219657701113,0.1777304764443573,0.7160538530084533,0.3833833934077874,0.05368048948022621,0.016324680028080473,0.5712052041664208,0.07717859889935673,0.8299176866417065,0.1678198302995774,0.09105889122261802,0.11217630120490585,0.3506718567707955,0.8483676382616593,0.9075588764483153,0.956155808922069,0.0001581122918376393
0.12338762349543093,0.3448704443849847,0.9515328322076942,0.6252632844200111,0.17474724897854407,0.6871621801473919,0.9217884806803252,0.20679247574487883,0.8910237168865891,0.5171310587196575,0.9136330044878543,0.09944829735633978,0.48453216458033627,0.729497640088839,0.8643798399374711,0.7430481797953918,0.050980121048042865,0.43065737471119214,0.038465449790241864,0.0006521494220795305,0.02249600924146013,0.6131604582845624,0.019354501012796815,0.6104759127355541,0.09756859537941576,0.027885123952157656,0.19386055393914603,0.22513443051127185,0.10420601141791791,0.5645210055344756,0.7525755599983717,0.0030156624539769607
-0.004492230448296566,0.47723348829257234,0.8275766957255946,0.6660964377596158,0.1587003247506229,0.7701790848897362,0.876075415403108,0.20606113616739558,0.8948136748936321,0.5401512068304376,0.9128703815239365,0.08527818870346292,0.3438376094785207,0.915388341183531,0.6781172350071258,0.7632244245446695,0.4428713516338697,0.4488934403086226,0.1620899914982179,0.010635557210749456,0.027307579233843794,0.25695865861602396,0.0457912224185775,0.7936506553829435,0.6969428240484346,0.008898864720480047,0.05480849949304722,0.36864543891205537,0.12588709300765233,0.37806942408879574,0.06215284823297412,0.002250447894906308
0.38863723107046094,0.46747476509480096,0.8212936098389172,0.6300396700539478,0.16151424274439066,0.6817347254333446,0.9087488999707363,0.20840124147815953,0.9301972253741887,0.5173733004933758,0.9102791942252871,0.1044961013465709,0.3738687451149538,0.8212515957785225,0.6475046387627577,0.7707413483486776,0.01629881374950648,0.7588902674653982,0.1564036630700591,0.001539961740993783,0.05209853725924762,0.5477225795741609,0.022502598321091832,0.8767410866666155,0.09789794864538402,0.07391140230951387,0.0997777637592685,0.6004396998777551,0.811052805780799,0.4508075799551409,0.25694819369880206,0.00375863818238841
-0.20909791534827965,0.4706628513745071,0.5067641526153803,0.7108113588551342,0.14147199418780662,0.9705115238381958,0.923120733751857,0.2073086687002509,0.9128380901518378,0.8667599632721084,0.9102794002805975,0.10510658005964367,-0.5142561112368884,0.856598184875968,0.7734181090649495,0.9524713834893173,0.12325484421495689,0.5915598335546364,0.017001338649735624,0.0047273733855339554,0.006164929927076512,0.526183193354146,0.044636856271038736,0.8717641933607749,0.5663798619453739,0.09931544479285415,0.0383651269943478,0.18069584893777446,0.010441058071546959,0.10044906657330518,0.03554269982981552,0.0006785535143915785
-0.20740831798253723,0.47692298537398087,0.8510379419689792,0.9643538339786436,0.16054302773147744,0.7910709704726413,0.924567061792654,0.2073527335245221,0.8840478966764211,0.47165608332389164,0.9074216044140879,0.09414095067907113,0.38060556545676494,0.9855496442493628,0.8219079725860499,0.8175210332005811,0.02580148931028345,0.4801434528436537,0.04589522495861642,0.0033388849002265707,0.028342096835702272,0.48355491536798006,0.03855651481938109,0.6197450490074122,0.7809997371638469,0.08197737554213734,0.09140724550648077,0.45866252647013006,0.8214148766404994,0.07030373176930887,0.10323692078220403,0.0017646417767495804
0.14976449688932314,0.4591178128373354,0.8347841483683441,0.6217920321324082,0.16520463650888575,0.9116714129475763,0.9239698637401339,0.20883012289571634,0.914283922761276,0.8802700340700071,0.9071856489478713,0.10496582652901587,0.1990611217313163,0.9541497475016372,0.8230318682064571,0.9127874122849752,0.5177056888422261,0.6009222592896313,0.07787181176877248,0.010565343120755862,0.0557086398029031,0.0158532782439465,0.03107772849211923,0.8132477056988505,0.6297381394741979,0.1222507239047153,0.10888796749097732,0.34627514532041176,0.007934589484825718,0.9184984468387496,0.04512175720120981,0.01701813069438208
-0.588931661711742,0.5187980353323904,0.9060887285607427,0.7439891169011955,-0.005469535430973282,0.7040338176225875,0.8827137387876287,0.15730981761719956,0.20611963898160002,0.9595034653617833,0.937905810506009,0.027961931687706255,0.49895003724888953,0.9871590471593581,0.8648467863128615,0.9967257832150342,0.46742756881221537,0.7836021931803387,1.513754737220152e-05,0.06724399228045583,0.2045486494088245,0.5681519155800284,0.0505043702839742,0.7735762012300404,0.04167273277367495,0.7411257494482958,0.025859587835885788,0.0028478330923293856,0.8537560537589127,0.009761638816503639,0.31614189929659964,0.9529842394738117
-0.286099434781993,0.47338939030597715,0.9821520446004623,0.17270483843237205,0.1424811080044027,0.9937652958981229,0.9189040435093825,0.20500811561742466,0.8913625086006317,0.9467642445865635,0.904548091169819,0.10535386967522792,0.4822724469428886,0.9739548442569553,0.7918295771227328,0.8810456146472888,0.04652098262347342,0.7561495847239376,0.011470821996048208,0.008856272882693427,0.005896955784009183,0.11015760374800047,0.032407473258573696,0.6827474059474105,0.9275664033114324,0.06385718982099708,0.0043828866415658845,0.1654381483111022,0.880126905290027,0.09566066836532697,0.9404554918910208,0.005347519318985961
0.08077250583321385,0.8556802945597861,0.9470576465124435,0.7295558600082855,0.14077036999126075,0.6904195140181792,0.9241695753566418,0.21575537674731823,0.9953307802416187,0.519750440490008,0.9140515889404969,0.1033769703891182,0.2829108114704162,0.8293611496014835,0.8194987736744402,0.9664562441234148,0.8821913875244163,0.8228025699820165,0.21378622925480492,0.012393911428312643,0.012700878283822895,0.04803596393309972,0.0457267132218484,0.6243027691768038,0.889520933644741,0.004632303102438277,0.17093283607955415,0.6358106034362869,0.015420087007037342,0.09745191981524068,0.9025892480898092,0.014412462416503968
-0.588931661711742,0.8923846733917338,0.8472442919650908,0.7279945314457095,0.17038838876802598,0.8720316169965185,0.9190436513163094,0.20532052095585454,0.17499122290691072,0.8395843950885115,0.9158917951004589,0.06333675574311676,0.4878017507442648,0.9793110897676005,0.8280676176767425,0.9763211057035937,0.4826823452887889,0.4330970744244764,0.046535850913403565,0.033614602769683796,0.050015801032350676,0.4718902487753107,0.5000518744515208,0.7962499554905245,0.7416005652288357,0.721391339297488,0.029805158324346704,0.013052799237156687,0.11130073878438085,0.029581267662192087,0.7180617202473174,0.9349526766137652
-0.021196215057680393,0.406569149151144,0.8350283461498387,0.8127053051648934,0.08109711552699572,0.7014123320374277,0.9526017360086748,0.21774316444726882,0.9152459858080007,0.6603865641912533,0.9193706381506579,0.10520544570003873,0.43668362299949415,0.805005818877844,0.7118978240145116,0.831574783750735,0.538175060313221,0.6000223871789507,0.3921157876376428,0.042638569977241886,0.024858465597106364,0.5762562141423824,0.030944708781119136,0.7964052669553807,0.6300465963726715,0.010693970478517091,0.20265256985666985,0.15948753765380264,0.7764808958891661,0.9654336325838655,0.6429527795901173,0.011549063247904817
-0.20740831798253723,0.4935089872260163,0.8260867733396343,0.741484774176984,0.16077133719954997,0.857585538551121,0.9098844277181224,0.20277579485615022,0.8874446600885443,0.8561016313940935,0.9002418047562514,0.10472082975439584,0.47792675448778554,0.7298486848809604,0.982103609218294,0.8175210332005811,0.4292655493158734,0.7579291614716707,0.530838832121602,0.003316181580351303,0.028356462556564637,0.29034880912549854,0.0009584621263686657,0.6190284877055701,0.12271849610337923,0.09078163445151394,0.01477780732994146,0.45866252647013006,0.8194117479579653,0.08798467150324607,0.08034540839934622,0.0023374181226533544
0.14726698810730462,0.4949487186413582,0.752138762760244,0.7477826496777982,0.12136616946107523,0.6352996212921419,0.9097433469302033,0.21812077834016516,0.8955050851268932,0.8813324178567288,0.9075043654912656,0.08703705481729526,0.2680868889655755,0.7359402538450642,0.8241466811233588,0.7849749954655054,0.4849730741183627,0.4624482902111234,0.008225019386934679,0.003152316025519952,0.05285705075821501,0.001587953726372146,0.030628407404507573,0.8523560720661829,0.9382354425479331,0.03319410300884636,0.13933534727627891,0.44320429884151186,0.09925427689263747,0.8927495677398076,0.05960298539326206,0.014171106391252629
-0.21046433780367693,0.950182329080731,0.8938563733844062,0.9419254496662025,0.16160028305768503,0.7041206639484602,0.9068777680666275,0.207660702288994,0.9198754654724429,0.4858120183538562,0.9096688399718061,0.10395873410459766,0.3397238493388237,0.9867274384529954,0.8084697289892586,0.9922818114792706,0.6713834893070884,0.41545909332271147,0.16690711784097792,0.01876440749554096,0.4929114020825312,0.5782893014287284,0.048961947496790344,0.8496828347398386,0.11179980169776024,0.4301300973180714,0.09478798018962106,0.16784666663137596,0.018608430532534793,0.46422443194616214,0.968730638073877,0.000578501399137038
0.11414888251352032,0.9219692712068503,0.9270637729049215,0.98553066364717,0.15614375650966467,0.878080871887883,0.9606946476741235,0.25563622356232074,0.8752945047396363,0.989470791584176,0.926789376427928,0.10478720449045284,0.22668147541656206,0.8164174237468279,0.8827218718243462,0.8347455033703058,0.6767848694244415,0.7710797965078245,0.4398324755358439,0.844509813866187,0.03398870926812523,0.5965428149523126,0.034738038611727855,0.7431674900990937,0.08240564470811129,0.02700292549709538,0.05331421834817994,0.1700555521101167,0.7877907440969817,0.9188477837492921,0.2734593734859104,0.026612900034045203
-0.587605495898244,0.9212409636943586,0.9853550479602893,0.7273508609447402,0.167249393506486,0.9922993199581214,0.8850480295714477,0.17747220121538895,0.19946648446338638,0.5196567389919653,0.9137185069159547,0.17996132044024826,0.4841524508563118,0.9867384062521734,0.9046843350622711,0.9904252842529216,0.7105509427475445,0.3925980663731057,0.01674124813588644,0.06009228043508537,0.061456761832687945,0.5689997444873283,0.0191632018187974,0.031037056427639542,0.018230864609804706,0.06194917909759673,0.08827902922210697,0.007171001982513345,0.09284073310046595,0.12231257783285847,0.6412977583999439,0.8586099310890726
-0.2055651603263726,0.3680469101751298,0.8287840367462174,0.7544251972037911,0.14339566748731966,0.6056976517557383,0.9189594727999095,0.2051445793845427,0.887668144895809,0.4211019450844555,0.9154504781396893,0.09503033553289998,0.5109634189728449,0.9532368288062354,0.7089516447077995,0.7659663747239407,0.12901031562551585,0.9199019239391419,0.1410625363788917,0.021630330046500557,0.028085744050601262,0.561411127198427,0.0480167540272645,0.8583424294588557,0.06725994070840317,0.0782545077831322,0.1517580777913571,0.40967032333456327,0.791797064636227,0.3814506034682006,0.9685249544901915,0.018689630636276114
-0.2726658495238663,0.5487793078997267,0.8389634795215829,0.7281060826021745,-0.00531552878886643,0.7028528437078895,0.9266642569021278,0.15579742050654694,0.21080693223879332,0.9045102475918502,0.9137185069159547,0.10265605760727312,0.48568705369047155,0.985213214223764,0.864511010365711,0.9721445696740797,0.29412171096757195,0.4164552989947508,0.08411102364775125,0.05842044269279599,0.007007934937639475,0.037932370752965294,0.04966177971728915,0.019205387999814506,0.06546098339638695,0.7410639143453451,0.08431355837511151,0.009873524587417193,0.8560510925968452,0.003004483401190361,0.20343342821232008,0.9469633387871037
-0.571813243270506,0.5827149778600365,0.6184213994287173,0.7443013726071622,0.16249832241661635,0.9344312856621879,0.9562590277038597,0.21357807538883777,0.9008940466659725,0.9405440022886561,0.9138498553275999,0.06371635832298676,0.48380453306767884,0.9861504972126683,0.8380626408362086,0.9715945718894178,0.10564604019928558,0.3937104059104525,0.01275823821311732,0.059248123642777484,0.907240677416155,0.801601282050647,0.5531391322685921,0.044043805436976446,0.034756994887702675,0.7459902210991632,0.0926198557213664,0.01125816322297428,0.827548940063403,0.5124307963461645,0.22116672331925083,0.9473995022513171
-0.5585051835660165,0.5484725991648558,0.902966226272044,0.9356759640229806,0.06356484715923938,0.8174231401762679,0.9013681662490797,0.20875743134997676,0.8589637326693198,0.9051510628118826,0.9154771766431296,0.06371635832298676,0.48380453306767884,0.9857218817248672,0.8214008298770135,0.9715945718894178,0.06784716568435167,0.392666405756393,0.3909903991273414,0.06765304757405766,0.48825520417734714,0.6138175661414719,0.558219294353826,0.047479348436673174,0.928983989316961,0.7582138315318108,0.28628402779511114,0.008946029225381236,0.15524498305104578,0.19172806319416036,0.9997112824605576,0.920059239994522
0.5735825894842321,0.9498948439023126,0.7068700096581675,0.9647069866014087,0.14384310205111162,0.8854280097317314,0.9150596901288695,0.20683740768400213,0.9098330256310929,0.47180712686010995,0.9157613941570991,0.09206468361888795,0.3875805275203518,0.7941680182738174,0.8634499187613178,0.9952258043438269,0.17815565981187192,0.9896758383775421,0.04076789442990651,0.010978717142288897,0.06298074665660303,0.025552440904187644,0.0262811631680141,0.7219979329026045,0.8060725088912305,0.03504675520860807,0.08576583123487981,0.35850771290281414,0.06758816296469977,0.360916491247363,0.891489667511954,0.01741996198974316
0.1543214124208953,0.4873784818063354,0.9657107191594847,0.9724343489367392,0.1591878670543112,0.9998191057213874,0.9265611204936717,0.20563649778385332,0.8932574515482536,0.5601379325315768,0.9160565722919984,0.09370927684518145,0.40528961639538047,0.9913293756022764,0.803809942867307,0.7677298826838599,0.06571043212019148,0.46700210510951273,0.01936909121022995,0.001116409794783585,0.053070662009567476,0.549474953685175,0.02254720515204251,0.6239109668240502,0.13600080908964152,0.04320483247308441,0.1197974241642169,0.2120313887391353,0.8071931229983053,0.4494002610985406,0.04290676325551107,0.015314763028743421
0.008261937884297119,0.4150847772400404,0.8289694721535206,0.7082693412249508,0.1414678816498902,0.7522043763875057,0.9233285339117541,0.20840238781392212,0.8985447521830914,0.5362847368001531,0.9058416359887367,0.10556388850758494,0.3528425067136353,0.6862414274454794,0.7934513661280802,0.7685033932640289,0.05181609147408228,0.4050599854067152,0.5259860133488672,0.01089789682413338,0.054585192106286554,0.4884318140461284,0.0009368883924799933,0.8572821104672262,0.180577898729313,0.057499672962101706,0.0038896430278205357,0.40940222561355777,0.02782731934184688,0.007373542267739022,0.8733177975943718,0.004116354409541178
-0.05072363365249823,0.43467902517158513,0.8521354324328976,0.9748519690625397,0.07643395610222317,0.8516435198319825,0.8882347404352839,0.21874808042767907,0.9179460599968181,0.9165518700718955,0.9036931375698208,0.08784004727972362,0.3875344154438407,0.862188319760655,0.5941337662761411,0.9784918708715945,0.4062160363881098,0.4434992242950778,0.44770736709193126,0.05328846642110718,0.053884982961550414,0.016664675424946818,0.6004919826308918,0.6862863524893553,0.932233545970921,0.09495942582923578,0.13951538060351465,0.21183754646342218,0.05437735810823191,0.9545961017859197,0.33363467908849925,0.0097220621595161
-0.20740831798253723,0.47692298537398087,0.8510379419689792,0.7470119071669492,0.15668392591293168,0.8327704243420844,0.9245751657044675,0.2073527335245221,0.8840478966764211,0.47165608332389164,0.9087016684674861,0.09414095067907113,0.3808430394585617,0.7310077799071518,0.7910041106326325,0.8175210332005811,0.02580148931028345,0.4801434528436537,0.046017262260305,8.899494615324105e-06,0.028342096835702272,0.00856451780902835,0.038245327668293465,0.6197450490074122,0.13428567693166615,0.08197737554213734,0.0477928609310241,0.4586542349191087,0.8204788809500726,0.07030373176930887,0.07243595709309045,0.001780383560173582
-0.28823460399163836,0.47332098516080834,0.8270287588801882,0.5948169273425782,0.14281154480451325,0.8825776385765958,0.9078277866102242,0.20500811561742466,0.9383705100856005,0.9460115067744534,0.9153400106767354,0.09532237340635581,0.3725598797044449,0.9698948349769212,0.8425701020727818,0.7860086867455117,0.016575066651021875,0.35511082088595786,0.0009901404369162259,0.007050115602270257,0.12741739966860588,0.5029780459398936,0.022811082905453663,0.5960841528444214,0.6360412821834914,0.007853668648353351,0.05601697558685868,0.4473038925955182,0.01840747737294665,0.002192214412168228,0.8887781472354335,0.018922299868091914
0.13051522931085402,0.45703782361384854,0.8460770925210376,0.7496089234331326,0.175430811275387,0.7930702869442774,0.9176371845580599,0.20677940465672684,0.8810047692902155,0.9874632113623946,0.9139798733679803,0.10906621281254883,0.3857215207093005,0.8498433990583036,0.8582556215404187,0.7432109757158903,0.03061400457741839,0.7819127837766344,0.14220249381134661,0.003476665629414592,0.021547168636933067,0.07869871904877918,0.14973546603275695,0.6329481920491495,0.05976300532289497,0.08310189303783362,0.008293473681471436,0.22776979627432675,0.054326525577502935,0.4368531050713097,0.8367588807220055,0.0030002240564546583
0.015459808928166882,0.4949688261794547,0.8212936098389172,0.6300396700539478,0.16151424274439066,0.7405051297319128,0.9391259940333164,0.20837079398538005,0.8899311374747781,0.5126275437138418,0.9102791942252871,0.10594830769614362,0.2702829796799168,0.8212515957785225,0.8199408635696358,0.7637166743423573,0.6864170044377552,0.7588902674653982,0.1426939569242727,0.0005297622899107339,0.052716357965054396,0.5133318726950423,0.02652972766556766,0.8693269477075709,0.967653841119625,0.07305176710155845,0.027747784385036833,0.6047333442385994,0.8188444087800593,0.46809108624339546,0.21998041339517485,0.00375863818238841
0.14726698810730462,0.937669186336226,0.752138762760244,0.912894652413432,0.11917577257592003,0.6352996212921419,0.9080893021048498,0.21804597773882636,0.8955050851268932,0.8813324178567288,0.9897483003699565,0.08703705481729526,0.2680868889655755,0.8514550771487033,0.8794428617733323,0.7849749954655054,0.47380791224568397,0.48487712452402276,0.008225019386934679,0.0027175993296252657,0.05285705075821501,0.001587953726372146,0.030628407404507573,0.8523560720661829,0.9382354425479331,0.03319410300884636,0.08899613764356727,0.44320429884151186,0.09925427689263747,0.8927495677398076,0.2073674157246429,0.014171106391252629
-0.07669176855268536,0.530387266988988,0.8049900406939643,0.9959002148703183,0.05333937387590637,0.8445916388453376,0.9051859783998677,0.2069698625342231,0.5877951493644458,0.9083398526598709,0.7918854253240589,0.9277812782649119,0.1823443480691132,0.847403568507546,0.8596698889548494,0.987599391269984,0.7065269060007311,0.5545185887583587,0.14924794689719467,0.17923003417097055,0.04674939558192362,0.7026590663509147,0.03614682608796799,0.19495385653013386,0.9728705593361574,0.03251005432291237,0.14439440335007456,0.4487611182661261,0.30379146910207067,0.052838197251653715,0.8480967513920527,0.892914195262122
0.6002378038040512,0.9493297411794109,0.8742368020500637,0.9696332796433301,0.24836339171028296,0.9753033542986638,0.9075589910421501,0.8860931133483485,0.19502265149398812,0.9412004075257889,0.8837204867774455,0.1658030064960226,0.5102678865690169,0.9867384062521734,0.840469429719956,0.9721445696740797,0.49959459334211737,0.42384461582064004,0.5450978250226346,0.8698179721024366,0.4767466811939828,0.5879014255569182,0.04382282492428417,0.6243747534234135,0.7951098639976972,0.850379232460861,0.11530722914152397,0.5453689240804481,0.812112613657035,0.06329957684160381,0.9362958938530335,0.011924934309639701
-0.29396081982620115,0.7160938802545624,0.9097330833806871,0.9670991918061317,0.14281154480451325,0.7255087334712411,0.9226177003248632,0.20533909718487767,0.8968267255000085,0.9822267753467174,0.9155046368247297,0.08875564821675423,0.4771366078393699,0.9907203767895181,0.8498584280940367,0.7860123785441616,0.016575066651021875,0.7021760115227171,0.006550318279664513,0.012503762651746336,0.0020273629290513684,0.12881764289919465,0.004493095336835355,0.7160205252246878,0.7615872255816014,0.06513773362880071,0.022178075257726762,0.3493481703647272,0.003671236021226677,0.06763026990366229,0.9196256901271419,0.016200887831330057
0.3966114391186406,0.9635867947956547,0.8865724026026057,0.9731335049417119,0.2940013489733271,0.9754265354050793,0.9625566564119976,0.9846161627912033,0.5617377096934714,0.9635179528765001,0.9115299325588361,0.986511115595584,0.5218151456229614,0.977689452103069,0.8792536879490398,0.9750661255805646,0.8706995296475531,0.8032953314673159,0.4250213031092395,0.047514335709035085,0.0009974620682675628,0.8428607095802627,0.05387412859746244,0.6924479237406037,0.7916332811270784,0.74359927121578,0.08397615173308906,0.16178510622648212,0.7957711602986741,0.04674879609195376,0.9340575386095205,0.017369440773529886
-0.20308743351735498,0.9567422432160558,0.8548870854332921,0.7127000005985036,0.07513578534162654,0.674592483678051,0.9189926609935127,0.22203134755337695,0.9402154634877168,0.9736770195339545,0.9151726278777459,0.09534655960409799,0.33570176905914395,0.9216876138383104,0.8044331208391701,0.7866149378412546,0.09486028162398902,0.4082836407147286,0.4223312114021955,0.019139875293535644,0.05424713794412484,0.5516211329066745,0.0168333912692496,0.8140356139919674,0.011218481124917079,0.030836755251416083,0.0745904999539948,0.1668653216805153,0.8248834128568573,0.09372483465369441,0.9497799693664052,0.016138478828402164
-0.28944068244654014,0.9166230132701214,0.8555426368565364,0.7616405506671982,0.1413295565956331,0.5990478472807726,0.9079254373388699,0.2052456461925377,0.9388330141860416,0.5045122349949805,0.9121476174430242,0.09894820111348859,0.3364118920696733,0.955381024875301,0.8017846168017091,0.9650603135462532,0.05210138655233493,0.7008028965269013,0.01267056128197594,0.0022574266052950466,0.011572804722872213,0.5144223031972276,0.017592940505839635,0.636781001233863,0.7173665506589627,0.017046989430059042,0.03254362515931611,0.3314298336127803,0.03935226335988462,0.1406138232157057,0.9065617902123655,0.018651106607138222
0.548435003735013,0.9623492941642509,0.904425359854553,0.9665734381782702,0.13605840928835478,0.6714585665799463,0.9259844727942419,0.2088064430587644,0.9813260268860073,0.8630316855224204,0.9412926604068678,0.10819850964565261,0.333680765074769,0.8730466170451022,0.9467770327168109,0.9964813957733201,0.46029994926813306,0.8947660371886857,0.3582423206147013,0.0008071395370254329,0.1737632399708803,0.015803660968630586,0.044030990706085904,0.8482245986502275,0.6295843887263602,0.005047848850706894,0.3318006122327515,0.43625535898085055,0.874934465896593,0.8767132716570716,0.8393704019737414,0.019443791353555548
-0.22925500206251714,0.33504472152117515,0.9005762477854458,0.7131415064133643,0.13476871821360736,0.8890767734413636,0.9234260408503788,0.22238225909450224,0.9120422144816147,0.9422052434324752,0.8980215384430454,0.09817117830269133,0.38240388193777025,0.9833790744188113,0.8067101068244105,0.9914721911976019,0.05851917978426832,0.009783185878164014,0.04918324631512577,0.02362813636954192,0.0019551041001398158,0.07679459148898277,0.002107353203909673,0.8277858042332662,0.08544537564096649,0.10647924157471954,0.053970555007526656,0.589068271800592,0.7718069878000905,0.7396134583318955,0.9258999416955067,0.017955445626017336
-0.021124245341280157,0.9752623855363819,0.8523512557750161,0.7046219829281544,0.4032047555885886,0.6792011907801906,0.9180088582209746,0.9954426358343272,0.537129441135396,0.9947559655677407,0.8971113138049924,0.8556681432374849,0.38024029658331315,0.9935336799813808,0.9134668765764082,0.9663812877392427,0.8532190794416381,0.5425509790461632,0.5300413006332173,0.06338121159080723,0.4104190479474671,0.5644105092043574,0.9763271704277845,0.9348532075493983,0.12879754050375042,0.6463403030357935,0.37551020088313636,0.43650632402256767,0.6327131227216639,0.02151331410925922,0.7211359207633254,0.9512890323872203
0.06427445672045842,0.5643641646552113,0.9137420341878856,0.7315553141305892,0.1373377612739379,0.678583904770538,0.9083565866195564,0.2182567314988339,0.8937971684176657,0.6603865641912533,0.9090464768411025,0.1053992215323193,0.49215161725607554,0.975622421387538,0.8427361278945398,0.9801690192144428,0.21993280568788867,0.4331753451174738,0.1842432179654978,0.033857480279806416,0.19812759147949938,0.58539537089413,0.003078315210526719,0.5862531246761115,0.6383689190646648,0.023562557182420722,0.037945378383481575,0.17621934184453744,0.030095087002136953,0.06893396254039694,0.581735537376661,0.0034910329421515996
-0.2201703617097163,0.41870111102431706,0.8734665048175749,0.8835767122636026,0.10187205185368567,0.6135538936087185,0.8925406037776973,0.23410250993132348,0.913207643788771,0.9405800325646105,0.997317375715543,0.10375780326502637,0.4963707707314312,0.9910222420814918,0.8579152685345439,0.8429686430697934,0.5947455177077416,0.7715593012744197,0.01285353607567014,0.012381062431534584,0.026026990666274834,0.5628428791334428,0.010541993720466892,0.7007779512037203,0.0008199828428691047,0.06624075952977543,0.022220864096382367,0.35489688746937237,0.243658097694763,0.1432033750766315,0.9036757918046487,0.006179622538439081
0.4773738830229277,0.9512123454927082,0.9059944437805423,0.9966105036373385,0.16485158973560127,0.7659152212336753,0.9208052373035679,0.21307660789060676,0.9202575511068103,0.6636958335720349,0.8094009808692892,0.9972266385952614,0.3282567461038449,0.8538882083246044,0.8925804332112512,0.9413915277292568,0.6954288579367442,0.5919416249962869,0.09270512445396864,0.0532404858857069,0.03037503386176553,0.5091677563195309,0.0017992991224908272,0.004401284665756011,0.08791215660938692,0.5474640756302918,0.010406304079914053,0.0014156949061631626,0.8437262471984535,0.44895989345336346,0.2069598250371581,0.9857622467609575
-0.7358826000710456,0.5487793078997267,0.898726296280914,0.7281060826021745,-0.00531552878886643,0.700538076899144,0.8827137387876287,0.151276142814889,0.4169223203311893,0.9044193970096582,0.9137185069159547,0.06333675574311676,0.48568705369047155,0.985213214223764,0.864511010365711,0.7971607100628769,0.1424091586917598,0.4164552989947508,0.0031972976398046,0.05572579198686136,0.005624719716356622,0.486125428483396,0.04966177971728915,0.019205387999814506,0.04167273277367495,0.6983170736735282,0.01477152251971231,0.009873524587417193,0.8560510925968452,0.003279407342445873,0.20343342821232008,0.9469633387871037
-0.5906427627529418,0.3715275866510013,0.8512836924020499,0.7506563114978322,0.16249303731490303,0.7587998888507472,0.9317526409351231,0.23177232760927302,0.8309803494790957,0.9544254638707355,0.9255646860033644,0.9159988145111589,0.44747639344632895,0.99248062160219,0.786624524365112,0.9762111681919974,0.0005125050663232766,0.7963574255587369,0.633368046862266,0.05043234179698189,0.007373636035455437,0.6968153644268722,0.42864165827834266,0.8450676029333836,0.9436763332734487,0.0500053970294731,0.06268277935655411,0.611552317926933,0.9886723395875177,0.3736069878641468,0.8738934191805535,0.9204608923504525
-0.20584908354124729,0.5442779354240476,0.8756458870603844,0.6224467785998944,0.16252026340298373,0.6592113429981842,0.9190596618723044,0.20801484102047085,0.8948129656460992,0.5375942751838056,0.9067180120515893,0.09382497105172873,0.29349038487589196,0.7316622492151836,0.6747175943762407,0.7606698680230912,0.68853568397658,0.7544230991948087,0.5279423494872627,0.024359821893690098,0.02834661965332963,0.48870703590950615,0.10613797726030713,0.8655546836645889,0.6114102476823498,0.27026082404893725,0.0020830955042211233,0.6074098482511348,0.786194954832971,0.08924426756049267,0.23382596267816091,0.0037611053245517334
0.5513042385125524,0.9654573498615199,0.9538285421105045,0.725915119617382,0.14063705526098835,0.9977644914473989,0.9078606988713964,0.2053838339982055,0.9152436075816797,0.8892164534701051,0.904762808458793,0.1035398865304222,0.4811227699540523,0.9598440050206426,0.8481864428160676,0.9716778474152972,0.010299695149492805,0.6499731866792383,0.2249422647808975,0.0304648050461471,0.1202258011289701,0.6346813294753035,0.042811043982469675,0.8462957713540986,0.8011045452046669,0.006511912519360719,0.05443693596115326,0.4054875075238769,0.030981950710230854,0.980094065052578,0.9736792338501181,0.005818478531781248
-0.032131570078884564,0.47974547872178497,0.8294395234974916,0.6516127312904432,0.14327014952032316,0.6793506467828943,0.9233998417563344,0.2072912562177602,0.9299768709340911,0.9728760833386373,0.9100868160097522,0.09126561785574985,0.2889764934056855,0.992716950152072,0.8090231915296047,0.9998499043928942,0.35517537204950644,0.7730070738521682,0.17574865642216284,0.023839529344507636,0.003949194106572748,0.6951219483808821,0.028552966086339542,0.6314277417484597,0.7585618190840517,0.007193171186282807,0.1426695403097558,0.4374434016882671,0.6354783481588474,0.8472475267914968,0.04077551206997912,0.01302636385219767
-0.20740831798253723,0.47692298537398087,0.8510379419689792,0.6576694177195374,0.16057738632758006,0.7922109430496779,0.9180708568691599,0.2025089384019267,0.8840478966764211,0.47165608332389164,0.9074216044140879,0.09414095067907113,0.2917234799473027,0.7310077799071518,0.7921223266596524,0.8175210332005811,0.02580148931028345,0.4801434528436537,0.04589522495861642,0.0033388849002265707,0.028342096835702272,0.4837873900369226,0.03855087022034229,0.6197450490074122,0.7685520451039614,0.019122279838255714,0.04180124290151342,0.21394449803065738,0.013132700304983314,0.07030373176930887,0.07243595709309045,0.0016310953701992356
0.6031990858736251,0.9467169523481543,0.8345803094910124,0.9827175368783799,0.1588807468636563,0.6612906530722119,0.9192175745503229,0.21941222045193318,0.9182019520668985,0.9966640637729091,0.9115358487339681,0.1090115725867156,0.5777246052208438,0.96576808596338,0.8076011884825471,0.9626840694633358,0.7140255148889334,0.8983638001492715,0.0164905129446955,0.8293635015667653,0.11694797715666111,0.06390240199310271,0.03332973143657965,0.8654926874050938,0.9821137398720791,0.031832013213154466,0.8418589442502165,0.348328845303941,0.8946148112485083,0.42975108381693294,0.2159216995155839,0.10247688618748498
0.5035527674524568,0.9044307570906307,0.8385788522069799,0.9731026266018816,0.15663939453896408,0.9560890401905083,0.9193783533525327,0.2166470456131443,0.9161320977311346,0.9529874817300182,0.9244210720828265,0.10556406459873902,0.3247155906165917,0.9986508132802918,0.8889970739844746,0.9901023437485814,0.1401383298048524,0.7721161063569147,0.4785003714156361,0.06417695322163686,0.2027273193670736,0.8930978940058405,0.0449630392264571,0.8462957713540986,0.8831060400391905,0.0760238880231438,0.14315552503239964,0.3988884561899908,0.8588944691827181,0.9321077675076903,0.9665147180474332,0.019271244400556876
0.12071021185356975,0.9738634293328254,0.8565668106354245,0.6250144846229707,0.15946314513931473,0.8968212978402539,0.8488326989077752,0.20422106180744057,0.8937048064906379,0.9808794043465136,0.9102971032175354,0.10358506291069698,0.49033236405777014,0.9692394355480441,0.7911540461660219,0.786265155326927,0.7858733513169579,0.7141958957507933,0.367615606098326,0.005596762061155891,0.20640996700012193,0.5510240441051415,0.03896262697523786,0.8863312040795512,0.04326251394876934,0.1300869330353368,0.10379168635546548,0.5925033838492666,0.8221620041698201,0.4789962699539429,0.29956979303176834,0.002596626632756331
-0.20788495588594258,0.4509895450565235,0.8396006801518872,0.7496633205212971,0.11054895670972541,0.6757250258725022,0.8655768188281361,0.20831580048330844,0.9159131064230296,0.5242944860584327,0.8810075141307291,0.10546355241527688,0.49830250441051516,0.851394635890315,0.7911843811289854,0.7478003204238499,0.03842892431932529,0.09853791916574209,0.007573936752131694,0.050041138596021474,0.007970262750424395,0.5718427455544544,0.021293489541923075,0.7068373498518086,0.039065234892846024,0.029192770313884682,0.1278619068285454,0.14290736438749596,0.14801820539448163,0.07830076793695766,0.056686934128140354,0.01171969150968662
0.11041856717435757,0.9534289910620715,0.8875087876159095,0.7954007477629588,0.1653307640974728,0.8721524041673007,0.9054028697546279,0.21929579292470242,0.8874446600885443,0.9372678281708848,0.9074146831960855,0.10588135477450356,0.3503624753078857,0.9940124677454724,0.8259531364016596,0.9664513794293775,0.49701504219165854,0.4747322983667236,0.48854792254406465,0.003373401625119135,0.02817009616589699,0.5169149710568184,0.030823740597725056,0.6199991408414867,0.031403172250590417,0.10357966761302712,0.09667325328861406,0.4576704185568824,0.8502175986396716,0.3800476078880945,0.05797527374921968,0.014604615728574145
0.16875060278070833,0.9169499981723284,0.9263613263144006,0.6909970981282315,0.14205606150437666,0.7254696162647974,0.9187933015584108,0.20119262802141177,0.9178524076618492,0.5356315044062673,0.9144435839169751,0.10778578216055693,0.31936620009653166,0.45678507146450487,0.8093022943630459,0.7875714180373758,0.8338767195443977,0.26064630558987334,0.1163446323462449,0.002631691628127965,0.0003685272899591552,0.07357534637473218,0.005239816035724345,0.8412644145801793,0.08898422729829447,0.00894062420863205,0.8521902383896964,0.35398071719262303,0.020807694820505738,0.37628403717895575,0.18114171859652567,0.014353058229716466
-0.29396081982620115,0.6866719163247561,0.82173371190809,0.9670991918061317,0.14281154480451325,0.8937687279894232,0.8979266786361456,0.20500811561742466,0.9445274982407442,0.9799793814468623,0.9153191473902539,0.09532237340635581,0.3725598797044449,0.984243242506927,0.8937004629898943,0.7860123785441616,0.016575066651021875,0.7015747948655567,0.006550318279664513,0.006985344732049283,0.010862077716785046,0.12881764289919465,0.019904654007485388,0.5960841528444214,0.7677337700907851,0.007936341225886913,0.02253257504319684,0.47235636900117284,0.01840747737294665,0.005939688776721935,0.8940439186585324,0.01891750952256223
-0.20627263765966372,0.4941340794234084,0.7809815223135024,0.9682701512040045,0.16045421861592649,0.6834872244908046,0.8856203123671629,0.20677973086443055,0.8971493504117388,0.5268196349226215,0.9100226653561564,0.09258796284891005,0.3209053751485797,0.8263793159151488,0.7963460432243872,0.8064266877881353,0.44369477730079177,0.8740708549785494,0.45023240049357127,0.012195358708229576,0.02671772271288935,0.1240702075300929,0.042159947995185236,0.618299749570999,0.6782715199962182,0.32908303015112905,0.08465347212832187,0.28629813290981254,0.10832210357996314,0.19955756864361354,0.8618128401888954,0.0037611053245517334
0.08330719879842177,0.4755471051219424,0.8208646100339613,0.7413008376239081,0.16092955489773608,0.9399953338490985,0.9190925071384689,0.22444931622359915,0.8831588867835221,0.8717551058094537,0.9005516016263586,0.10541539031979802,0.31848298280343035,0.7540380748636955,0.8436201697230097,0.8048699705283702,0.027041551694747312,0.9095616253517381,0.6257143065154586,0.02042641514767888,0.015385431674435322,0.25591340174182486,0.08069400213410272,0.8817442205797694,0.046504075959867,0.13857079954200804,0.09203299680461072,0.6063891429342563,0.7385412317398434,0.5251745678492699,0.9004130892651925,0.0007361463589063691
0.598913574878685,0.9979307545010955,0.8548364435218749,0.7799964346725958,0.1722302362965479,0.9227597025644944,0.9223078989256621,0.2068126033441816,0.8938499395166286,0.9821375597659247,0.8965256700736375,0.08924650034073861,0.5245773921956904,0.8948033050457302,0.8583838409975766,0.7847751900613187,0.6824628274639724,0.9092067381526392,0.010138727880664666,0.007990041323199294,0.021274805326368412,0.7970012561386088,0.008251740658151386,0.8470214908571417,0.9957274429844731,0.034530871483567295,0.21574459935720516,0.3562511649097583,0.0033895420988482496,0.4869975253217706,0.7502180415459472,0.0006139724147813386
0.07834138288168968,0.4586932327886953,0.8513284244800225,0.6252632844200111,0.1745726921907891,0.6871621801473919,0.9217884806803252,0.20679247574487883,0.8910237168865891,0.9541054451801239,0.9136330044878543,0.09944829735633978,0.48453216458033627,0.7295237775768185,0.8642758880867955,0.7430481797953918,0.48519063563062254,0.446264826399686,0.038465449790241864,0.0006521494220795305,0.021547168636933067,0.6080810473656403,0.03941967185589752,0.6104759127355541,0.09756859537941576,0.027885123952157656,0.1676575878316871,0.22513443051127185,0.10420601141791791,0.032401645938033796,0.7434550540784426,0.0030156624539769607
-0.38059419214692397,0.353257233961759,0.7595606386631817,0.96500048491108,0.0635585354726165,0.9919421464102159,0.9239551690311815,0.22238225909450224,0.917727491394546,0.7606280743457002,0.7920380045956755,0.09858622496096743,0.38389709712949693,0.8497665931369287,0.80743553033692,0.8714641841753784,0.013903915518126614,0.05773329585599796,0.5168847768557342,0.010609189935852085,0.008328149193797728,0.6118610528065506,0.03907380782258542,0.6712547950349009,0.10852546897313792,0.043836843096211546,0.05677848450613465,0.12287673575200103,0.7913941645242837,0.09171514290120181,0.8811557147514708,0.017442000285137118
-0.23366652064146898,0.858226916862764,0.8509934781249485,0.7529404808252061,0.18300741574332727,0.9229761922820606,0.8872395147341099,0.1962879541068696,0.5584559869998561,0.9846325669380621,0.9107091212816971,0.8633689896524879,0.3062080536693411,0.9032895521991722,-0.8846611509609765,0.7757274043110991,0.013727311210364516,0.7671782321066893,0.21837003549236908,0.05955044249746895,0.0004002866317498917,0.574129372558136,0.038679875363204004,0.08290833992171526,0.8851104997146372,0.03529930320583606,0.09078283580373588,0.8369525030373565,0.0065615910091735615,0.23548769570016437,0.19225114334836463,0.01853244439473508
-0.027400139584189076,0.9485088176101385,0.9417057634762209,0.9633424937150896,0.16160028305768503,0.577881919903154,0.9171711182993314,0.20728357303850303,0.8983201633883985,0.47336269380450224,0.9099002245012338,0.110268599749425,0.5134652358168282,0.9904764848058174,0.8562142246114879,0.9945737628064606,0.04905750282629001,0.5862299526697101,0.014206010732265656,0.010810177351353685,0.0469534105159438,0.48870703590950615,0.021317104528182272,0.8526142912332073,0.7535528135389779,0.4217332825151743,0.005666401748480217,0.5873240376109559,0.04207186118303924,0.08262531761724715,0.971530470164596,0.001554438891729723
-0.20655913773510087,0.9678182117500553,0.9090350627873034,0.912800264672688,0.15021058152904082,0.676054845058939,0.9189665461872705,0.20901606594633232,0.893275818132296,0.892600026776534,0.9147781529088588,0.10353002807243031,0.35853899017769697,0.9992411405093056,0.8653977505174996,0.7785071015655554,0.6400810020203314,0.872890298785187,0.49696285322875616,0.003607950506881341,0.04183950731516306,0.8312827516165322,0.0409971137705504,0.882812846619838,0.7676698237036345,0.07297194185878556,0.10379168635546548,0.5936738069474731,0.037469817911468306,0.4508075799551409,0.8854685524318298,0.0031255595321589835
0.017286188740679415,0.9640884182192433,0.7166295306139878,0.9032877864251836,0.15899718700762264,0.6359505536857807,0.9201411306804527,0.22476482464984507,0.9184535506375624,0.4248274216972915,0.9115358487339681,0.10791221670885622,0.6420230239244586,0.85737038719995,0.7819577558491987,0.8498287565792326,0.8055315078067217,0.8986232744552041,0.0164905129446955,0.0006812702966580795,0.05358645352057273,0.6948541175647043,0.03332973143657965,0.820108562819946,0.08623401950458559,0.699322907078623,0.1348559933357127,0.3580478302240051,0.8868647128320203,0.4217145854257192,0.965228887367987,0.014488966257451417
0.17923167401843937,0.9595176453554675,0.7664298218991425,0.7501554062918289,0.14558306775649968,0.9185723518762509,0.9317218788966743,0.21743942005911762,0.9149769919472001,0.8554659318633628,0.9151687338206603,0.10551587121705236,0.5567096134288491,0.7226938526822525,0.878715821039959,0.7677672210844215,0.6757916140586759,0.404141750460994,0.15296405718047856,0.012176474267856292,0.05207315849064245,0.20655696905192142,0.011949855593394947,0.8464087083846579,0.9848943790161144,0.39040161857200795,0.010264626157141604,0.3558990529265891,0.8583814335768527,0.360916491247363,0.8962741055583899,0.013580798794988302
0.5863262008638968,0.9488178589591231,0.8708032333647204,0.9665594949876493,0.18921544068205137,0.9566732090115959,0.9291899017648186,0.20189104572807004,0.21378776552322099,0.8793367133862625,0.8867237916787946,0.10164067328383218,0.5124368838903691,0.9135273851958561,0.8396304419123884,0.9916961422768114,0.8519405966514383,0.4639825317266415,0.19867127959358089,0.9317755807874565,0.3890890139327684,0.9889669793715565,0.009530471478996098,0.8126658966845342,0.7757625527864174,0.9428012222367906,0.08441226731280373,0.5954285528220157,0.8429193779909507,0.5739564772440712,0.024041753010555,0.2906089787207675
0.5127464027555326,0.9135599838252164,0.8866057214856158,0.9713800078075047,0.1376243974036379,0.9552293656460169,0.9109612456871689,0.20581634408664423,0.8812863906759221,0.8804080395483294,0.9074917951120275,0.08844519330222295,0.5059282220213447,0.9675757967250058,0.8874093375948163,0.7520731450102244,0.901948125488717,0.9631484725801733,0.5276597284816685,0.030690722791400872,0.06145827970149003,0.10942295093007523,0.04361169918682422,0.8462957713540986,0.7675919196941289,0.045925105818267684,0.10921097656931374,0.41452255251312226,0.0960303004059449,0.9555486870882393,0.47588131810605505,0.01877938405491682
0.22439690075244023,0.48654067972305376,0.8359872492399363,0.9797961673024012,0.16990879826739566,0.7076968256510842,0.9083010351958912,0.2150834132829716,0.9357892603986612,0.5293808953832415,0.9112763741410703,0.10577541746072057,0.5920129279646174,0.9472686640857166,0.888191489413187,0.7048261751418234,0.029628341004870166,0.9276208351803525,0.012300365591127085,0.056820475716452774,0.050605903546473985,0.16608715152165893,0.017555954775019977,0.8444736725369405,0.10897491753162858,0.16823727397050814,0.005363461362970029,0.3936025953836631,0.8702194187550698,0.004240648803456842,0.8947600166296951,0.0051467497336036136
-0.2880842608045562,0.5526991862777177,0.8527512034899254,0.609957261924915,0.15619960085327192,0.8306289779046118,0.9050057845446055,0.1576731424940585,0.9161851019748084,0.5364112629920578,0.9184882173716782,0.9992038970774872,0.4843378577919868,0.9290922569265427,0.8569659811534741,0.9617583616304712,0.6259650203657985,0.7232590977749789,0.017325420441340278,0.05865628637349721,0.5762793405712215,0.5683750945078894,0.008796511700472128,0.6893417414711285,0.04167273277367495,0.0056810636551615015,0.19678015703710774,0.005275938851973139,0.7933889004912726,0.010586869281911871,0.6643665175355109,0.8902789531260763
-0.20517498400479908,0.902953817627835,0.9352473591495591,0.7351405822107412,0.1649890662667868,0.723014134885132,0.918733985097198,0.20659789256944294,0.9039790452555097,0.4604963831069107,0.9103980578851149,0.09286063501317592,0.4766907071515185,0.9731199038525123,0.654726752329134,0.9987078289937734,0.14686062180884624,0.6239181165715322,0.004401926441806838,0.00927865238394666,0.005006768992953827,0.49395147742334033,0.022964149370952702,0.6179652453934406,0.09674587640442034,0.06526712405027882,0.17301003461198064,0.44706815860423066,0.7780472747455094,0.3950075168122323,0.29465154710051766,0.0038450787272299386
0.602625935693695,0.9606101782846468,0.8310054013558469,0.8021108934813066,0.14054526942072806,0.7040159093598719,0.858690404928461,0.20451231958251645,0.8819911344420625,0.9478412973769439,0.9041502889736626,0.09900043258665692,0.2901988347807711,0.9867602212174371,0.8625821890855531,0.9971264933793422,0.03508733306503513,0.7798564837190922,0.010387917597012297,0.009698603665745986,0.20425513253307098,0.10943547665658672,0.989502832136237,0.6017264269269598,0.8795665341491004,0.006076874118384578,0.03780932991246118,0.4047329597217374,0.13807006388224366,0.987417202669874,0.31614172051217815,0.00679048673830196
-0.022967291044083127,0.41365501351167333,0.8698449023007796,0.8134191735710267,0.08297838493303251,0.7008872542657224,0.8846116267407516,0.21774316444726882,0.9095284283619464,0.6603865641912533,0.9110201927839846,0.10522601396853666,0.43668362299949415,0.805005818877844,0.8310683315964719,0.7792001578435133,0.00453650765843433,0.7634970570129721,0.5460316551095385,0.0245288192947452,0.03958182101053981,0.019559531376201866,0.021379300685648583,0.8020477516133011,0.10459602112550048,0.008125655605079468,0.21345302515872594,0.15948753765380264,0.7731254374497141,0.1576719077511441,0.6429527795901173,0.011895700364227798
0.5923022777488915,0.96386290715849,0.8260934249688365,0.8016859778541668,0.15273693142625044,0.8053001580058172,0.9299433808545962,0.20371800845028856,0.919918464900823,0.9650290458632438,0.9079350063417704,0.10478321261835861,0.5215534262955019,0.9639169398137065,0.6733000367666224,0.9034721374673194,0.001652309629708304,0.3864246245462091,0.37154303238593267,0.002887247445228728,0.04509079716286303,0.007527004833393382,0.008335967882283496,0.746291582227266,0.6330101251883302,0.09582737997413915,0.1571782880692144,0.4894205555398663,0.013333889018586287,0.4623201826374903,0.3688978915175428,0.0027609342862369127
0.06461676882487025,0.4756305246474282,0.8448832073300798,0.7577679767621837,0.1456681099399224,0.6785731089540541,0.8777901045503305,0.20670349349320088,0.8831379205289303,0.9541822482195758,0.9102917473395647,0.09408429244228382,0.327883269595252,0.8140461025023944,0.8329648745537874,0.7654816012068856,0.16153875832767553,0.5749045346697191,0.1600165666094372,0.023680571442637417,0.030483450440924986,0.5562722007150699,0.0059039328467689785,0.6200621565613211,0.8137924741439061,0.09071408378900703,0.09189740231183287,0.43782683911012393,0.811747618368816,0.38657766883274114,0.229084969632196,0.006405278062402375
0.3546758307243041,0.9464201725194994,0.8348121618504607,0.7314652911499221,0.09764607618067547,0.6646732863974895,0.9253025028468586,0.20875732988129286,0.8776565965526898,0.8602828358183435,0.8807941745189936,0.09017177371498064,-0.4793846009332259,0.7282234366538797,0.5951591690994057,0.40451196641042597,0.665289984233223,0.8657882922414696,0.02574253642612084,0.027951172691308597,0.016553077611246643,0.06757086922553035,0.020041476488892096,0.8392295125337798,0.10331439387487218,0.011535691946395144,0.036761540004393786,0.22290960420789713,0.042825070908116734,0.04150476404475109,0.05794252705096509,0.014748915023847908
-0.2257196838259106,0.5036048366148682,0.7700055189012908,0.7614816608640703,0.13618198502643045,0.5978326677983209,0.9193244249114274,0.20685547267782015,0.9143004024312577,0.503579272510319,0.9149745321558935,0.10515325259006339,0.33380604651873924,0.8517183732405167,0.8014452465322887,0.9688405669111113,0.0348365541781601,0.4340182404410275,0.006326837439404806,0.007034896899466474,0.003901958980292733,0.549474953685175,0.021807840215314952,0.624037393315461,0.7715523701760691,0.043441183354349336,0.08920113111386178,0.30775654109912115,0.01885532930849604,0.014868846089099996,0.895738566841575,0.015284024171560778
-0.2412844041765203,0.44951679429496544,0.6299711613936557,0.7457294871076093,0.1579419096881233,0.6247698681482725,0.8842559660267912,0.22472387326409726,0.8958526973654892,0.5181320633212233,0.901012674522644,0.10577552756805576,0.5188959307303106,0.9884697729949614,0.6783222319099136,0.9624166416434221,0.044753624926460345,0.42170660287793094,0.14175981087225453,0.004420422664248913,0.09453583492368905,0.0475022941740586,0.025520047217718847,0.6202038659545313,0.10624859865507286,0.08428505395283972,0.09192020082005442,0.2718045595819617,0.858043785215795,0.03670157320736417,0.010316078337793688,0.013633767066712871
-0.20741851700478803,0.4068839215207514,0.8212083617026014,0.7569577101514935,0.1592279453317046,0.6760886532437217,0.8873757543506999,0.20695786169734526,0.8875359506041343,0.8664114867656741,0.907672286342778,0.09382497105172873,0.37580143045553904,0.9045525432345488,0.6785265932378575,0.9492151221069401,0.020854861530860663,0.46517130337172113,0.13471308493098058,0.005879515186782258,0.029485265156126414,0.4834858574466289,0.03326452254247386,0.6200621565613211,0.04185385485304205,0.010850289702659895,0.09333941635265823,0.4410059973172449,0.7399610951727118,0.386340980872982,0.07485510206919616,0.0027144970025095305
-0.260374970426518,0.4735414660399864,0.884064644095308,0.616795379945823,0.13960111724392124,0.9859197742766662,0.924242226061254,0.2071573713290329,0.9193875399867883,0.517100521974658,0.9121609273106567,0.10509539599283625,0.5304826967352159,0.9450289065039269,0.7855282400512205,0.9733587414215197,0.030991290561661555,0.8347185017317676,0.3324629869898686,0.055566392082345886,0.23523808862476273,0.06830836374789462,0.013625403299191752,0.6849433028461188,0.04999347136225163,0.07846483850108082,0.055820574720690644,0.1634170307917028,0.8176824366782117,0.20677776808333886,0.1044188931153505,0.0011586733019478999
0.16875060278070833,0.9265732013991157,0.9263613263144006,0.6909970981282315,0.14205606150437666,0.7254696162647974,0.9187933015584108,0.20119262802141177,0.9178524076618492,0.5356315044062673,0.9144435839169751,0.10778578216055693,0.31936620009653166,0.45678507146450487,0.8093022943630459,0.7875714180373758,0.8338767195443977,0.26064630558987334,0.1163446323462449,0.002631691628127965,0.0003685272899591552,0.07357534637473218,0.005239816035724345,0.799032906938033,0.08673215009314972,0.00894062420863205,0.13455950715801784,0.35398071719262303,0.020807694820505738,0.37628403717895575,0.18114171859652567,0.014353058229716466
-0.4428075753125774,0.5451578205433942,0.9047550571043252,0.7340678747896628,-0.005526585838788595,0.7330442352327889,0.9482183713225023,0.2169319820039674,0.23757892658190094,0.8948204197330758,0.9149388509851194,0.06333675574311676,0.5250288262841556,0.7659930859331119,0.8574863571038438,0.8872034659006092,0.4719621894093114,0.616649173188261,0.01709562491803176,0.059967062847129375,0.06244473269802875,0.5594608470917052,0.5621242726963487,0.029972220617091982,0.004489537502213925,0.9589527484965459,0.1507620825892647,0.0026225553364262466,0.8529317603649502,0.06623267651317538,0.22574957633406162,0.9017118460854632
-0.08523267637265786,0.9546045568918087,0.852292533469441,0.7941152091802891,0.13885639387318707,0.892992065494733,0.9263855354605821,0.2053285172105987,0.9196301456602267,0.9532146091031619,0.907507552092963,0.10359260669095331,0.2946464402926889,0.8617847562240668,0.773299340832257,0.7032508231564049,0.44414734102930814,0.6156174692453761,0.48557072787240885,0.00029213275814928073,0.027154925582131673,0.5756826919185222,0.920335717106386,0.8462957713540986,0.6297381394741979,0.006886369503745487,0.13883109621049236,0.40967084316385755,0.049754763002749905,0.8760064589718959,0.8955063712290171,0.00595785759066154
-0.19090512491956063,0.44542271794824406,0.7969233397001159,0.6819170188153274,0.13674059859117454,0.6669083995805345,0.8865664843257803,0.20676129023139495,0.895114317609008,0.6334014041945714,0.9104663500082276,0.0937632383910831,0.3344707680244898,0.7259037035961797,0.7977190978581393,0.9751097095757352,0.36829426604853754,0.42943538807778747,0.0067644875266241605,0.05957898369299805,0.0016557967282018107,0.7508141430345053,0.028216481765450323,0.6162608507270407,0.7548611291265993,0.008276356752424996,0.0719918928586728,0.30631239663151183,0.022274566636516877,0.039571772406620936,0.8442194896775825,0.010336076129054832
0.5926077393232774,0.9917698906287751,0.9546296727994557,0.9740153924766408,0.1406280135612141,0.6753853724823716,0.9064190251176834,0.20750314911125972,0.9307572298633623,0.6209466114516633,0.9407860889493445,0.10793913041492269,0.3346422675522528,0.9924931357334508,0.8636909228544752,0.8045409902181136,0.7164303863608987,0.8340431333524799,0.5549903360158608,0.025306579048271678,0.026002657511504296,0.06587129045369577,0.00713417245769328,0.8592260184031699,0.11518297224794044,0.09367614948203844,0.04881201029457411,0.40832014263749267,0.7798716709291036,0.9653092767493006,0.9605435527489901,0.018951607368941838
0.5091097736685699,0.9693882584377957,0.8974042029391841,0.9881835639262074,0.2477051218584781,0.9209117238911417,0.9435598227987071,0.23979900772746945,0.6176258885047802,0.9510280039675975,0.9131844373406311,0.9663516079016744,0.5571782330842521,0.9847465871557153,0.8466981145202946,0.9792216159667737,0.6908881355344612,0.7647687294186607,0.10865152253990563,0.0636672481042098,0.16645058884586827,0.9251356043719325,0.12318584928740162,0.7982007209805333,0.042910136465841374,0.16812741439500464,0.16521522394658514,0.30181367401421966,0.9335311088402763,0.04772084100065416,0.9698171136675701,0.875671387857675
-0.20790738243178047,0.45071931610047505,0.8579350378347108,0.7456533159453586,0.11054895670972541,0.7077996620663679,0.8660072587498127,0.22433572358912865,0.8881438531074054,0.5206900865040036,0.90118023765096,0.10529218311637145,0.5060121704023675,0.9054854235587319,0.806342464378223,0.7632712443967784,0.0415960690516928,0.09853791916574209,0.002752687850872071,0.01247952550085589,0.041674767732833976,0.5708107705154207,0.038377482364149895,0.6218581788809607,0.036329188221204345,0.10480003317737227,0.16110858736868733,0.273075086503378,0.6203080097551541,0.02322096765654634,0.07090858333227126,0.0014102605973458724
-0.19735803306364824,0.49241408537419173,-0.7877247877605706,0.7506519944735834,0.15783176604856472,0.5978326677983209,0.9204500454970677,0.2068710772776565,0.8902823733684513,0.5808639088557424,0.9102835174858354,0.09364128083755428,0.47821104847835694,0.8556911474918876,0.8139723130856934,0.7659768635507002,0.06550335693679261,0.7791361725165594,0.009715718649203245,0.024860135806796878,0.011725060894820196,0.549474953685175,0.02254720515204251,0.6239109106064852,0.107917715232584,0.04586975760979978,0.056813869432422226,0.1586157787905881,0.8114899396749623,0.022290820190502464,0.04290676325551107,0.002294365619776597
0.49328130589355734,0.9575926649420943,-0.7382183382779162,0.3739094323586386,0.15655182547338317,0.6697501858705166,0.9108732176172897,0.20820582385500594,0.8938499395166286,0.7138586564234981,0.8965256700736375,0.10575170387050016,0.3825231114811315,0.990542453890771,0.8587141736247447,0.7555290991810526,0.6765027133140807,0.8957636122123454,0.010131714647184492,0.0076054825301241635,0.02881923428933888,0.10248934932728815,0.0027230380861446796,0.846896527652564,0.9724127515613118,0.034530871483567295,0.037432917367136866,0.3539714289184581,0.039973352152293605,0.1469412272054122,0.6833884310694692,0.048127152710253696
0.11472020535115598,0.4586932327886953,0.9449853529499547,0.805205058130745,0.17315303768044382,0.6871621801473919,0.9222352390603443,0.2065852562468487,0.8910237168865891,0.9812158532933963,0.9136330044878543,0.09944829735633978,0.4962756345867223,0.7295237775768185,0.8659309115837743,0.7432031249830119,0.48519063563062254,0.45272204756188605,0.03834146330324646,0.0006521494220795305,0.021977503084593532,0.5833546546855085,0.03978740283114633,0.8558555439791954,0.8104952528043557,0.027858104241657418,0.16516078255647937,0.29101314183579313,0.6227150915881936,0.5136484783859622,0.7559326065500251,0.0030156624539769607
-0.20578447305749584,0.48579764633554195,0.8349989729594286,0.5771397054771159,0.07892035366554544,0.7192516894874977,0.906671873719882,0.22238225909450224,0.9312549619310511,0.5351029525146386,0.7803147248098721,0.10673781841047927,0.33583248402231014,0.8295729284387345,0.8804452956529313,0.8383993052084497,0.03953103471646974,0.5769926737586731,0.014035773665299133,0.018840069296014506,0.05208878235721458,0.5797622633926595,0.021123148685429013,0.7232643366614826,0.7312110121779627,0.030127596992653202,0.0003497355575088554,0.17339855703913742,0.019442941352255938,0.34762587962517705,0.7746924423903268,0.018024451807748074
-0.1242735281048024,0.4854152039845514,0.8243768340549396,0.945690742196658,0.1435391300874294,0.6799178686976606,0.9250039541970406,0.21225449697966017,0.9174603031039292,0.9376974644463365,0.8843187630332556,0.10511968855833555,0.5152115766034839,0.9333591118175408,0.8152070002770675,0.7266875305669133,0.03240527920840658,0.028019334727894696,0.15800422957535268,0.06473178773281792,0.1731400094545913,0.5774891332314017,0.010606332642008318,0.8349591239604482,0.016306403740730724,0.10877505580192603,0.1573667279192671,0.4431276181434198,0.8625754466106199,0.3829738676806478,0.7173791900770539,0.012852530623207181
0.017286188740679415,0.9361684280905902,0.7166295306139878,0.9001752661590227,0.15862789163675678,0.6359505536857807,0.9166643435031426,0.22476482464984507,0.9160655024942791,0.4248274216972915,0.9115358487339681,0.10716439980160393,0.6420230239244586,0.85737038719995,0.7819577558491987,0.8498287565792326,0.8055315078067217,0.8986232744552041,0.0164905129446955,0.0006812702966580795,0.05358645352057273,0.6948541175647043,0.03332973143657965,0.820108562819946,0.08623401950458559,0.11855804150674387,0.1348559933357127,0.3580478302240051,0.8868647128320203,0.4217145854257192,0.9323742620157452,0.014488966257451417
-0.20521094072450657,0.9467368658818074,0.821149484850126,0.8029434132119844,0.1671341649722304,0.617299679811505,0.9270076423682316,0.20593810908052168,0.8870654635473615,0.4682518699028175,0.9102915426651483,0.0898833667606263,0.3295471745650702,0.9958227435607381,0.7762041753986685,0.883799725926717,0.25957899117458355,0.8719407470350142,0.17737757848629213,0.012471246430720312,0.062204382994822144,0.6125254492430813,0.005102145603275399,0.6051580122294298,0.08893358183679223,0.040789951458159494,0.11175897019430715,0.4384123590111801,0.7782595521671617,0.04820192349141464,0.02168577980153019,0.0037336967996135177
-0.20992440055505548,0.44761589154176196,0.8347381898198847,0.7082693412249508,0.14233878184213483,0.6742153553684243,0.9234611714934745,0.20512474081468926,0.9368714455114646,0.5207090880939997,0.9151196849291696,0.10580174394617295,0.3232145216147313,0.9504955060771804,0.8622389644637671,0.7318690975113504,0.03936437769219542,0.7573061861188478,0.43990825061480887,0.05178993565395036,0.03410607900135121,0.5259892803128945,0.05059653206935151,0.8533368936206445,0.6576150017471438,0.01307498058678809,0.04258154673059061,0.437076476439221,0.8205091823590266,0.03694036668009226,0.8464843692745518,0.017199117692064305
-0.4442603023988651,0.46015770510257903,0.8169432985779072,0.7457625511931472,0.0791938349519211,0.7330747740789987,0.922860062456845,0.22192592599107347,0.9150773183530236,0.47776018023082273,0.9064640319229734,0.10766882347664919,0.4586189914624271,0.7112302667504184,0.7940583121314759,0.7958127930963648,0.09036156359345254,0.7821420019849633,0.4965422306970039,0.0235688237293488,0.05213678951491074,0.701522509188109,0.2239647974901543,0.8463870168060877,0.009903560168808168,0.05188792277596692,0.13598516664483312,0.166723644883378,0.9161408720583475,0.05562859494125433,0.9267704268544513,0.016656831774980445
-0.021196215057680393,0.4113361855157149,0.8350283461498387,0.8134191735710267,0.08109711552699572,0.7008872542657224,0.919526648454199,0.21774316444726882,0.9331241879635613,0.7625962068597668,0.911269164497615,0.10522601396853666,0.43668362299949415,0.8042158208240099,0.7309097184178863,0.9001917022527955,0.021445174505127382,0.36892790537942516,0.5448895652642243,0.04319336865744372,0.026379818000594715,0.02099116306167062,0.030167471360417697,0.8020477516133011,0.6300465963726715,0.010693970478517091,0.20265256985666985,0.15940041083151552,0.7731254374497141,0.13910333245253928,0.8590326220897619,0.011548835519302393
0.46648192393703963,0.9494657234016481,0.9014418140085703,0.9736056914552647,0.10811482838850335,0.9868396580739094,0.944809733504821,0.2087673404885102,0.9985882310632666,0.9323067428916966,0.9412926604068678,0.10808505014952723,0.3299790190796837,0.9995027192346118,0.8577087852163381,0.8816427483985593,0.6365348570864341,0.9056297337800223,0.451625466856369,0.02155455119696517,0.06996292482085611,0.014703860516983858,0.04024013511200169,0.8601602739986296,0.10624942833166873,0.007766423983941964,0.08139507499055891,0.6036988451345159,0.7372486735637095,0.8750832126246011,0.7090890613015108,0.019372582857700736
0.14726698810730462,0.9330383873289432,0.752138762760244,0.9133740483029219,0.12136616946107523,0.6352996212921419,0.909619135971545,0.21890559225701417,0.9016884371181118,0.8813371460410062,0.9191952193391761,0.08703705481729526,0.2680868889655755,0.8514550771487033,0.7805516521704403,0.7844859465686768,0.43998090709665816,0.48487712452402276,0.008225019386934679,0.011165992717136843,0.02715195890519692,0.00041703074493330827,0.030628407404507573,0.8523560720661829,0.6293963425127004,0.006083428592493468,0.03734154437187189,0.4191590179471296,0.09925427689263747,0.5707715121386226,0.2073674157246429,0.0024108715279593735
0.5991626840322883,0.9979307545010955,0.8524045322835001,0.3739094323586386,0.1722460639907926,0.8608017275179448,0.9224730092506187,0.20682688160061047,0.8938499395166286,0.9475007291596776,0.8965256700736375,0.08924650034073861,0.4093058570987472,0.9883855677998987,0.8598268690535511,0.9795153743478229,0.6824628274639724,0.4245248709306617,0.001354754062630359,0.007989267448243745,0.04699118011584165,0.940203294309044,0.004562642974322004,0.8470214908571417,0.14791768469065614,0.022415308334531647,0.2150373365487775,0.3562511649097583,0.0033895420988482496,0.9416590213078669,0.7502180415459472,0.0006139724147813386
-0.6000301177752704,0.5526991862777177,0.8521825224553138,0.609957261924915,0.1538458305277244,0.6716713138397188,0.8828479873904022,0.15899848995078045,0.8982183457846561,0.1682944981205307,0.9149340084836428,0.07028555206517118,0.4843378577919868,0.9290922569265427,0.8569659811534741,0.9617583616304712,0.02531422348601814,0.7187392442883112,0.017325420441340278,0.05865628637349721,0.5918575993266764,0.5683750945078894,0.008796511700472128,0.02023008987211897,0.04167273277367495,0.004549435358285954,0.26731691731588975,0.008260382592916449,0.7933889004912726,0.009761638816503639,0.6768893012543655,0.8902789531260763
0.5783125384214991,0.9882375275355554,0.838879078203472,0.9728589554465825,0.1412898315939551,0.8174956474811637,0.9018748221614935,0.20819329446098453,0.8812863906759221,0.4953248545093485,0.9419710089139371,0.10582800252458642,0.37777394877494397,0.9752808663511955,0.8900413535741554,0.8127171151636126,0.03996306826816258,0.6435298387575369,0.43956045113803993,0.00039627696846028515,0.034283947936312203,0.09565998692413583,0.04450903808177814,0.8096203815594001,0.6415914032794747,0.020536055116235,0.05686290179672136,0.3840707217154322,0.19406814172752218,0.9555486870882393,0.9432682832772883,0.01919505182859526
0.08771805173612449,0.47595294406221295,0.8207714886187958,0.759664055504264,0.14766419599396124,0.9340456187483521,0.9190925071384689,0.2068207056266351,0.8834454206344381,0.8717551058094537,0.9005516016263586,0.09178179725837196,0.36320810431022216,0.7508500663157032,0.8259114710722606,0.991375332796202,0.6647964628659757,0.912005824142306,0.6273279620702406,0.02868721022063291,0.010654483684503557,0.2930974117003903,0.06659122049896812,0.9247323497965003,0.017880592997388145,0.14886804910148344,0.16797869669213944,0.6063891429342563,0.7392239801377224,0.5373103408823632,0.9271525017541804,0.0009597241190570363
0.5010680917930623,0.8933513570716111,0.9035604028954916,0.9573836761168992,0.11160805776845113,0.6994451902715997,0.910723134857988,0.21381259651680637,0.8994328151659889,0.5933101052199934,0.9102681848117122,0.10408059533679159,0.33048348547246525,0.9980083982917143,0.8081909373094853,0.7666852269247719,0.00677797495712467,0.5273020091162257,0.4785003714156361,0.02092328366906301,0.19851716083676574,0.5812286887405995,0.003698700551618816,0.6310809448564193,0.9645208792944167,0.03436680587974864,0.016827594069787948,0.38943790660326266,0.14607728304005724,0.017016111325425215,0.015020368780157223,0.008652602873018334
0.11602068057389353,0.9553602849121471,0.8892705323355299,0.9966580070102773,0.11320199861416178,0.9403487635182489,0.9416256660085525,0.20918183984599753,0.915529748998324,0.5927437610012131,0.9144604647939227,0.10853967116087847,0.3842276308333667,0.9593256213372029,0.8710257223248338,0.9975064282590191,0.49035703457858754,0.7001874787888904,0.0328554754856079,0.00857752962721289,0.20690317113837656,0.10009826544940836,0.0262811631680141,0.7417008560341831,0.7577009371125303,0.03906379789774576,0.09101867089990356,0.3084298473531532,0.05789659849345763,0.3444064057418732,0.809897844616447,0.008885588905284014
-0.057208009925009295,0.5637313423259317,0.8738752078866525,0.9227297717490529,-0.001025781983168647,0.7040418641902306,0.9604521324106257,0.15926365210849425,0.19502265149398812,0.5948853337942667,0.8755189282468497,0.15922413109612277,0.481992354250994,0.9862969273569598,0.8386201932865743,0.9721445696740797,0.5434481521252226,0.3917264543016902,0.046535850913403565,0.029930418552903525,0.003053491723237895,0.799201267273947,0.04728156414091744,0.035548591497235604,0.16585678551469385,0.3689293915499004,0.012145766938924395,0.03300211219810671,0.2520755115951801,0.060448394879975394,0.8692331415408108,0.9028601875146978
-0.247541895625409,0.4849283560997495,0.8333099660147634,0.9125434444998791,0.16450128035075787,0.8807058743655772,0.9208152341025462,0.21812108343661027,0.8776671230600368,0.5013013096918667,0.910846972981915,0.1075651584196587,0.31719020369214257,0.9624917555587283,0.8014955044049296,0.9893530872058323,0.49449927893780055,0.7380241093708969,0.03738328536064979,0.05379522691589425,0.003349469180803856,0.5641579150144979,0.04810376303151144,0.6201217112571462,0.78256296125455,0.35627863688665995,0.08435358595136569,0.4417748319199259,0.7754948275861063,0.0608036265675859,0.8103010946131487,0.01869157003564665
-0.05270635841016892,0.35751284704259156,0.8056136607948303,0.7107387238825241,0.07964891360147937,0.9725406664013969,0.9604711430328821,0.21812673778751845,0.9402154634877168,0.899321864235429,0.8916466249824695,0.10836250561684424,0.3020856109164609,0.9848516866569375,0.8551547148106846,0.9804897106039994,0.5148572552121277,0.007883116443723581,0.13657102616846895,0.012294496882770498,0.059566944291643956,0.5587493356567773,0.04725601229645425,0.6897399387097908,0.9326601340333134,0.034388365680296795,0.05422241505085896,0.16217268949323677,0.7701860757097226,0.9821774816100046,0.8991132809138657,0.015240170543040832
-0.20848774229624958,0.4051833319966549,0.8275766957255946,0.6660964377596158,0.16157792759580378,0.7672441672282119,0.876075415403108,0.20570366521656633,0.895050666148842,0.9477150389485971,0.9104486068931787,0.08527591897363021,0.2959045026529063,0.9124625740489732,0.6620053342926444,0.7632244245446695,0.4428713516338697,0.5143071053394318,0.01978951273096574,0.010611540302702678,0.0526124647318452,0.028437042131668283,0.04563366940061271,0.7936526056770271,0.6971205966955638,0.018333442478046615,0.05480849949304722,0.36035549741712897,0.8123948027441392,0.38630197057474636,0.10254716747786957,0.0024844457752812854
0.09693176457922684,0.4554544266178881,0.8270654308806157,0.7466490782340435,0.14054396465282767,0.6904195140181792,0.9244522412377133,0.20559149761254975,0.9149560374484667,0.5205433294398987,0.910303670890582,0.10466476766316296,0.223731340747465,0.8229340668339887,0.7989488770424703,0.772295269605941,0.001416748961101305,0.8008536510087019,0.11169560638414727,0.012393911428312643,0.00999331252672421,0.560138497497331,0.006177060134432449,0.6070891815321245,0.9065712015679661,0.0010365013875265894,0.03847614340017442,0.2922270072493742,0.01834344517373183,0.07156472456667382,0.31668317536897783,0.0037609215279503522
0.5068328130266716,0.8945560981609973,0.8864822325437678,0.7901982892928662,0.1450924350829389,0.9857148930506539,0.9189040435093825,0.20496026311918258,0.9387816427472216,0.5178276638150019,0.9045072719590127,0.1057774853071807,0.4715495731672409,0.9988430512553619,0.8732251910016611,0.9738029363645575,0.031426797238439774,0.7391009046742297,0.48065806042983494,0.030380140269572666,0.018410953684298126,0.10857515174344129,0.04394448489241865,0.8532048419632714,0.9436190550513612,0.16171440874502582,0.0359884756485462,0.44923348872961444,0.02095801030476339,0.704012645640979,0.8962629913812968,0.006158661058683615
-0.20517498400479908,0.902953817627835,0.9352473591495591,0.7351405822107412,0.1649890662667868,0.723014134885132,0.918733985097198,0.20739674880400816,0.9033710799938289,0.4604963831069107,0.9103980578851149,0.09215358138094037,0.4766907071515185,0.9731199038525123,0.8688012297711248,0.9987078289937734,0.127891719301238,0.6239181165715322,0.004401926441806838,0.009262162660869416,0.01506603000511976,0.49531307675822334,0.022964149370952702,0.6179652453934406,0.09745869861011991,0.06526712405027882,0.17301003461198064,0.44706815860423066,0.7780472747455094,0.43602809150112715,0.31817663272185415,0.02058976533734392
-0.2804157552850018,0.47592968978892813,0.8744961411068537,0.7122093728205003,0.1415541633897726,0.9943075946036737,0.9190578267182259,0.20747738469894944,0.9134833864175191,0.8429815611619496,0.9110917397264934,0.1062301081853794,-0.5562587925425636,0.45629582297415494,0.699974137927196,0.7678250812454033,0.18780419059588108,0.5555937001727385,0.01086085760321566,0.017824692646411375,0.02694181773152993,0.6951800005030353,0.024496384412025386,0.6788435874304496,0.0650343658315391,0.003411329539046753,0.04897361556157695,0.15823520953906864,0.040280865871306616,0.03274639866567147,0.9659284035599042,0.012287106620563964
-0.2094739003479881,0.9463813263315163,-0.7562792950674571,0.7659002417536519,0.1611661892283192,0.6702163076250562,0.9229949253472859,0.2158544642345376,0.891455108203736,0.9644440296083479,0.8966596730613459,0.0942013395562637,0.3250682140459343,0.8028854624229392,0.8308615638424912,0.7903069317926432,0.08468403523328082,0.9307601122425366,0.010138727880664666,0.010323904482575658,0.012522278483763714,0.018519752675720286,0.009917104221353473,0.8471219999443959,0.03288911150890578,0.034067086555089617,0.09105128603925473,0.3033634916867541,0.7339020828022771,0.14327372492663157,0.9921625405751388,0.009928920620812631
-0.284736187015981,0.9511831951920934,-0.8771133722497133,0.7499157249601004,0.07951755525727403,0.7016538979714915,0.9082348515236842,0.22374230287368546,0.9395936373365743,0.5860840817682715,0.9123405052949024,0.107686983571737,0.48723738074001405,0.9790144350115874,0.8325218265428013,0.9757006599461364,0.6824768112092819,0.7239029075230559,0.014506321939516453,0.055090656302921745,0.1829106207818664,0.6632533981854,0.9520288755948694,0.8633702092967984,0.7703335204768013,0.025070799978331004,0.10824187972812872,0.1577245637760966,0.8258124356822233,0.01597057743596697,0.671823931282266,0.019092979068685234
-0.20632190947753554,0.4445801479816683,0.7708931052935974,0.7533249747583548,0.16474215219405713,0.6630194766805025,0.9192930367607735,0.20797790846276376,0.6059897408330577,0.9653442749306971,0.91028082953817,0.866365505761866,0.34533636809371515,0.9817387404264118,0.8073201373107641,0.7958163315283134,0.008713675499936818,0.6121505130598675,0.15333246951343563,0.05720654602260472,0.026261130018115326,0.3555200616746619,0.23693099614419458,0.5836504446934172,0.8484642875397623,0.08555809872814257,0.026602038567540134,0.45266250923596024,0.07677671494869967,0.059225769418791374,0.9927024139994612,0.014523634928500728
0.5120927708918027,0.9540637189183339,0.8795451343082892,0.7996819909655482,0.1745694727507932,0.6871621801473919,0.9194902877382062,0.20679247574487883,0.8910237168865891,0.48937767866735293,0.9032304056357252,0.09944829735633978,0.36861531182013,0.4956941731853751,0.8788962993111884,0.9657834194384668,0.8727618847505709,0.33662497073052366,0.039632448912626135,0.0006521494220795305,0.021547168636933067,0.5833546546855085,0.039600952415223795,0.6038372912314681,0.6382392339048595,0.0037616165299627514,0.2483006448483278,0.22252373310771373,0.0961293655408686,0.5457131738581171,0.009223119651001921,0.0030156624539769607
0.49765576511407267,0.9494657234016481,0.9014418140085703,0.9312220840510202,0.11358558699494,0.9822028984115877,0.9444176988611833,0.2087685375228135,0.997934426290463,0.9368865742966185,0.9412926604068678,0.09455253807046825,0.32997631842966174,0.9995027192346118,0.8073386225661342,0.962520380889647,0.6890152120240793,0.9056297337800223,0.4843495175460178,0.019915600133173755,0.17326226072744377,0.0014329230598011389,0.044030990706085904,0.6721554533278981,0.7921471449196936,0.0030115421049385013,0.05322543777068629,0.5943358724496279,0.8624639046993041,0.5198539048358293,0.9560357683855453,0.019456177549924892
0.08726918124264693,0.9432999117532328,0.8343118806140769,0.7005345820572926,0.1615673089622829,0.6959384259846823,0.9247045430620187,0.2022256929240887,0.8887546808805997,0.9122345885364536,0.909524587816077,0.0934202186673758,0.34406809468861677,0.993010619290378,0.8147470819171415,0.7655552272766963,0.5388021413546731,0.9592516466653526,0.2633282534160747,0.041803591015255485,0.20432893084368728,0.48612838781554996,0.0239873032018872,0.6200621565613211,0.8820089477239123,0.08413271451151828,0.09182573894065967,0.44815278234439043,0.05798540270243008,0.18953493978819333,0.9674130510644148,0.009732695251123509
0.22994341491770157,0.44407179615540376,0.8523949077191607,0.805205058130745,0.17567775122956458,0.9814155488698092,0.9182538612108982,0.20677940465672684,0.8963510582356246,0.9787124588243564,0.9139798733679803,0.09944829735633978,0.3926496401511174,0.8486914835366549,0.860461582908083,0.797314380604137,0.43322064216266565,0.8817088404915847,0.16654207739383323,0.038092241273584286,0.021547168636933067,0.12045062048709798,0.15311640735612012,0.6261641567842712,0.18814664242550083,0.02439727508754532,0.29173874510609715,0.4448355368836937,0.1906320644362306,0.4368531050713097,0.7966078085843047,0.0030156624539769607
-0.28219687583333253,0.5405922754991505,0.9023841760725133,0.6742425107007388,0.13989604958427276,0.7997093071662251,0.9106392952229386,0.3226838696427277,0.8992934864412727,0.9051510628118826,0.9138498553275999,0.09544345818378945,0.4845872474493749,0.9867384062521734,0.8340223976163255,0.9937217995593898,0.6698837255764621,0.5519993770974622,0.8361792793251175,0.0679388972880835,0.14127603519855728,0.6904144960912063,0.5531391322685921,0.7853051118585636,0.9394988857680737,0.019472657174972985,0.14371090503703665,0.011033604694521998,0.8185975828869836,0.21853873930143244,0.4171858926859527,0.920059239994522
-0.5748861294840768,0.48126509772535037,0.8466472658727084,0.7467405178499982,0.12580639200414093,0.7067281099125102,0.9309698457283707,0.20750567402819226,0.9138653193829102,0.8990898013192834,0.8810665794803122,0.1052173405097351,0.3344707680244898,0.8522055773585936,0.6527954641709449,0.8322057439704551,0.049955415759694866,0.7596798948731797,0.04610398311869955,0.012394897824998238,0.038414491417707856,0.517846323213987,0.007521357537221175,0.6048841917280683,0.01127297857587739,0.10507261073967714,0.06879446230313815,0.3019023851763893,0.04223989750375734,0.0474928652979906,0.8643588591268554,0.01824334538494944
-0.2612815382746568,0.9199229973901744,0.898895954343758,0.9708963987995305,0.14786939669093083,0.7158276758500907,0.8868565298576544,0.20744725844893844,0.9473158219556657,0.6474174042711952,0.9542279029432166,0.10118965252344775,0.5206504640168531,0.9700703418797074,0.840469429719956,0.9736440579604051,0.20872374415664835,0.37396734946838117,0.006751580765463984,0.03150124238847249,0.04735947143715039,0.545886482835767,0.004745963492656689,0.7986022265117818,0.6351591951993187,0.004728627414328295,0.0014701474369126707,0.5955600064932965,0.7988932455580106,0.7473730737793937,0.9048769589591378,0.0026044058922795685
-0.5808640219747693,0.9549161611917927,0.8230203030609219,0.7240788399860816,-0.02295356039879001,0.8830162705873303,0.9503416832880708,0.16790921491537933,0.6065718178346596,0.9049764065897509,0.8891944818112665,0.8338082602522974,0.49911754360418303,0.904195307442823,0.8501484239736855,0.8915091845791142,0.44521403779850754,0.46487913498769196,0.016643300465815324,0.02780131432352576,0.014909234913224198,0.057647301874456186,0.012471271823105867,0.048692014044741175,0.9530524973029233,0.0011645871892118145,0.009029656554235876,0.013052799237156687,0.06674863698876154,0.013272617140448001,0.023518291054406205,0.880262520468524
0.14800669380018194,0.9265680481196077,0.8381841783898392,0.7093621344813613,0.14319958029344138,0.687818816233362,0.9476221384307367,0.2014503671080174,0.9170152623390121,0.956956464668015,0.8803328255991225,0.10778401501544613,0.3187220736274644,0.4679412927899953,0.8076294916903538,0.7882914173713235,0.7140255148889334,0.3857384602818882,0.009648767157557303,0.0009706253307777517,0.013546840699687035,0.06390240199310271,0.03467760563222022,0.8468979450917875,0.9781920194452831,0.026563334032718107,0.010776534206043964,0.35398071719262303,0.8945978094325708,0.3766341553167644,0.16935517261578176,0.014353058229716466
-0.02342400779456695,0.40675659228652167,0.8376257410472941,0.8127053051648934,0.08109711552699572,0.7031849136507149,0.8804972101298957,0.21804666303460682,0.9229626705194756,0.6603865641912533,0.8841070315355789,0.10504057924774306,0.5229625969165581,0.7308844555782815,0.7896763144486958,0.7485640690008699,0.24130100839617546,0.637817941897421,0.5380916300959306,0.043034519753909095,0.01802980498953817,0.3764660378589371,0.02944148310784956,0.7982638978694678,0.6300465963726715,0.009984809227764027,0.047649441060088144,0.15948753765380264,0.02445616067626273,0.12307097685244922,0.6645509055625615,0.011075082291744618
-0.2412844041765203,0.5403382663660506,0.6291765271775358,0.7457294871076093,0.1579419096881233,0.6906505319062556,0.8974096028596555,0.22472387326409726,0.8879923098682204,0.5099376978080257,0.8994608254232977,0.10577552756805576,0.5188959307303106,0.8696433550742351,0.6876922719534106,0.9714546213143814,0.04515217433547125,0.29314447555600887,0.022038222794978295,0.02441016892656067,0.0024775576084430026,0.6559903186951735,0.018843543666578304,0.5446114889986952,0.04195974438712068,0.10099483101171337,0.08533017715246968,0.2718045595819617,0.8136416500430018,0.03670157320736417,7.673976982153219e-05,0.0014455886092504065
-0.26731817431672245,0.38473214998601657,0.9415707750981314,0.716083039734904,0.1753865843229774,0.6815966138909929,0.9071341438085796,0.9656839821997243,0.9152534235007004,0.6422471329376883,0.9119076558521069,0.08157837959197853,0.18072729010201044,0.8983995477491556,0.8014233586393888,0.9382124472961185,0.8742940034034357,0.8150192528364137,0.05130600695028581,0.05073973733159793,0.05125035002343559,0.5505745203439305,0.022127604294817582,0.6313253197912683,0.9722060977644308,0.10388642551316621,0.39324143794469274,0.22398587310080256,0.8141225608200422,0.5333476084480722,0.9019824224195259,0.46421764588315373
0.46648192393703963,0.9494657234016481,0.8951058146776119,0.981727966466826,0.1271691748640914,0.9868396580739094,0.8445432069807693,0.20880090988726205,0.997934426290463,0.9452706816766032,0.8782057030651556,0.09990676305367847,0.332632237304912,0.9995027192346118,0.9610904075081939,0.8816427483985593,0.6992152722713482,0.9056297337800223,0.5050897253476122,0.027550704884911764,0.06264264188291543,0.014828186867380171,0.017435636630366423,0.6725820885625733,0.012908428279896245,0.0031605375259809096,0.08500950322828763,0.6128696881768471,0.7389719269495593,0.12026906605156641,0.7944447314221564,0.019372582857700736
0.5742910688144764,0.9495181714648651,0.8431114015338942,0.6392291799002953,0.09782525790390821,0.6758739380695836,0.9164072964725635,0.20663125070506466,0.9555714801250403,0.9652049120127792,0.8881296087894479,0.10416634369538619,0.49006504622352065,0.9670997828582197,0.8413002645596251,0.9824891095098583,0.6809957749276524,0.8504381590196838,0.015082035635782753,0.02769530243222871,0.0416874282563092,0.06757086922553035,0.045227238245245896,0.8469727120887962,0.12027710775324474,0.0015888994551944025,0.033796559461658375,0.4012409531115474,0.6262880018564616,0.42560328335205627,0.006882940745552957,0.014850937460133471
0.09975353834449704,0.5297178003531678,0.9086911399938896,0.986037053033594,0.11924529992153612,0.7090920069734129,0.935600903072231,0.20771039762509785,0.9354378462024886,0.5723956666819541,0.9555964084283275,0.09947262015885555,0.3677168991018828,0.7389044009089611,0.8093002410755504,0.7405041411565125,0.6028932759283098,0.5549473178900378,0.06558713542426184,0.030726210762610232,0.036889945644087846,0.05291666837650805,0.004914429987489977,0.665524608981129,0.6399899148347306,0.06480296242171468,0.19840161727021322,0.44761503317214735,0.29316090130625583,0.735834445934467,0.7935404187261109,0.9664990163791375
-0.027400139584189076,0.5004683669808215,0.9411358456458754,0.9633424937150896,0.16160028305768503,0.566613997850201,0.9171711182993314,0.20728357303850303,0.8983201633883985,0.47336269380450224,0.9099002245012338,0.110268599749425,0.514368592950967,0.9905087599073709,0.8572682873033769,0.9923165089728845,0.04905750282629001,0.5862299526697101,0.014206010732265656,0.010810177351353685,0.045318167696292926,0.4840827797954059,0.012255987230789207,0.853705519025804,0.7535528135389779,0.42250619837372855,0.005666401748480217,0.5873240376109559,0.04207186118303924,0.08262531761724715,0.971530470164596,0.001554438891729723
0.14800669380018194,0.9315838658905583,0.8493942067677149,0.7523793591706324,0.15827038506678642,0.7252539207236033,0.9057366718315348,0.18991644157006674,0.9169976865919928,0.9536711989015715,0.9087352213534869,0.10790254516900101,0.35260093904322526,0.8053796828454183,0.8082348613325057,0.8053723243215065,0.7140255148889334,0.8454320889653177,0.009648767157557303,0.0014513863614099651,0.03784589054643345,0.06919462437367141,0.03467760563222022,0.8468979450917875,0.6583379875595798,0.026563334032718107,0.11774814386159504,0.35398071719262303,0.8876482185252699,0.26633342800015736,0.16935517261578176,0.014353058229716466
0.679102534571427,0.9606101782846468,0.8310054013558469,0.9715622100230369,0.10784720298754746,0.8938851657942389,0.858690404928461,0.20451231958251645,0.9250453288644866,0.9385045859917459,0.93780030045045,0.10793779290794393,0.3297779275333344,0.994308429770849,0.862444647843869,0.9971264933793422,0.5745898667882304,0.7798564837190922,0.1110205493728337,0.009698603665745986,0.20425513253307098,0.10942401699331655,0.9480467780827271,0.8462957713540986,0.6370485012265128,0.006792364178227596,0.08147083743286236,0.44740457739218836,0.15051514959538387,0.9876307977429793,0.31614172051217815,0.018682408126783123
-0.18332374909657645,0.9398540730454489,0.7676767340063303,0.9625760789596003,0.16150327936806871,0.7947128527834607,0.9217265469282404,0.2053968249309245,0.8797936192707853,0.48421345942597,0.9074165958723616,0.0930172621954223,0.3484947685579862,0.8256463029512023,0.7857211825086846,0.8058551286513211,0.03229730703409062,0.47385476479163924,0.332229483902405,0.011779969971891905,0.2076511824156442,0.8238779901160632,0.03427218953647129,0.840532206536843,0.7809033412601856,0.0560989352514541,0.19954621866760935,0.6087629961097718,0.8253910791714161,0.11508488532360517,0.22192304155124248,0.0007880646044371234
-0.20517498400479908,0.4754717907873978,0.8199231639037392,0.7351642987403286,0.1641183911004542,0.7260131122070351,0.9187299839413615,0.20659789256944294,0.9039790452555097,0.44179532209622885,0.9103980578851149,0.09285919673591345,0.4758914883182387,0.7636498944938652,0.6545189226670455,0.9970497353619866,0.18145132721077228,0.5417336537763632,0.004361603858495752,0.009603492891418682,0.005006768992953827,0.03805241132284598,0.022896672823051106,0.6069739431666027,0.03865853751778533,0.08055793381061041,0.17301003461198064,0.44706815860423066,0.775714764505478,0.3950075168122323,0.03627587007984179,0.003143732786719548
-0.03368417050123085,0.47592968978892813,0.855411727689932,0.7122093728205003,0.14215564804990355,0.701289195358781,0.9236580194140236,0.20748474347620172,0.9132552741909059,0.8511356005791629,0.9110902466527182,0.10561818199336144,-0.5562587925425636,0.45629582297415494,0.8240513800902853,0.7678250812454033,0.18780419059588108,0.5840222713723182,0.15876282337612685,0.021552992866012748,0.029821630593906658,0.5756817824713605,0.0014272235998728944,0.6752696045535926,0.10466522264070488,0.05456945819987907,0.04897361556157695,0.15823520953906864,0.040280865871306616,0.04981329203910284,0.051733986192214476,0.012597833851498678
-0.284736187015981,0.4738561162714593,-0.8084009031371427,0.7499157249601004,0.07951755525727403,0.6900281704381812,0.9082348515236842,0.22339801857047656,0.9395936373365743,0.5843281809778429,0.9123405052949024,0.10767070341746059,0.27304749206760903,0.9790144350115874,0.8112834406957453,0.9560408729225855,0.6732354255605212,0.38082637432980876,0.014506321939516453,0.028123550833805036,0.010217193639494748,0.6327635533112039,0.03145674477482169,0.7711267170289241,0.6349467093635031,0.025070799978331004,0.003336079983548547,0.1575195102521933,0.7374549382263864,0.015915830742823517,0.671823931282266,0.019092979068685234
0.08888101922717695,0.9330383873289432,0.752138762760244,0.9133740483029219,0.12136616946107523,0.670603774789225,0.909401996692194,0.2808185544421772,0.8824759780150907,0.8813371460410062,0.9191952193391761,0.07835978157593337,0.35485130755285754,0.8491561582830414,0.8792141380089329,0.7844859465686768,0.8345539466037767,0.48487712452402276,0.008225019386934679,0.040763368914443016,0.02715195890519692,0.049271317715018026,0.030628407404507573,0.8523560720661829,0.781510473929141,0.00574582962613768,0.13934578486587057,0.4191590179471296,0.7737902213009148,0.7923249073062084,0.2073674157246429,0.0023930065618182183
-0.588931661711742,0.9411198640585535,0.7942640513900346,0.7281060826021745,-0.00531552878886643,0.7030156685747685,0.9433526376642427,0.1563204288901125,0.2007668957080855,0.5102183648215436,0.9114946359495707,0.04647655364169914,0.5257000918622439,0.9435507020263482,0.8644452026838538,0.9725326260782741,0.29412171096757195,0.4164552989947508,0.08411102364775125,0.05546703969691838,0.006923095886275019,0.7174162179274534,0.025696661578209812,0.019205387999814506,0.04167273277367495,0.7471332092558725,0.01477152251971231,0.009873524587417193,0.8543570569384646,0.02682637788116644,0.856599575223282,0.9635283451815473
-0.5733618791563795,0.9606101782846468,0.8588475894273685,0.9670665918660541,0.14063705526098835,0.707310508874577,0.9188689922096939,0.2053285172105987,0.8870376287399094,0.9532146091031619,0.9075958923878498,0.10352723866382618,0.26085399213724436,0.8632332514894715,0.7745457322610886,0.750959818559991,0.601345874666494,0.49785191889724906,0.48671157049217983,7.819271972192565e-05,0.026761422901710255,0.15468018594033517,0.9588791456006853,0.8453461785567227,0.6297381394741979,0.006547473870143705,0.22250659711995627,0.4091557723357735,0.12555000224378782,0.905094963627449,0.944933136773008,0.006039196584919308
-0.20713657137925248,0.40411162252595995,0.8212936098389172,0.6300396700539478,0.16151424274439066,0.6817347254333446,0.9087488999707363,0.20840124147815953,0.9301972253741887,0.4982854539241721,0.9102791942252871,0.10454653612213782,0.2675622497204857,0.8212515957785225,0.8129720157348443,0.7611265767477857,0.02413265954895661,0.7574604718340353,0.6397746595803986,0.0015048007359810545,0.05209853725924762,0.4352441638298413,0.022502598321091832,0.8779976395927823,0.09870569921781827,0.07293126647063064,0.0997777637592685,0.6004396998777551,0.811052805780799,0.3321617389084007,0.21705647469340203,0.00375863818238841
0.5165431576131418,0.913562712157457,0.8379235062253224,0.9728589554465825,0.1406430597922363,0.9552293656460169,0.9113169118707549,0.2053285172105987,0.8889318451968814,0.8794320977193562,0.9183157749071962,0.10793650926982794,0.48212159119698994,0.9618615697957577,0.8625266646534052,0.9915197269227927,0.6679788403300656,0.6410942679344891,0.5276597284816685,0.031099063071735406,0.061373233080989784,0.10942401699331655,0.08761949985133578,0.8462957713540986,0.8364120719863912,0.047483059045146936,0.08008114705854082,0.41452255251312226,0.12845612341206847,0.9555486870882393,0.4433813334944392,0.01877938405491682
0.598913574878685,0.997291136520463,0.8562403195865844,0.7799964346725958,0.1722302362965479,0.9227597025644944,0.9223078989256621,0.2068126033441816,0.8938499395166286,0.5187712968647736,0.8965256700736375,0.08924650034073861,0.30294933916843114,0.8948033050457302,0.8583838409975766,0.7847751900613187,0.5243577862362492,0.898809369430291,0.010138727880664666,0.007992659756632527,0.020827228197634533,0.7970012561386088,0.0074395725477528155,0.8470214908571417,0.9966668105051949,0.034530871483567295,0.220933501281736,0.3562511649097583,0.0033895420988482496,0.4869975253217706,0.21918033574978735,0.0006139724147813386
-0.28823460399163836,0.51183141290499,0.9086200537593013,0.5947515445524675,0.14242330491881594,0.661433559525912,0.9225510758176734,0.206898314987816,0.892971201231191,0.5942992794035405,0.9070754876266369,0.09366755900767743,0.3723521153124078,0.9582728029329355,0.8418725770358805,0.829640307535458,0.016604957761049654,0.7015519230697643,0.0067644875266241605,0.0007939151168346627,0.0012132891593630906,0.47214335879681985,0.020429127264255966,0.5964862973485474,0.9637537751873902,0.0078644997180049,0.003450093443455149,0.39899485650657013,0.00848015053312079,0.019120695324257878,0.8644069713744091,0.018517432823143994
-0.20788495588594258,0.45071931610047505,0.9828283218063483,0.9781975262646845,0.11054895670972541,0.6955443171515276,0.8655768188281361,0.22433572358912865,0.8881438531074054,0.5206900865040036,0.7824093213197538,0.10529218311637145,0.5060121704023675,0.9054854235587319,0.8117525567063107,0.764422109907225,0.10435557465047536,0.11483145871786954,0.002752687850872071,0.01247952550085589,0.041674767732833976,0.5708107705154207,0.0062593295995444585,0.6218581788809607,0.007140777765027417,0.10480003317737227,0.16110858736868733,0.273075086503378,0.7645909911089587,0.02322096765654634,0.877471742223301,0.0014455886092504065
-0.209650902284029,0.7442763566081146,0.8514398796030956,0.8085326805714096,0.1747338620345875,0.6871621801473919,0.9476713126505683,0.21040960514749038,0.8892084546739504,0.5365952032617682,0.9138152887343025,0.09301542403514697,0.4962756345867223,0.8319057962905989,0.8675656423991975,0.7430481797953918,0.420964172582086,0.4345185531279031,0.03834146330324646,0.0006521494220795305,0.021547168636933067,0.10899082376750796,0.04091303191499622,0.6327279743900953,0.8469883648146945,0.0002466892893285555,0.036591090058061576,0.22502678179298247,0.10420601141791791,0.550410136436668,0.7559326065500251,0.0030156624539769607
0.24577013650652957,0.9467291628234549,0.8381841783898392,0.827873115050932,0.1588807468636563,0.6750017549837142,0.9192175745503229,0.2014503671080174,0.9169660857416779,0.99527735580659,0.9115358487339681,0.10791148626883804,0.3374566462835935,0.7422787569151137,0.8082348613325057,0.8053723243215065,0.7140255148889334,0.8388505746801708,0.0164905129446955,0.000476271084429946,0.05358645352057273,0.06390240199310271,0.03349683651876666,0.8468979450917875,0.08623401950458559,0.02653575247278677,0.9487880597998988,0.35398071719262303,0.8945978094325708,0.4217145854257192,0.16935517261578176,0.014488966257451417
0.5051005986741813,0.9333068184911798,0.8589241683744407,0.96624291426068,0.07803587460695466,0.984841842358317,0.8656655689900904,0.21414213447520886,0.8962321672646762,0.948707257832391,0.8897296910652734,0.09272390969684141,0.4945795204997096,0.9723861463570309,0.8079718860433194,0.9669550174087391,0.022343223405865642,0.7833068568578176,0.46971913406006716,0.01954926718125849,0.11493079403445378,0.040371593888056154,0.01347903982461271,0.8549945100935248,0.9716604821047494,0.39623215350480806,0.04971988597406514,0.4025411508074775,0.07007561957911934,0.5027681642427662,0.7460870938293681,0.013098600827833127
0.5696602172669549,0.47692298537398087,0.8510379419689792,0.7447462900873342,0.15683760273913164,0.8313691688023113,0.924567061792654,0.2073527335245221,0.8840478966764211,0.47165608332389164,0.9087016684674861,0.09414095067907113,0.5210310446057336,0.7310077799071518,0.7910946884613262,0.8152181493291722,0.0907750301687654,0.4801434528436537,0.9513827797433048,8.899494615324105e-06,0.028342096835702272,0.047306398467168165,0.03855651481938109,0.6119623253049743,0.13857969023911293,0.941592515152919,0.14526510234912426,0.45866252647013006,0.8204788809500726,0.07030373176930887,0.07243595709309045,0.0016432585390321823
0.14976449688932314,0.4591178128373354,0.827457680175202,0.7396852392342834,0.11304593803532217,0.6330725861776616,0.9105079444545476,0.2086870486146702,0.9120320941771161,0.49766856588970854,0.9110208791476819,0.10496582652901587,0.32991982279878745,0.9541497475016372,0.8266890028768191,0.9993711000337469,0.5122110424001054,0.6009222592896313,0.05226611431709989,0.008625889997749575,0.052887245732799716,0.019161033085174306,0.0024882765375029564,0.7281149953591011,0.6297381394741979,0.0031301083651983606,0.1431465447875133,0.35584071558124264,0.7517678462871108,0.41056505868178345,0.05714511820260872,0.018927283133923452
-0.20790738243178047,0.45071931610047505,0.8579350378347108,0.7336959742925567,0.11054895670972541,0.7077996620663679,0.8660072587498127,0.2554831606228487,0.8881438531074054,0.5206900865040036,0.90118023765096,0.10529218311637145,0.5060121704023675,0.9054854235587319,0.806342464378223,0.7632712443967784,0.0415960690516928,0.09853791916574209,0.002752687850872071,0.01247952550085589,0.041674767732833976,0.5708107705154207,0.016206664602893786,0.6218581788809607,0.036329188221204345,0.10480003317737227,0.22967855904625872,0.2786735820822719,0.6203080097551541,0.02322096765654634,0.07090858333227126,0.0014102605973458724
-0.4463805957937228,0.9981085923715994,-0.7473720611814983,0.6124322201280159,0.16129926464488953,0.7278892352973745,0.922104359436674,0.2270687002951869,0.893784734154099,0.5247146699882133,0.8993551845210896,0.08984926006508946,-0.5089012912724299,0.7111672051557644,0.8583197387440277,0.7661070980438036,0.08372516340703823,0.9595961667346833,0.018426149681619795,0.009158925379508843,0.01241341750993102,0.10248934932728815,0.04951168317170916,0.846896527652564,0.048288717112553003,0.09129095902715349,0.0935009279558234,0.3540633117657971,0.019774459849382045,0.11077318138464903,0.09876789300221578,0.0028611622965050137
-0.174103865711978,0.968231765267767,-0.7562792950674571,0.3739094323586386,0.15655182547338317,0.6697501858705166,0.9108732176172897,0.20820582385500594,0.8938499395166286,0.9513383305460882,0.8965256700736375,0.08924650034073861,0.49896803936359957,0.990542453890771,0.8363965092958333,0.7665682675954782,0.4391097966340759,0.9071182601248106,0.010131714647184492,0.007990041323199294,0.028080243532716653,0.10248934932728815,0.005025897144129385,0.8553010406330952,0.04931560404940216,0.034530871483567295,0.03541265323365426,0.3711235647918615,0.001972587868022761,0.06375784401558848,0.050485016766713575,0.015059184090416634
-0.20731540728259584,0.4569527608766611,0.9279179437390315,0.67307512759635,0.164238075214758,0.7928558479209559,0.8916203756809695,0.20901596715958926,0.8840478966764211,0.6126972943081509,0.9075081982715316,0.08059001594356104,0.3386691920255077,0.9871140123788265,0.7023973094459423,0.9963806093676236,0.42711295050659387,0.006710888851071767,0.06089128262178442,0.025168493041493684,0.011953956350395855,0.48961649194423146,0.02246505943408169,0.6197450490074122,0.8067254232540544,0.04279439705049326,0.09636531843787367,0.26575758876237565,0.1474091119289185,0.06615303444801607,0.9212352045946478,0.014743737395417152
-0.0833593661876284,0.4893461371104558,0.9074760188130937,0.7245579187348783,0.14063705526098835,0.707310508874577,0.9321427875876409,0.2049717774698927,0.8829167097788881,0.9934927536158649,0.9075958923878498,0.10346048675558503,0.26085399213724436,0.8617847562240668,0.7745457322610886,0.750959818559991,0.4390281460393068,0.6134100945947434,0.21834508270160047,7.819271972192565e-05,0.02715221788547406,0.4948063798422771,0.9732105115222058,0.8531333364319882,0.6060615240514919,0.00721410730879261,0.22531597371771556,0.4096969574952253,0.13864929110758517,0.8802472764438646,0.8251777703232417,0.005888630526441776
-0.2094739003479881,0.9463813263315163,-0.7562792950674571,0.7659002417536519,0.1611661892283192,0.6760449509650395,0.9229949253472859,0.2158544642345376,0.891455108203736,0.9644440296083479,0.9296933823721334,0.0942013395562637,0.3250682140459343,0.8028854624229392,0.8308615638424912,0.7903069317926432,0.08468403523328082,0.9307601122425366,0.010138727880664666,0.010323904482575658,0.012522278483763714,0.0204598968125268,0.009917104221353473,0.8472191003616996,0.4913363127934153,0.034067086555089617,0.09105128603925473,0.3033634916867541,0.7339020828022771,0.14327372492663157,0.9921625405751388,0.009928920620812631
0.2543632014614241,0.9467169523481543,0.9026015066077937,0.983735208118386,0.1588807468636563,0.6612906530722119,0.9192175745503229,0.21941222045193318,0.9182019520668985,0.9966640637729091,0.9115358487339681,0.1090115725867156,0.5777246052208438,0.999537471755521,0.8076011884825471,0.7973315724162559,0.7140255148889334,0.9053928388359191,0.0164905129446955,0.8293635015667653,0.06580512521713755,0.04288363215694713,0.04409398622638476,0.8468979450917875,0.7290662448435902,0.016957007572969397,0.8418589442502165,0.348328845303941,0.8946148112485083,0.5106736923522975,0.11757995992359549,0.019951628915587466
-0.21078301184191117,0.97272941443024,-0.7562792950674571,0.7630520008995044,0.16273185565769036,0.6692801099322339,0.9196467829018444,0.2243660263850125,0.89150340942107,0.8659338559605679,0.8960102923434016,0.0942013395562637,0.3305533035933267,0.9987172489686946,0.8319829367301316,0.99816773825628,0.09256339548108028,0.8327574728413503,0.02777522159786927,0.010284849468739643,0.011300275456901187,0.08491778516541759,0.042996344823215016,0.845811838794273,0.12968127732813411,0.029810205786393984,0.24715181789401414,0.3547867490154082,0.743892167324885,0.14434490296541252,0.982552642471306,0.015113752095791681
0.45249021334916784,0.9758867113635028,0.8690066865174713,0.5840777656091598,0.15655182547338317,0.9364179171841422,0.92332845128318,0.2082699220307082,0.8967354897324445,0.9332114928198775,0.9097201708777956,0.08924650034073861,0.49896803936359957,0.9874654681892207,0.7960282192369785,0.7665371983170132,0.3122988341193871,0.9005462987381463,0.010131714647184492,0.007990041323199294,0.018825839055346516,0.10248934932728815,0.020639583309075976,0.8465447423352094,0.9791741114506698,0.036499705929297986,0.03541265323365426,0.371585153826717,0.001972587868022761,0.14257484911999832,0.6773801165915893,0.015531448753815055
0.607354381840719,0.9981085923715994,-0.7473720611814983,0.9701524733111713,0.16123462137516723,0.7284119478258352,0.924525174265845,0.22465581977495472,0.8938499395166286,0.8694227305573361,0.8964825672051797,0.08924650034073861,0.38404188055618993,0.7111672051557644,0.8691136322889754,0.766046792305423,0.08372516340703823,0.952639280023011,0.018446906071781836,0.002389658143591312,0.03002945821117936,0.12450359467758926,0.04951168317170916,0.846896527652564,0.6442259418312482,0.09129095902715349,0.0935009279558234,0.3540633117657971,0.867794104884524,0.11077318138464903,0.8796718596835074,0.002814063982861154
-0.2076860250888986,0.4586626686923168,0.9405238828900266,0.7065901806401597,0.13975787934980854,0.6947451231228859,0.8339831945713857,0.20413391999736433,0.9403271569954986,0.9546733979252582,0.9149529674141835,0.10580174394617295,0.34176204184624237,0.82974793569363,0.8446385508361254,0.971256093340109,0.004282371200862167,0.41329135867957373,0.3243784931871142,0.0602226529389493,0.0060616501627652405,0.574751216792385,0.014801828870750489,0.8487505844654482,0.7783951193962911,0.09707881096408548,0.10340092652167929,0.4170767331549268,0.06249769340237528,0.5826483337869524,0.18478430854608874,0.015120367941686485
0.008261937884297119,0.4363585245638173,0.8289694721535206,0.7334459501850015,0.1414678816498902,0.7522043763875057,0.9233285339117541,0.20840238781392212,0.8985447521830914,0.5362847368001531,0.9058416359887367,0.10556388850758494,0.5366400920797592,0.9382245066743828,0.7920489312429042,0.7685033932640289,0.05181609147408228,0.4050599854067152,0.5259860133488672,0.01089789682413338,0.054585192106286554,0.4884318140461284,0.20897096755274194,0.8572821104672262,0.180577898729313,0.057499672962101706,0.0038896430278205357,0.40940222561355777,0.02448277200132709,0.007504843361250244,0.8733177975943718,0.004116354409541178
-0.20627263765966372,0.4941340794234084,0.7809815223135024,0.8628317913299308,0.16045421861592649,0.6834872244908046,0.8856203123671629,0.20677973086443055,0.8971493504117388,0.5266907715020414,0.9108108271016381,0.09258796284891005,0.3209053751485797,0.8271693139689827,0.7963460432243872,0.8185889075369104,0.44369477730079177,0.9123290751335922,0.45023240049357127,0.012195358708229576,0.011335875585846837,0.12264839988757026,0.042159947995185236,0.618299749570999,0.6597405820016959,0.32908303015112905,0.0771560957642062,0.28072040956216004,0.10832210357996314,0.19955756864361354,0.6457329906341697,0.0037611053245517334
-0.2018552108276861,0.17854556815409373,-0.7562792950674571,0.5618131956045197,0.14239669931684498,0.5796540264144203,0.922899918944638,0.22465581977495472,0.8938499395166286,0.9794414971264983,0.8897116586670832,0.08924650034073861,0.38471958779206,0.9889749260666144,0.8617263880328164,0.9849728688870039,0.08372516340703823,0.9105909124100122,0.010138727880664666,0.005301556687431198,0.012231688869257872,0.10248934932728815,0.0027096965640261393,0.846896527652564,0.9730721103325874,0.007873220342755713,0.03548933949470551,0.3539714289184581,0.0033895420988482496,0.14965293985632244,0.9423547564425744,0.00905707844119243
-0.0833593661876284,0.9606101782846468,0.9077690623952086,0.7611269502338405,0.14063705526098835,0.707310508874577,0.9223146898052362,0.2049717774698927,0.8829167097788881,0.9934927536158649,0.9075958923878498,0.10367258809952984,0.25724888146236247,0.8654652691331156,0.7727504626412058,0.750959818559991,0.08784791646258083,0.6134100945947434,0.21557133337942253,0.002480586309725228,0.02715221788547406,0.6808443878116845,0.9732105115222058,0.862778571922293,0.6297381394741979,0.00721410730879261,0.034606662194847385,0.4096969574952253,0.022574827399208727,0.006553163807345719,0.8887278219652985,0.005888630526441776
0.15763408122276013,0.9503256224577576,0.752138762760244,0.9602192547872976,0.12136616946107523,0.6775017629898835,0.909619135971545,0.21804597773882636,0.8955050851268932,0.7804664048620202,0.9144045139398849,0.08684583685057184,0.5296917595659676,0.882126797503205,0.916327275498714,0.9705543719791511,0.5391141680183857,0.5263856765144629,2.791844512622932e-05,0.011148473183877385,0.05285705075821501,0.001587953726372146,0.030628407404507573,0.8521100109186464,0.9382354425479331,0.03272796043419512,0.2323727261944643,0.45142016066906443,0.7974452015320994,0.8717008899903556,0.2073674157246429,0.014171106391252629
-0.2412844041765203,0.44951679429496544,0.6299711613936557,0.7457294871076093,0.15494341588083563,0.6247698681482725,0.8841390160792122,0.22472387326409726,0.8883982912134746,0.6434393098330031,0.8988232697245436,0.10577552756805576,0.5188959307303106,0.9884697729949614,0.6783222319099136,0.9160009949289621,0.04515217433547125,0.8161534859195796,0.14175981087225453,0.004420422664248913,0.09453583492368905,0.0475022941740586,0.025520047217718847,0.6202038659545313,0.09506353954437968,0.09148830433197755,0.09058544867111515,0.2718045595819617,0.7328285540384761,0.36663393059202676,0.021621042077160813,0.005756235970800933
-0.20451597711182073,0.8988579942403234,0.8083329647667303,0.7242868303847143,0.16160028305768503,0.6760408959343261,0.9188224715565853,0.20774691179960245,0.9168286521600286,0.5960007058944966,0.9099002245012338,0.09199887361140976,0.3397238493388237,0.9847999143764892,0.8084697289892586,0.816342906462734,0.06373451810146036,0.41545909332271147,0.016657745700530774,0.008043822562359623,0.031575828502066305,0.48870703590950615,0.02140041010030485,0.8456801161664638,0.10466151732016854,0.4301300973180714,0.03505502653171931,0.1596210736705939,0.0331255888954228,0.4527082698671667,0.8763355067846105,0.0017814950395485959
0.5735825894842321,0.9713606722801817,0.8384354239762418,0.9966238336312306,0.1130588679812415,0.9185723518762509,0.9189739462132623,0.2071406980955947,0.9098330256310929,0.4812840385888767,0.9203185205555239,0.04609326800331241,0.3704799532003684,0.9409096799987103,0.8634499187613178,0.9956095160484034,0.07992460861661438,0.8404417897779191,0.041875337352628994,0.010978717142288897,0.060388626947742836,0.034716085813486786,0.02409613719428923,0.7219979329026045,0.8060725088912305,0.03504675520860807,0.09101867089990356,0.3491320557234181,0.7343441733571792,0.37425362944512724,0.9331671599311799,0.017412790202238404
-0.0862115558869514,0.9506965823933151,0.9460455565161301,0.7328459644290792,0.09764607618067547,0.6758739380695836,0.9169540145535044,0.2167199548705786,0.9151190756252551,0.9652049120127792,0.8804712692553307,0.10402495621464007,0.3893340705321806,0.9249954376042494,0.872677809283955,0.7624901275833703,0.49004005467983225,0.45999865825092245,0.15437477689540588,0.028552187736313434,0.012289647064046241,0.06757086922553035,0.20641180144390114,0.8326224369222671,0.08515348269076028,0.0012195195337259546,0.036761540004393786,0.40144030922763146,0.8306882238445185,0.4198464527887041,0.024145307692530663,0.014741991228584633
-0.4314086396251867,0.46015770510257903,0.559773570207864,0.963910903768856,0.0791938349519211,0.7423471447565704,0.925620976643622,0.2238700147099721,0.9195562354541921,0.5770141727891214,0.9107365686414454,0.08906822348052629,0.3236572977741489,0.8801964071000756,0.8247984847921559,0.8090484179494135,0.039104298459669416,0.7831298327669195,0.0352835691151861,0.00393521267027936,0.01242970568641916,0.5629957466617821,0.016360158086922996,0.6045182181351982,0.02324547874203725,0.019046355874377034,0.003941021552162815,0.1679989851912077,0.8679463313885922,0.33468986203493223,0.817253919503011,0.018561997014370644
-0.1733268734201478,0.9363058205787778,0.8509908956090799,0.7470119071669492,0.15668392591293168,0.9220662653558307,0.9245751657044675,0.207844191390405,0.8893022129404946,0.47253175311495754,0.9087016684674861,0.09413688664873697,0.38208302918137327,0.980525302114271,0.8434903464825203,0.9764397818846539,0.09420120177675576,0.4430322289770322,0.046017262260305,0.019742296953995993,0.11610351957223689,0.008030776304433981,0.038245327668293465,0.6168163806768929,0.13428567693166615,0.059585408721715166,0.037989562615506664,0.4586542349191087,0.8204788809500726,0.07030373176930887,0.07243595709309045,0.0009370123249867347
0.5815200595178318,0.9498591760159184,0.8313787264640309,0.9579470584106771,0.11643648026446304,0.6848276951070558,0.910723134857988,0.20696331488679334,0.9381221600656638,0.4910725008692655,0.9110218271779109,0.10001677152984181,0.4634927442001252,0.9969019645246463,0.8750900573350626,0.9934010644903931,0.07984802478236847,0.5289775682676334,0.4641047542905249,0.024098356809700495,0.02216371067907527,0.07030985684011927,0.0005130851405018393,0.8235198972411264,0.6189892263732565,0.03386899379703592,0.1386833323037758,0.3618446040553416,0.8402588147130042,0.4124551892265981,0.362693038018315,0.0021723057775308446
0.16875060278070833,0.9265732013991157,0.9263613263144006,0.9432319247661201,0.14205606150437666,0.7287539671555094,0.9187933015584108,0.20119262802141177,0.9178524076618492,0.5370139610596455,0.9213709382361632,0.10778578216055693,0.3359089385268904,0.45678507146450487,0.8093022943630459,0.7875714180373758,0.8338767195443977,0.26064630558987334,0.1163446323462449,0.003996503614354767,0.0003685272899591552,0.07357534637473218,0.005171144246263577,0.799032906938033,0.08673215009314972,0.011968757799335154,0.13455950715801784,0.3491523211995201,0.020807694820505738,0.37628403717895575,0.18114171859652567,0.014353058229716466
-0.10972679353837334,0.9619131069039886,-0.5114638679393522,0.7556232860225998,0.17128358243337544,0.9227597025644944,0.8884934358849779,0.20571167294378673,0.8938499395166286,0.9342555859436468,0.915399833937267,0.08775006883260814,0.32791227191924255,0.9908286382294469,0.8145289098441729,0.7855174680867595,0.05740099911237975,0.688251010660767,0.010138727880664666,0.007990041323199294,0.012397159121241678,0.12339895802305254,0.00394111028260263,0.8470214908571417,0.11672100404168184,0.034515962582473636,0.03257537844165536,0.3562511649097583,0.07052742609875617,0.09420732774145546,0.9594434816898629,0.014282479079203658
-0.21945233375161208,0.44951679429496544,0.6299711613936557,0.8131965639214833,0.1579780551764196,0.7094415955900892,0.9242519287136979,0.22472387326409726,0.8879923098682204,0.5055769937426011,0.8833110338212127,0.07203822575249617,0.5175180181591712,0.9890645370557708,0.7323719753003973,0.9750738473268388,0.04515217433547125,0.42305300750861996,0.4358676498055184,0.02441016892656067,0.18738710257290275,0.5448175339545716,0.02082905488601915,0.6203341858691345,0.053419371411221224,0.9474152248876744,0.09659603718883249,0.4553327168973862,0.8142539462619788,0.03670157320736417,6.410071987858479e-06,0.001397714329316823
0.16096126222143817,0.9522515264705522,0.6810932133711416,0.8796791787708724,0.09159078719897203,0.7107538056361301,0.9232275853952281,0.2389522554975021,0.8922000479212913,0.9096987976368304,0.911939019130293,0.08929274580202488,0.37703802703632067,0.8271484567024416,0.8422741940587175,0.981227800468912,0.0392417630667542,0.6236775360835373,0.24020249836046034,0.0004800475533032478,0.005353307665053785,0.013494261514288002,0.012602646987677827,0.5916179985450106,0.960563408757036,0.015544328460358529,0.11930758648869895,0.39751264770992495,0.8692905891357584,0.6362972824070727,0.8619272149186463,0.00920987774748493
-0.588931661711742,0.5494303270960432,0.8964734005041047,0.8109117549941237,0.06485308154049271,0.9453810452182245,0.9493569241641195,0.22498348018735323,0.20683793526140318,0.9844292483951906,0.9150327754675991,0.10576738323258159,0.48380453306767884,0.8756219790037826,0.8675640542272436,0.9722368654089117,0.5614655825517103,0.41279243492086964,0.46280499154801147,0.060018175939247936,0.22916909161978394,0.5724592665311059,0.558219294353826,0.032735586682107465,0.04167273277367495,0.7621415104322253,0.08612705681683235,0.002537693402385119,0.8228944021142132,0.06245339345042431,0.7911674525170611,0.9387192920730979
-0.0830435540233248,0.4713261850800709,0.8349932351282111,0.972692554836313,0.14058356903907349,0.9884692048341428,0.9191310652404392,0.206287677647995,0.9152459858080007,0.6584010865106448,0.8993122839900717,0.09988038654493264,0.45304789756504926,0.9656635883854416,0.864758464750676,0.944736872852032,0.24928618928512275,0.45315011643638836,0.11604542391215394,0.04281111441609493,0.0025163533946101456,0.6715213786099037,0.04362562784563282,0.8430199779501237,0.6594410030428057,0.13018016163450358,0.002894054214367326,0.4225876385732581,0.9570953337266416,0.5652237187942777,0.712155105160353,0.0074682743623492465
0.46322116788621515,0.971813497548599,0.8417745088332959,0.9678948194378095,0.08149934647276925,0.9571072469025417,0.9446974090897714,0.2087673404885102,0.9183326310357088,0.952963496199893,0.9186233901619167,0.06509341807399423,0.3745057752236713,0.9409502147653903,0.8497933048017354,0.8816427483985593,0.5990929149453033,0.8845116383479337,0.49418739884760876,0.057512248742193565,0.021791085940189164,0.011558549334093005,0.044030990706085904,0.6478429156227398,0.017793462498789603,0.002326896138303773,0.07676224249768587,0.6233981299981267,0.7355846936793005,0.36254721438354326,0.8729638398849322,0.014073425072888685
-0.3920562353532192,0.48609101127900484,-0.4988211227327226,0.7614816608640703,0.16605292744548067,0.6009934365597365,0.9244134361908296,0.20533338538613266,0.8880868002244886,0.5367955045692606,0.9092997185052978,0.09370515432094713,0.30642423846678224,0.7384320281400225,0.7939468698902484,0.8197205738454255,0.06571043212019148,0.7651916512501613,0.004210073447973833,0.0019376246090602664,0.053070662009567476,0.5728082198818616,0.02254720515204251,0.6251110574611036,0.03949317676983155,0.045531692259344586,0.11746574892140288,0.4433135658746641,0.8069018539248171,0.026928945457823372,0.9311033873186396,0.015314763028743421
0.0984709966920509,0.8880547666448853,0.9575028571384205,0.7418457276287704,0.09472037798518453,0.6420552862769097,0.9077981494368454,0.23324068306319298,0.9165183624844186,0.8711732396837975,0.8982414773340859,0.10414159784343657,0.5142729500203008,0.9241131317340727,0.8089525134893967,0.7624901275833703,0.588983796089286,0.32239340855013954,0.014268312611062546,0.0013953290526536443,0.010166671015349632,0.06757086922553035,0.20641180144390114,0.8434796661253638,0.003213179879931645,0.09817012398011095,0.036761540004393786,0.39604019177686023,0.7867234133792136,0.4299667722723347,0.025002526531636537,0.01511938803755007
-0.3492552800060874,0.49544654706055674,0.8497697182157113,0.8074267414343804,0.07481037401620758,0.7404811320827668,0.9079314294894014,0.2247948994514289,0.9395936373365743,0.5808203865433161,0.8964195000647829,0.10376294942312186,0.4965093611832517,0.9843322284865562,0.8114657774230173,0.976838226817918,0.7062233163365113,0.70526726057924,0.014615651692288317,0.052940200609653695,0.4874809458712996,0.5474256016744794,0.009113886538255246,0.8030888830330524,0.7825813209248296,0.007799481203161429,0.02222270058910293,0.22466343304359004,0.2836227169956592,0.06327315925132768,0.8718538249037,0.019097173685902507
-0.20693128795090868,0.40068647690311376,0.8196485647226635,0.7501744459308967,0.14246263557689381,0.6901838181846837,0.8926536978975662,0.20536529128621475,0.9169424293131514,0.5205273969517167,0.8783483993306894,0.10579630182778253,0.5106986758128225,0.9080675872863292,0.8092414019910574,0.9836619547358263,0.004659022453643025,0.09165550203020117,0.012870909378103229,0.052336755244099156,0.0574933721592219,0.5634532373806932,0.03400210769076843,0.7420349854557946,0.016306403740730724,0.1564845179497454,0.15245172314728106,0.4415968673302483,0.8989514992485319,0.045335964306037174,0.21072683093078104,0.012852530623207181
0.5888912427972612,0.9960101825417235,0.9460455565161301,0.7397222143748665,0.11302608326612036,0.6758739380695836,0.9163880319634077,0.21680752277876786,0.8907259454050108,0.9652049120127792,0.9098620712786237,0.10412011462637177,0.5303925952077733,0.9416609326893599,0.8626679319858404,0.7624901275833703,0.6988376987121399,0.8308778842864863,0.05075029970002408,0.029461011862589086,0.05527165767079524,0.06757086922553035,0.21037468373466123,0.6422607299281605,0.04508242298709009,0.001084249048965805,0.036761540004393786,0.19260784685142396,0.8198702054836491,0.41219903308063943,0.7027254523456219,0.018772210103650263
-0.22762211917813047,0.1525661492935882,0.8470989699407179,0.7572434683791939,0.09846042643006879,0.93568635012078,0.9221576062923516,0.22095928078096558,0.8979727337649672,0.8045049738656415,0.8707092188104372,0.1047868898359258,0.31898839244173427,0.9722398764763424,0.80743553033692,0.8135706629496418,0.04952982329326147,0.02110245492130247,0.05502959124715015,0.022120678978268256,0.0017618258979388776,0.004564037601570203,0.02885357150973352,0.8436370383266727,0.050306275448907645,0.005619656504662731,0.0009314569445849595,0.390507502712787,0.736598231955627,0.19249720406327275,0.0006306179803439171,0.009827305462486325
-0.2537574678624762,0.41748680538334226,0.8261332873032003,0.950296015422126,0.08838537952201082,0.7802434627678099,0.9244178722911436,0.21625437451325924,0.9153980367626993,0.7093683517030083,0.9542419617040357,0.09120645939380519,0.3825128057870544,0.8356790582861255,0.7520221222454941,0.6885728175176642,0.6337552177727785,0.8119983459173082,0.16329290240422187,0.042695225497687964,0.032420098518665015,0.6075652114180122,0.004829427514065716,0.6921660569520568,0.7973833730795127,0.02595385835266918,0.17483663318081408,0.17539873493000216,0.16440020409973177,0.07105672560447047,0.17512957546084923,0.019935408790109903
0.5783911999405794,0.9303546878244853,0.8458194992853638,0.5618131956045197,0.16181344030223888,0.5796540264144203,0.9233919020836631,0.22547801739893533,0.8985184951523981,0.9024068889258973,0.9116344678640036,0.08924650034073861,0.38404188055618993,0.8714029999683767,0.8571894469446052,0.7235576237911857,0.43980147125366076,0.49043389158218353,0.2186027514402777,0.005301556687431198,0.06767439024343297,0.0834099912263796,0.003931991663982273,0.8468200469543369,0.9489274783929381,0.026555061336746514,0.034581247822467076,0.353980578841842,0.0033895420988482496,0.2476459246819569,0.6909272211871287,0.005833536627067363
-0.20017207063461911,0.4588007976827389,0.8246895801753351,0.6102186185906977,0.16131551729607005,0.7064054966191162,0.8819107326740474,0.20508445587553148,0.8627337318171566,0.4677938507547359,0.9099844317535359,0.09201577274606276,0.4055289019988936,0.9708230378575092,0.8129111758078127,0.7821757206162077,0.01702749793877166,0.7711326599958005,0.2971599518105086,0.06419186040425016,0.011196101163579336,0.1108999599410283,0.02170229234791332,0.5969419448537554,0.1063349570409845,0.009558213063968202,0.09342178024355037,0.4515855977793953,0.780705653605646,0.015934003866491325,0.9491372205770434,0.0018883113212266075
0.14800669380018194,0.9554345279774249,0.8493942067677149,0.8238529761228885,0.1588807468636563,0.7252539207236033,0.9191928191960972,0.2024383784144216,0.9101049052439131,0.9536711989015715,0.9223010602264393,0.10791148626883804,0.5762371200485974,0.8053796828454183,0.7966037114586197,0.9685797460543542,0.7140255148889334,0.8965927652453286,0.01271094990244926,0.0022607194618291804,0.09572522281803278,0.07719050837087316,0.03467760563222022,0.8468979450917875,0.6583379875595798,0.02579641655928796,0.8990951976285304,0.35398071719262303,0.8951092451551401,0.4217145854257192,0.16935517261578176,0.014353058229716466
-0.20819683475429224,0.4134016828354514,0.7950777803840455,0.7633470856708956,0.1698781722322382,0.7462832001324298,0.923985307651295,0.2143946266500268,0.9251371516946216,0.5374879714081409,0.9149428500344146,0.12494510971667559,0.6100561500564581,0.9710730731823544,0.8642950814642401,0.962701479972288,0.6083841833949294,0.5922095397494624,0.012300365591127085,0.05584313149470558,0.004862636155278637,0.9472991754520168,0.019625673179165914,0.8610436534545822,0.9147061906218483,0.04987174777752157,0.030081553523243203,0.16299166895936326,0.6218218978478396,0.02540939488572197,0.8947600166296951,0.9204680285923927
0.4730732875228189,0.949649067116683,0.9473201933626894,0.9760600194127804,0.14531489431024344,0.9853222705937082,0.9251684420661949,0.1789135637220401,0.9816673309801002,0.6579484393140149,0.8094190221062783,0.0960412042957839,0.3725251476632807,0.9919746870956696,0.8431359805328624,0.9790908176697288,0.4815338399252303,0.8468307758377728,0.6589979063623344,0.06059569875731488,0.024774927481374623,0.011561809875658325,0.01613584193197979,0.8460163038844207,0.17699952810771646,0.0033520858467035453,0.003153821736963304,0.6434089237611397,0.1124014376593035,0.08058009561647694,0.8246560951088151,0.010207685496201631
0.2041271951931607,0.4144995926916106,0.8546748849085315,0.8113326650131228,0.0869866887804972,0.7500521802918673,0.9081675304725998,0.21230372164184821,0.895116379030855,0.6536514677344086,0.9163638290451477,0.06165620035500888,0.25457540133975465,0.8602883919213667,0.7853533791192348,0.9688354078765735,0.5490218323910196,0.7092462477385704,0.15493292367035832,0.04460967673895154,0.015444882580034593,0.17245372329461167,0.9364000619765662,0.7985392305071968,0.6057893234266235,0.036972991351256985,0.027574471080779726,0.448409938556642,0.8666088891639545,0.4988289437566625,0.8292236282450904,0.018296784960606414
0.2160258538150332,0.9494657234016481,0.9014418140085703,0.9736056914552647,0.11058709318765236,0.9754456067877167,0.9444176988611833,0.2087685375228135,0.997934426290463,0.9368865742966185,0.9412926604068678,0.09455253807046825,0.32997631842966174,0.9961539354400102,0.8073386225661342,0.8795871459936093,0.6890152120240793,0.9056297337800223,0.4843495175460178,0.019915600133173755,0.17326226072744377,0.0014329230598011389,0.044030990706085904,0.6721554533278981,0.7921471449196936,0.0030115421049385013,0.05189068562098905,0.5943358724496279,0.7372486735637095,0.5199429750183209,0.9560357683855453,0.019456177549924892
-0.28823460399163836,0.47332098516080834,0.8270287588801882,0.5948169273425782,0.14281154480451325,0.8973191748888584,0.8956094456525706,0.20500811561742466,0.8851290717511103,0.9449346433347874,0.9153357361207339,0.09532237340635581,0.3725598797044449,0.9698948349769212,0.8433537989750999,0.7860086867455117,0.016575066651021875,0.35511082088595786,0.0009901404369162259,0.007050115602270257,0.12786503218223605,0.5029780459398936,0.022811082905453663,0.5961575379566082,0.6360412821834914,0.007853668648353351,0.05601697558685868,0.4473038925955182,0.01840747737294665,0.002192214412168228,0.8887781472354335,0.01892180020283844
-0.24280594459273774,0.9298865953710269,0.8974042029391841,0.9581020665416926,0.2467271645323237,0.6715995302747824,0.9787921768923197,0.2404035279150922,0.9171420920926566,0.954202184087297,0.9151173664716198,0.9574726142530587,0.5345754163156828,0.9697526359425533,0.9654419891235684,0.9626993330545212,0.6910754668126065,0.2524493423287833,0.004239996094795294,0.006776889370618183,0.03249645227491106,0.4977847075543629,0.009434656151109735,0.6202306724562844,0.7940758131774529,0.10174799901307893,0.14592935571501106,0.30181367401421966,0.7988932455580106,0.020363776362783866,0.41083728628757255,0.04338970800812156
0.5672981683198632,0.9048121924956698,0.9460455565161301,0.8668110990760323,0.1613601877091915,0.6758739380695836,0.8853987525701468,0.1945099446528233,0.9563882168414022,0.5142878489840088,0.881648661392223,0.10416634369538619,0.5359954873544364,0.9241131317340727,0.6851320414943952,0.7776883495638994,0.8323879683199311,0.5078570757950387,0.015668840962122413,0.004970625554208522,0.011333234381224355,0.47781217461127945,0.19267046175501107,0.6209103294096028,0.08515348269076028,0.08244759351280545,0.07693073069692491,0.40096143818058966,0.7854920978398827,0.4198464527887041,0.025002526531636537,0.014850937460133471
-0.0862115558869514,0.9506965823933151,0.947264746406616,0.7328459644290792,0.09764607618067547,0.6758739380695836,0.9169540145535044,0.2167199548705786,0.9151190756252551,0.9652049120127792,0.8784088586048313,0.10402495621464007,0.3893340705321806,0.9249954376042494,0.872677809283955,0.7624901275833703,0.01321001293857943,0.45999865825092245,0.11910852424827886,0.028552187736313434,0.012289647064046241,0.06757086922553035,0.205081399804737,0.7439310837672543,0.09056998918608719,0.0012195195337259546,0.036761540004393786,0.35411172260096463,0.8306882238445185,0.4198464527887041,0.024143746479216695,0.012808567857146637
-0.06329630848861661,0.41467898254390284,0.9865892417695892,0.7715139476051239,0.17562483076953408,0.9665775242723809,0.9194969252893455,0.20514352345650597,0.9143464899913395,0.5252513305936936,0.9108497300568593,0.10622931810569917,0.3320786095066985,0.9969018894974804,0.779955123190086,0.9578016894654994,0.180052403961535,0.7005281107729394,0.00822885772966243,0.010472241778909533,0.01753523754919589,0.040664134756418335,0.018846122714787777,0.5736148990441706,0.9836347495083585,0.03451668891202618,0.0492200559809149,0.22587610435870725,0.7082119467736925,0.0033005950278426413,0.964895407942942,0.0042413986317800965
0.01170565352261238,0.8917949105779106,0.7852514841979696,0.7625891113136211,0.16074477944926777,0.6759103117903305,0.9193693527214316,0.20816993617325796,0.8945571762147955,0.9036536321247058,0.9102791942252871,0.09394561094986108,0.11749452039674907,0.7293876731365665,0.7207310003304672,0.7659663747239407,0.6889481326404128,0.7273724292989006,0.48299553589646205,0.005652590887176189,0.0042949264165596905,0.8665863856059066,0.0382863219287592,0.8458659643462045,0.9680831574017663,0.07305176710155845,0.14268031478043153,0.6050290309792447,0.07890811458975955,0.5434805882761217,0.25387536031147523,0.0031035442500237306
-0.2835320199992731,0.4935611062356388,0.8702292196509088,0.9645413006211705,0.13674059859117454,0.6669083995805345,0.887036925028541,0.20676129023139495,0.9954998429244202,0.6334014041945714,0.9133806775128873,0.0937632383910831,0.33504044115613335,0.9962352237461908,0.7997297007983315,0.9688405669111113,0.36829426604853754,0.915758300899199,0.006741474254585572,0.12451219034253769,0.08965112644105278,0.868981585559712,0.043489745827906295,0.6153388589348836,0.9682126900914259,0.0997874690599066,0.084762635966722,0.30631239663151183,0.16964304754996679,0.039571772406620936,0.8442194896775825,0.9063773290175978
-0.05072363365249823,0.43467902517158513,0.839138336293159,0.974771902192567,0.07614972669844483,0.8516435198319825,0.8882347404352839,0.21874808042767907,0.9179460599968181,0.5898557077230075,0.9062979576595825,0.08784004727972362,0.3909238931420923,0.8553867063140055,0.7618806217267514,0.9784927154416562,0.49757770411252034,0.44451685155751447,0.07783620451351578,0.047733529833453005,0.05257066698376292,0.5963159042856201,0.6004919826308918,0.6881418888539137,0.9345982777044121,0.09420440597005028,0.10279800758850012,0.22280864437880216,0.05437735810823191,0.9545961017859197,0.33363467908849925,0.0097220621595161
0.13649922584661056,0.9606101782846468,0.8588475894273685,0.9670665918660541,0.1414670788738076,0.707310508874577,0.9188689922096939,0.2053285172105987,0.8870376287399094,0.9532146091031619,0.907567893327282,0.10352723866382618,0.3491425781473698,0.8632332514894715,0.7745457322610886,0.750959818559991,0.601345874666494,0.4978873814186231,0.48671157049217983,0.0005824525491446828,0.026761422901710255,0.160878232521822,0.9588791456006853,0.8453461785567227,0.6297381394741979,0.034373970057609365,0.22250659711995627,0.4091557723357735,0.12555000224378782,0.905094963627449,0.944933136773008,0.006039196584919308
0.5909181778238087,0.9066333674408068,0.8348423306943213,0.8632798955295354,0.1642636129818801,0.6402483481841963,0.9038262616921802,0.2050799230796823,0.8751008648440267,0.916759467499253,0.9101036397225811,0.10414159784343657,0.5000514227672064,0.9241131317340727,0.8727515474206056,0.7624902620217414,0.6809825678710004,0.7523282273620174,0.0540812997451528,0.027645858758712522,0.011333234381224355,0.021931070683242293,0.20809468392356134,0.8460113815560381,0.10555563857584797,0.09598042271730892,0.036761540004393786,0.40354087716531784,0.12699960429580903,0.4198464527887041,0.263182277114649,0.01511938803755007
0.4668754269970321,0.9048121924956698,0.9463576385700214,0.8633757005813782,0.09764607618067547,0.6259843658468277,0.9162448816543237,0.20628567630750858,0.8902189802470676,0.5186527361700559,0.8804712692553307,0.08979568844591777,0.33103717889745454,0.9241131317340727,0.868174800545102,0.7624901275833703,0.6809957749276524,0.42119941939538286,0.015082035635782753,0.0279052333957836,0.011333234381224355,0.12645709442155395,0.018195891314403162,0.8462767128165005,0.08515348269076028,0.0012195195337259546,0.014370407742224409,0.40144030922763146,0.78461462360752,0.4198464527887041,0.025002526531636537,0.014877961600375567
-0.22633622209691043,0.45851024978957416,0.7979451639533551,0.7616405506671982,0.13855067525839604,0.5990478472807726,0.9288577595513211,0.2052456461925377,0.9388330141860416,0.503579272510319,0.9121476174430242,0.09894820111348859,0.3361657682407373,0.9390460457365278,0.8014452465322887,0.9650603135462532,0.05210138655233493,0.7008028965269013,0.01267056128197594,0.014801878286728014,0.011572804722872213,0.020995382288024694,0.03976137494195007,0.6020221594768911,0.11431777700090173,0.01948573572583496,0.03254362515931611,0.33041339466330577,0.03935226335988462,0.1406138232157057,0.9007037758723351,0.018651106607138222
-0.38885035952580815,0.46015770510257903,0.7798225448360581,0.9447219213596554,0.0791938349519211,0.7095156889161939,0.9213345445363421,0.22310777636180448,0.9195254319031109,0.49657179197996326,0.9105163036035946,0.1075124542922689,0.29887927507103257,0.8511396114231717,0.6908015560536919,0.8003687110797038,0.6134241107114919,0.3817869801070461,0.027375658565190197,0.007787481350241106,0.011719815088417851,0.5967305779505702,0.0028552796157374797,0.8630490925894246,0.7444291906172227,0.10276479358371177,0.002106205692037573,0.16683660587123886,0.7940278763811243,0.07434794555638852,0.7091322084378314,0.018561997014370644
0.46745196027868313,0.9494657234016481,0.9014418140085703,0.9836962788178962,0.14978308100316395,0.9822028984115877,0.9444176988611833,0.2087685375228135,0.997934426290463,0.9375397915367779,0.9412926604068678,0.10485707098883665,0.3629955997059659,0.9995027192346118,0.8073386225661342,0.9962082221030957,0.6890152120240793,0.9056297337800223,0.48606944145854253,0.02851978713544768,0.17326226072744377,0.006532287643633949,0.044030990706085904,0.6830752882715944,0.7921471449196936,0.0030115421049385013,0.05189068562098905,0.6254885523569077,0.7372486735637095,0.5198539048358293,0.9659125879215065,0.019456177549924892
0.16277363277812773,0.8945560981609973,0.8864822325437678,0.8710287950213191,0.1446555827681162,0.8882334997448165,0.9108426020276047,0.20496005688632396,0.8840955100761361,0.5469758521463666,0.9045072719590127,0.1057774853071807,0.3735342417912664,0.9759355885981262,0.7281919590388655,0.9738029363645575,0.02654790128229212,0.7636970502240675,0.0067644875266241605,0.025880505036633725,0.012117163348236547,0.09302887493587852,0.04361808624296173,0.8686208171575799,0.9653990507074096,0.034601739137760656,0.03591284376690111,0.44921248460148333,0.13925392072746617,0.6956928911543406,0.8719077876458056,0.006550020821332714
-0.2412844041765203,0.44951679429496544,0.5559148080870898,0.7457294871076093,0.14364503870710135,0.6906505319062556,0.8842559660267912,0.22472387326409726,0.8879923098682204,0.5206900865040036,0.898794809874725,0.10577552756805576,0.5188959307303106,0.9054804576929047,0.6886575543283943,0.8250023774599338,0.04515217433547125,0.42305300750861996,0.14255977843317685,0.02441016892656067,0.04215094122514594,0.4392318806336987,0.01709160675471948,0.620200494624575,0.04195974438712068,0.0014976480360985103,0.20328871236647963,0.16639082380599635,0.8146015743612663,0.03670157320736417,7.673976982153219e-05,0.0014455886092504065
0.14976449688932314,0.4813509105252547,0.8370901747783125,0.797337571301068,0.08996693374743424,0.9755556535407103,0.9105079444545476,0.22301166567105218,0.9114707578787442,0.49766856588970854,0.9110208791476819,0.10496582652901587,0.9767204381539383,0.9541497475016372,0.8266890028768191,0.9922394559819987,0.8484371591027635,0.6009222592896313,0.47240106533916437,0.008625889997749575,0.052887245732799716,0.019161033085174306,0.0024882765375029564,0.7648419116122108,0.044883035983265096,0.026563334032718107,0.08158256748134618,0.380927873543386,0.797116815321352,0.33427672995341756,0.7336764108283993,0.01893496407790039
0.5610096138802961,0.9678182117500553,0.9094370245094612,0.9645035649873811,0.15021058152904082,0.6652112053677376,0.9179110031407169,0.20901606594633232,0.893275818132296,0.892600026776534,0.8959298307220745,0.10546887216334042,0.357499534523302,0.9992411405093056,0.8083302862568041,0.7769741444699989,0.7392627549686412,0.872890298785187,0.4865689838372689,0.0064186258566334385,0.040759654435615605,0.7930330687179017,0.007414148168010995,0.8833543721119558,0.7669847752855048,0.07204157489267765,0.11292626192756688,0.5936738069474731,0.04980548409909491,0.47645533445149313,0.8854685524318298,0.01157211790803362
-0.20629049765288324,0.9709222502857829,0.8882067130033334,0.9656768711447166,0.1618976180919228,0.6732540091603995,0.9191329278641759,0.20719050075844944,0.9137901014500699,0.6172340156049912,0.9076181361597098,0.10675415814981976,0.4701151305784365,0.9922424079298521,0.8084697289892586,0.8174405689514652,0.704285397096287,0.46972922741963274,0.3758446583077367,0.001984302484009215,0.028336622205902093,0.0004999312187032035,0.00512135952312524,0.8578935759614735,0.9668166807759747,0.09258575711441519,0.14551759895719485,0.6122191602980696,0.09871849152157179,0.9498496307371407,0.6204045143571402,0.0035383066322691465
0.548435003735013,0.9623492941642509,0.904425359854553,0.9665734381782702,0.13491723369481182,0.6714585665799463,0.9246666394300782,0.2088064430587644,0.9813260268860073,0.8630316855224204,0.9412926604068678,0.1081909578612038,0.333680765074769,0.8730466170451022,0.9372220124214575,0.7998641235619923,0.46029994926813306,0.8303656572515822,0.3582423206147013,0.0008071395370254329,0.05736260362850147,0.015803660968630586,0.044030990706085904,0.8482245986502275,0.6295843887263602,0.005047848850706894,0.33064573379450124,0.43625535898085055,0.8106395304425225,0.8767132716570716,0.8393704019737414,0.019443791353555548
0.11404627537369573,0.9330383873289432,0.752138762760244,0.8977989688583274,0.12136616946107523,0.6352996212921419,0.909619135971545,0.21890559225701417,0.9016884371181118,0.8813371460410062,0.9191952193391761,0.08703705481729526,0.2680868889655755,0.8514550771487033,0.7805516521704403,0.7844859465686768,0.43998090709665816,0.4850568645228238,0.008225019386934679,0.011153186789066322,0.02715195890519692,0.00041703074493330827,0.030628407404507573,0.8578625468471226,0.6293963425127004,0.006083428592493468,0.03734154437187189,0.4191590179471296,0.09925427689263747,0.38000939008114887,0.2073674157246429,0.0024108715279593735
-0.286099434781993,0.4884659852490908,0.9807193060075441,0.17270483843237205,0.1428369122554322,0.6464676413231303,0.9189040435093825,0.20500811561742466,0.8913625086006317,0.9467642445865635,0.904548091169819,0.09472461292595562,0.4822724469428886,0.9722182104597991,0.7894188787509291,0.84182767413015,0.0463878454651957,0.7721873696845858,0.011470821996048208,0.008856272882693427,0.005896955784009183,0.11083108990326573,0.018136588031970394,0.5089903905941874,0.9498266177814338,0.010796806089122701,0.0043828866415658845,0.1654381483111022,0.8842843624748016,0.09651026424890322,0.8785243443412515,0.005347519318985961
0.015973926797345717,0.4713261850800709,0.8349932351282111,0.6809083025603145,0.14012176407438698,0.9833250749803802,0.9191310652404392,0.206287677647995,0.9152459858080007,0.6584010865106448,0.8993122839900717,0.09988038654493264,0.45304789756504926,0.9765270972879093,0.864758464750676,0.944736872852032,0.24928618928512275,0.45315011643638836,0.11604542391215394,0.04281111441609493,0.0025163533946101456,0.6676978947879496,0.054481239748233344,0.8430199779501237,0.6594410030428057,0.1327844565248148,0.05706762319370702,0.43592677698010507,0.9635782947221664,0.5652237187942777,0.9455560753198794,0.0074682743623492465
-0.20781346211867066,0.7442763566081146,0.8514398796030956,0.8085326805714096,0.17488222261619657,0.6871621801473919,0.9066058306286295,0.21036453898122962,0.8910237168865891,0.5365952032617682,0.9138152887343025,0.09944829735633978,0.5018164347222303,0.9029474726249705,0.8675656423991975,0.7430481797953918,0.5607575130681718,0.41492552887960066,0.03834146330324646,0.005120529926313469,0.021547168636933067,0.5834538749784434,0.009190884099154958,0.6327279743900953,0.8064258724239063,0.02531933436286342,0.06105817861798721,0.22502678179298247,0.15384819746554904,0.550410136436668,0.7559326065500251,0.0009717107579646804
-0.20991475640904117,0.4793719694606764,0.8140674761086196,0.7214444541006174,0.29982162652137445,0.7094344270823848,0.8882057048575646,0.238969900995923,0.5527106850453003,0.9521769911218716,0.9298836352514415,0.9638622717752758,0.3042271757010276,0.9367548273452244,0.8447573949738032,0.14488760262432426,0.020969540505555016,0.4180083356917439,0.2097462332975907,0.05637257446597407,0.0008210790293568249,0.5728145145425637,0.003545267445996085,0.06831402808364978,0.8811316021490053,0.0522489769753411,0.09034675286756975,0.3541122148763749,0.019270582964635463,0.3946693103188734,0.2476591959077462,0.015270754701446452
-0.1329946659956987,0.9994489436291601,-0.5114638679393522,0.7556232860225998,0.1713681002152332,0.9806482066390607,0.8884934358849779,0.20361941506567485,0.8938499395166286,0.9821814764699861,0.9158928317263957,0.08775006883260814,0.4996628059512466,0.9908286382294469,0.8224085955334125,0.9717833778385173,0.4479381823768893,0.9125344722293623,0.010138727880664666,0.008528807323705458,0.00999939172222587,0.15045439894943077,0.00394111028260263,0.8470214908571417,0.6393371933585148,0.0384616444056354,0.03257537844165536,0.3372296556127541,0.8885656159590918,0.14976890857395134,0.9683076961087955,0.014282065027578773
-0.22026900998306825,0.47649124386331515,0.8510379419689792,0.9619724275733658,0.1607021159626694,0.7910709704726413,0.9245760433923448,0.20916081896141508,0.8841855719093019,0.48011835413935766,0.9081271758992076,0.09414095067907113,0.3757037993289209,0.985897319519165,0.8219079725860499,0.8168618251979555,0.026879021923127466,0.47565772006981266,0.024806298719954878,0.03232807547392534,0.026800511083091866,0.48355491536798006,0.03855651481938109,0.6197450490074122,0.745423131414557,0.08197737554213734,0.09117793856433168,0.4595392429998541,0.8109065919474371,0.059038407944639076,0.787052071963229,0.001780383560173582
0.5815200595178318,0.9498591760159184,0.8313787264640309,0.6453441320428435,0.11638009153493295,0.6848276951070558,0.910723134857988,0.20696614725470122,0.9381221600656638,0.4910725008692655,0.8836503720577552,0.10001677152984181,0.4634927442001252,0.9966411873937241,0.8428737783762689,0.9826671406878655,0.07984802478236847,0.5289775682676334,0.026349454276943407,0.024098356809700495,0.02216371067907527,0.07030985684011927,0.0005130851405018393,0.8235198972411264,0.6189892263732565,0.0035890873111098596,0.1386833323037758,0.3618446040553416,0.6259664295397454,0.4124551892265981,0.015916895088938954,0.00016648135191769942
0.25559470026949305,0.9456556133726665,0.913659064870758,0.769750927819483,0.1399079194701115,0.6642660922171761,0.9174647501307064,0.20597835283651186,0.9507881214546108,0.9696972553244394,0.9161905925247359,0.9712267201253697,0.33670804590556624,0.9449388368895216,0.8617547509157311,0.9893790177858138,0.6622791153712522,0.722279345138618,0.5444105086536852,0.05176961901271321,0.10271464427847588,0.005990579744469149,0.17601460823180498,0.7300583398602021,0.7109946781935967,0.1160922296283948,0.16228065631260818,0.4505280998820159,0.7730584879179379,0.8262772865469886,0.9376384059983797,0.034322767219222686
-0.20267663480860848,0.47577054184600304,0.8212083617026014,0.7490913810446113,0.14317008318662253,0.6796937870864043,0.9356346009077605,0.20491974732979715,0.887473585871124,0.6235111884399559,0.9092035839239304,0.09354501237287871,0.3451228848474663,0.8229207142237817,0.6715417433610726,0.7659663747239407,0.17384101656739517,0.6820156129493506,0.17700077530262126,0.004251980538861267,0.005006768992953827,0.7550901511468866,0.0065931393133201,0.6200621565613211,0.021124455071967155,0.0601376476092993,0.001097328560911725,0.2985045464872712,0.8112644051306541,0.10868044840142782,0.04077551206997912,0.010983462024756852
-0.20291563160999712,0.8289709337950425,0.8379235062253224,0.9728589554465825,0.1314053052925656,0.9395730641181901,0.9107961816813244,0.2050730677841449,0.9004510823966807,0.877935932867251,0.9148628630557397,0.10477507841368679,0.5001634972312117,0.9608327662567059,0.8624933833491669,0.7507682485292525,0.7642406077206256,0.6432702566095951,0.5276597284816685,0.011678580920427076,0.019352482607217777,0.45019373590480577,0.04361169918682422,0.8457613226958591,0.6599821511896771,0.020727065336139827,0.1439298630782334,0.4064670785076572,0.8103477145516149,0.9606516679531688,0.6632988104495865,0.013688175477758458
-0.16517125002922262,0.9597623382441371,-0.7562792950674571,0.3739094323586386,0.14529055396976606,0.6697501858705166,0.8862539540828556,0.2082699220307082,0.8938499395166286,0.8587710006759872,0.891060680829912,0.08924650034073861,0.49896803936359957,0.990542453890771,0.8645362456818343,0.7665682675954782,0.419330485856195,0.0198540431753384,0.010131714647184492,0.007990041323199294,0.028080243532716653,0.07677514660462552,0.004859137290697174,0.8345354935176789,0.09438639163179541,0.036499705929297986,0.03552516018609973,0.3714293419747259,0.001972587868022761,0.15073659659416078,0.6721494959203728,0.005945260999039376
-0.22642339178684873,0.5019523935609663,-0.5918767167235237,0.9611777308639621,0.1640133814650055,0.6917011487143112,0.9191107939526659,0.20773696805209885,0.9064921479964645,0.6818950289512234,0.9070501267906197,0.09437653352695854,0.5226499554422589,0.9852289395796866,0.8601290863134411,0.8104668003489885,0.5690941207202092,0.42286892810490245,0.14036256942537617,0.012195358708229576,0.0932524713040652,0.03420311000007441,0.02587252614727624,0.8013429390335318,0.08840375308307585,0.007927586591774435,0.09410524873818202,0.36618503445467704,0.8489174312386949,0.0015580041506799702,0.9120092367650979,0.002366114541236081
-0.21725502606271585,0.23301129269899962,0.8847320455843851,0.7549852048641024,0.1406730297417012,0.9748879922903185,0.9237776371792374,0.221141195287339,0.8729765568950193,0.6311372310889141,0.9075903969867648,0.1047868898359258,0.5105549370024742,0.839408349326364,0.9402949637431657,0.7711015998209638,0.07406111160599313,0.06434899502296271,0.5359283209580572,0.013220266578089127,0.0017618258979388776,0.021322944623626106,0.03875652708633187,0.8433909771791361,0.050306275448907645,0.007401527364132771,0.006190651613247382,0.40043081785479145,0.7445502413270519,0.8739346619218635,0.01032321017329918,0.018420032219684013
-0.613374237618523,0.8771365165067219,-0.47899542301498793,0.7279945314457095,0.17038838876802598,0.897212533321595,0.9174109232922719,0.20532052095585454,0.17499122290691072,0.8346757158607235,0.8922012657753666,0.06333675574311676,0.4880089274002938,0.9793110897676005,0.8292346497060036,0.9763211057035937,0.773221435957491,0.4330069163993521,0.01610990414763678,0.03285583649211321,0.050015801032350676,0.4502279976683283,0.558219294353826,0.797145346391637,0.05543330820603787,0.05982852244998804,0.08612705681683235,0.013052799237156687,0.11130073878438085,0.029581267662192087,0.7180617202473174,0.9837902359172038
-0.5191380822091979,0.5405922754991505,0.9023841760725133,0.7508013360814662,0.06486551063797033,0.5195706323601182,0.914438764399641,0.23777586128671863,0.9298304063681085,0.42311145034132014,0.913851730537914,0.06371635832298676,0.48380453306767884,0.9867384062521734,0.832514305605503,0.9476275373184564,0.18167000356746432,0.7040231887803974,0.8361792793251175,0.060646408068350255,0.0038181799417242295,0.5677981703508302,0.007476307798353298,0.046890697105635315,0.8779072167875421,0.7233056152172128,0.10896130469936846,0.011052939281362043,0.20844613997989314,0.15769716913682447,0.9527417699367686,0.920059239994522
-0.21078301184191117,0.9480453338694386,-0.7562792950674571,0.7630520008995044,0.16273185565769036,0.6702163076250562,0.9196467829018444,0.2243660263850125,0.8904742640545086,0.8741306671506901,0.8960102923434016,0.0942013395562637,0.3256196837281899,0.9889990212084354,0.8319829367301316,0.99816773825628,0.09256339548108028,0.8327574728413503,0.010138727880664666,0.010284849468739643,0.010111087905247694,0.4893807632691499,0.042996344823215016,0.845811838794273,0.12968127732813411,0.03250685131386269,0.24715181789401414,0.3547867490154082,0.743892167324885,0.14434490296541252,0.982552642471306,0.015113752095791681
-0.20788495588594258,0.4507201499059965,0.8197635774111088,0.7496633205212971,0.11054895670972541,0.6757250258725022,0.8655768188281361,0.20831580048330844,0.9168032514741496,0.5215673340623677,0.8794844339495521,0.10546355241527688,0.3319089131078435,0.851394635890315,0.8402753117173312,0.7478003204238499,0.03768640122606919,0.0857967448272087,0.0012151732042301605,0.050041138596021474,0.007970262750424395,0.5718427455544544,0.021293489541923075,0.6174297095059477,0.016508360367102567,0.030000397367334692,0.1278619068285454,0.14290736438749596,0.23940204422062383,0.10052764077010216,0.0563408956386795,0.011645926997820815
0.12242637019481444,0.9504503125804448,0.8994785105354349,0.8305771802133531,0.09141381893767281,0.7174365166690722,0.9227640117049658,0.23888185995786032,0.8974654939136122,0.8609552052249655,0.9175377881210747,0.07607120664083823,0.29999280109090565,0.8619717781475931,0.9637515393370224,0.8092020540994209,0.8021397150867629,0.8550508548156364,0.2176032474371098,0.0031313666081229166,0.05361543443863092,0.029375394283957357,0.04252200221802069,0.6086720742919949,0.9368350263848524,0.02024288579080455,0.04847375692740113,0.44506852544938613,0.11028047298872448,0.49051183317904684,0.8674205031310152,0.014535071512927683
0.14452426216336636,0.9553602849121471,0.8446453461688449,0.995265390347356,0.11320199861416178,0.9382798807817208,0.9241563838834709,0.2084797501692482,0.915529748998324,0.5927437610012131,0.9144604647939227,0.10853967116087847,0.3842276308333667,0.9593256213372029,0.8710257223248338,0.9929410266446519,0.07992460861661438,0.7001874787888904,0.0328554754856079,0.00857752962721289,0.20690317113837656,0.10009826544940836,0.0262811631680141,0.7190928077697848,0.0602097534103318,0.03906379789774576,0.09101867089990356,0.3084298473531532,0.013647435048277805,0.3682270868864467,0.8356352990863875,0.008885588905284014
-0.2057750728624656,0.495458342368812,0.8402884359771047,0.746722986683963,-0.012194701867463131,0.7145203791590938,0.8737494744974799,0.20565916973606552,0.5585647854702068,0.9781939852493552,0.9107259548164218,0.9750701231524389,0.30293218367788655,0.8852231235145304,0.85836525222943,0.14160134607840325,0.013727311210364516,0.7533801162199665,0.13558592952433254,0.01788887644383123,0.00027426830583109595,0.5593253853879941,0.0042467705203829585,0.04901308462564885,0.10207170420038247,0.028832704029592,0.09159587232922406,0.43920492614892237,0.015895719004636988,0.02442436497813305,0.19705987650861528,0.004880412089236279
-0.20517498400479908,0.4754717907873978,0.8211488233173329,0.7351642987403286,0.1649890662667868,0.7236549142846957,0.918733985097198,0.20659789256944294,0.9039790452555097,0.44179532209622885,0.9103980578851149,0.09285919673591345,0.3424358717753467,0.7636498944938652,0.6545189226670455,0.9992045433398682,0.18145132721077228,0.5417336537763632,0.004361603858495752,0.009922396729487285,0.005006768992953827,0.03805241132284598,0.022964149370952702,0.6191644998215762,0.09375460179095957,0.060023945449717786,0.05575313033889927,0.44706815860423066,0.7780472747455094,0.37926360886589233,0.03627587007984179,0.003143732786719548
0.4687576329305896,0.9494657234016481,0.9014418140085703,0.9736056914552647,0.1114599906929026,0.9864576701488774,0.9444176988611833,0.2087673404885102,0.997934426290463,0.9323067428916966,0.9412926604068678,0.10529395946982907,0.4908145427540353,0.9995027192346118,0.8623454477719668,0.9910474067354765,0.5939920339949627,0.9252079458288783,0.48358044772616793,0.019915600133173755,0.17326226072744377,0.0017897678173990905,0.044030990706085904,0.7513905725763211,0.6353379667970803,0.33362439604494365,0.05778981016240815,0.5943358724496279,0.7372486735637095,0.5198539048358293,0.9093864243338913,0.019157576541374725
-0.588931661711742,0.5396485409220837,0.906250911576008,0.609957261924915,0.15619960085327192,0.657660562550842,0.8828479873904022,0.15926365210849425,0.20349942647829836,0.14950556298305967,0.8117347925894582,0.06333675574311676,0.4850099760678917,0.9829699980827316,0.8569659811534741,0.9557080708514429,0.02531422348601814,0.4164552989947508,0.017325420441340278,0.0035816422641756357,0.17702945778834686,0.5631030452922082,0.03702749941148329,0.02722141052299093,0.04167273277367495,0.0759400924793025,0.0147122363022246,0.0026225553364262466,0.018575368258047467,0.009761638816503639,0.22955736412229294,0.8884471414492778
0.028537149602595333,0.9883732733528854,0.8510379419689792,0.8739139118189303,0.16057738632758006,0.7910709704726413,0.9245391154295878,0.2081589478865296,0.8840478966764211,0.48408972802940686,0.9074216044140879,0.09414095067907113,0.5418542694861268,0.7333752613766379,0.821913829261396,0.7680196693243292,0.7395247293581138,0.691007540491115,0.024806298719954878,0.002660079601588471,0.00730448647462599,0.48355491536798006,0.03855651481938109,0.6291476900584975,0.7451680045272601,0.051275191348860626,0.09146888609693214,0.4660225507268634,0.8109065919474371,0.07020557810828892,0.05862581235636616,0.001780383560173582
-0.2355002406297111,0.8704013522236927,0.633362650444062,0.7456789682325837,0.1579419096881233,0.7094415955900892,0.9262850255543738,0.2242459451887342,0.8879923098682204,0.5398358467799054,0.898794809874725,0.10956665288746426,0.5188977946501655,0.9872018038750563,0.6886575543283943,0.79467924354853,0.04515217433547125,0.4316062024222629,0.020461743019563997,0.02586655573546024,0.09453583492368905,0.5566480259762641,0.02080905929436673,0.6203341858691345,0.04195974438712068,0.03532805642510646,0.08609969315404245,0.2718045595819617,0.8142539462619788,0.03670157320736417,7.673976982153219e-05,0.0014455886092504065
0.11525313575186455,0.937669186336226,0.752138762760244,0.912894652413432,0.11917577257592003,0.6352996212921419,0.9080893021048498,0.21804054636711834,0.8955050851268932,0.8813324178567288,0.9894531931462681,0.08703705481729526,0.2680868889655755,0.8514550771487033,0.8794428617733323,0.7849749954655054,0.47380791224568397,0.48487712452402276,0.008225019386934679,0.0027175993296252657,0.05285705075821501,0.001587953726372146,0.030628407404507573,0.8523560720661829,0.02423869224584646,0.03319410300884636,0.08899613764356727,0.44320429884151186,0.09925427689263747,0.8927495677398076,0.2073674157246429,0.014171106391252629
-0.23882057453128672,0.45043117599592114,0.6299711613936557,0.9852835128164597,0.1579419096881233,0.6205086156832937,0.9196718567424733,0.22472387326409726,0.8883982912134746,0.520621282124098,0.9059640987833503,0.10577552756805576,0.5188959307303106,0.9884697729949614,0.6783222319099136,0.9624166416434221,0.017258375389653066,0.422857409261546,0.14175981087225453,0.004362761241174428,0.22844803628746962,0.5805506563446998,0.025520047217718847,0.6018073786841454,0.922296232768521,0.11092734389238564,0.15815020543550853,0.2718045595819617,0.858043785215795,0.04306573258097483,0.010316078337793688,0.013633767066712871
0.16096126222143817,0.9522515264705522,0.6810932133711416,0.8796791787708724,0.09159078719897203,0.7107538056361301,0.9232275853952281,0.23877256419046874,0.8922000479212913,0.8656544284799942,0.911939019130293,0.08929274580202488,0.37703802703632067,0.8271484567024416,0.8422741940587175,0.980987925367869,0.0392417630667542,0.6236775360835373,0.24020249836046034,0.0004800475533032478,0.005353307665053785,0.013494261514288002,0.012602646987677827,0.5916179985450106,0.960563408757036,0.015544328460358529,0.11930758648869895,0.39751264770992495,0.02285177623521356,0.08052857856831713,0.852642980433436,0.009121171211434135
0.6160003781148682,0.9583263938129358,-0.7312921971128965,0.7555439113913073,0.16626808281487862,0.6009934365597365,0.9471718445116334,0.20533338538613266,0.8880868002244886,0.5722860215721834,0.9092997185052978,0.09420187781142232,0.40743556348510057,0.9635053022789865,0.8013196283118458,0.8197205738454255,0.0097845895313238,0.7622532923439391,0.004210073447973833,0.0019376246090602664,0.05563508842757742,0.5716779130216829,0.0384399986166128,0.6164635622420576,0.07141986531590583,0.08546762037657599,0.11746574892140288,0.4290917992783738,0.8069018539248171,0.012840393632757519,0.9313197787460086,0.01548815086602178
0.46648192393703963,0.4825502799512526,0.8141194798008334,0.872606462471938,0.10848993848774717,0.9890590912377434,0.9444176988611833,0.2088420201511395,0.9948566441656133,0.9476757518804784,0.8813922286134674,0.10407376586156937,0.332238395898681,0.8822838787225638,0.8765054924039016,0.9848889409424496,0.7119750647486209,0.8855577544804825,0.011195683752670993,0.027301628939903035,0.2254842111615782,0.014703860516983858,0.03971556535229022,0.7898064444444013,0.0840774477094613,0.0008972447109744653,0.002689115474799185,0.6165103736246702,0.9739088869576603,0.37972420930753115,0.8742693511921528,0.01187990058946443
0.5326925497497634,0.928555057554997,0.8411592323058406,0.9710453065015472,0.20501545811687807,0.7542970300105035,0.88535101715217,0.291511168906385,0.23558090450611435,0.9125136345106865,0.8084421248515794,0.0992335004171725,0.37256257773291046,0.9845605183338683,0.8679173285771986,0.9555426200049046,0.034846152275935294,0.45565807989553925,0.818393739931442,0.14992537089921665,0.024386428407504622,0.6602205432256566,0.010160064964585255,0.7402535311166675,0.8839615378586128,0.0077003940516456384,0.0653906462710686,0.22523196876287058,0.03398622398347151,0.1536262122301596,0.17761773537295683,0.06378392823652515
-0.21167329769139406,0.4949688261794547,0.8244843363651871,0.6209720276512128,0.1614953836008019,0.6817347254333446,0.9286032741430534,0.20840124147815953,0.8899311374747781,0.6137672156728994,0.9149762037609086,0.10454653612213782,0.2728345458347823,0.8235008200820113,0.8616649138049607,0.8098239133935223,0.6864170044377552,0.7588902674653982,0.1370306210923729,0.0006731118166213926,0.16933842594184784,0.5477225795741609,0.11806423348253296,0.8704942698755775,0.9414940114354319,0.07305176710155845,0.0929708975308173,0.6047333442385994,0.8188444087800593,0.46345908491774895,0.9621060378373926,0.00375863818238841
0.5158238034107467,0.4151517859018987,0.8513284244800225,0.6252632844200111,0.17331462967416375,0.6871621801473919,0.9215515669355108,0.20679247574487883,0.8868625223077046,0.48866221020739564,0.913680676552267,0.09919591456669052,0.3424119642800359,0.7295237775768185,0.8659309115837743,0.7207478264296072,0.4860678930034397,0.3626088042742783,0.038465449790241864,0.0006521494220795305,0.021547168636933067,0.6102432454649347,0.00618341437500727,0.6205258557889348,0.09531233432155678,0.0989035213297685,0.20398303491119157,0.22513443051127185,0.10420601141791791,0.06839991485958336,0.0500633927060436,0.0030156624539769607
-0.2946275905753346,0.4757063097896518,0.8212083617026014,0.6335796328532179,0.14317008318662253,0.6795822437414248,0.9242840068105737,0.20491974732979715,0.887473585871124,0.9103524402099032,0.9100562822790731,0.09354501237287871,0.3481987534918494,0.8350180203229709,0.7136248056971906,0.7521260968971725,0.056194980721464144,0.5138548664631848,0.045601929132947444,0.0014334990647568348,0.003092326925951962,0.7705532612872997,0.0077789789135948965,0.6199523948624889,0.11802416243144831,0.0893648024717206,0.05133543567529107,0.2985045464872712,0.7507477798591619,0.38657766883274114,0.26917276104003657,0.01642295837065896
0.008261937884297119,0.4301852137321112,0.7916030144905445,0.9915877241759778,0.13917767221174215,0.81353396825424,0.9263910316672007,0.2079666680367156,0.891699306483538,0.5362847368001531,0.906552489430673,0.1053508993923728,0.3328098560353268,0.7390068069766766,0.835062286852513,0.9889818378822537,0.0013738501301527872,0.3848375526436555,0.017943909135630265,0.019812110899317156,0.5620912463731169,0.11397001074345581,0.01208400834717,0.8409112987054951,0.9310853213026044,0.35236566895509136,0.00695977071859543,0.4207570740734225,0.09899371809693586,0.9686823916949856,0.7057216339093002,0.002172132839365628
0.018690484949036766,0.5193437324596035,0.9461090579914081,0.9713925996464071,0.08507543531060996,0.9725185788427612,0.9503013677432639,0.21684521366361584,0.6427060100124763,0.5801529255751713,0.9573259036479627,0.9664859630074761,0.22682531487430418,0.7650157650809314,0.8444829389640545,0.9729344742349011,0.14526246327986764,0.7803249152393954,0.14182226684624774,0.8906815576944096,0.03288920898071755,0.5845783989735432,0.012310826631964256,0.7600629344314982,0.7548863689554262,0.031226465393019737,0.05422625752704962,0.22958476194584942,0.10319262580719395,0.007408702165593195,0.9597779813423862,0.020583628890312733
0.22969430570733682,0.45703782361384854,0.8145947180626453,0.9583471801574371,0.17398925135022214,0.923191341936571,0.9173526874573581,0.2067846039776583,0.8963510582356246,0.9787124588243564,0.8813113766952383,0.11033736097193829,0.3926496401511174,0.8481057447464027,0.7888130137530344,0.7494739406001669,0.8587831722686886,0.9222464011817878,0.44778500169759305,0.038092241273584286,0.02180628539211186,0.10311736396742474,0.15394500244245599,0.6329481920491495,0.08296268384472666,0.024596021063705464,0.02516672459501315,0.4448355368836937,0.1703699439038286,0.4797346663411076,0.7919303308904985,0.0030156624539769607
0.14452426216336636,0.9553602849121471,0.8446453461688449,0.9966580070102773,0.11320199861416178,0.9403487635182489,0.9416256660085525,0.2084797501692482,0.915529748998324,0.5927437610012131,0.9144604647939227,0.10853967116087847,0.3842276308333667,0.9593256213372029,0.8710257223248338,0.9975064282590191,0.11114227349876069,0.7001874787888904,0.0328554754856079,0.00857752962721289,0.20690317113837656,0.10009826544940836,0.025223323482418493,0.8503290309918023,0.6253382218226321,0.10102650304760268,0.09101867089990356,0.3084298473531532,0.7281071976523982,0.3444064057418732,0.8087663444317361,0.008561633468489899
0.08904784316602615,0.9330334586081512,0.8994785105354349,0.7447866501669747,0.07957232420918303,0.719328651460627,0.9227640117049658,0.23889844427126633,0.8977940756737073,0.5334698245585721,0.9059032917170142,0.07607120664083823,0.5188299629839153,0.8223207304845924,0.9613492130601239,0.8092020540994209,0.6842142168145597,0.8550508548156364,0.0006750529542506323,0.0031313666081229166,0.0034302447978408167,0.02269758146626011,0.024822485079850694,0.5936696878565884,0.8363197628209585,0.02366160602993877,0.04847375692740113,0.44494873758051734,0.82168056685608,0.49046477894710716,0.1890045777266101,0.014535071512927683
0.598913574878685,0.997291136520463,0.8562403195865844,0.7799964346725958,0.1722302362965479,0.9365541445773289,0.9240515414166228,0.2068126033441816,0.8938499395166286,0.5071007161206562,0.8965256700736375,0.08924650034073861,0.30294933916843114,0.8948033050457302,0.8583838409975766,0.7783560174824473,0.5243577862362492,0.898809369430291,0.028682969428094396,0.007161978711806001,0.020827228197634533,0.7970012561386088,0.0074395725477528155,0.8470214908571417,0.9966668105051949,0.031548670327797505,0.220933501281736,0.3562511649097583,0.0033895420988482496,0.4869975253217706,0.22669284694485536,0.0006139724147813386
0.012297590568639674,0.9606101782846468,0.8310623552142918,0.9960869789369688,0.14175246954784265,0.707310508874577,0.9263740323975901,0.2053285172105987,0.8829167097788881,0.9532146091031619,0.9075958923878498,0.10592007425845572,0.26085399213724436,0.8617847562240668,0.8394833879179254,0.7361895765059383,0.5202840387719552,0.6511464137224877,0.21557133337942253,7.819271972192565e-05,0.027154925582131673,0.5236453533859806,0.9732105115222058,0.8462957713540986,0.6232555249338869,0.009453522337451198,0.13883109621049236,0.4091557723357735,0.06979852246090648,0.8759953620721451,0.8818900840153484,0.00595785759066154
0.06228154924754688,0.3975300756856469,0.8416222058099624,0.8050317434660456,0.1755829223981022,0.6966116567649142,0.9255236778326786,0.20534145532270132,0.893142285093278,0.5242944860584327,0.8783483993306894,0.09430863239232407,0.47149833753812964,0.9080675872863292,0.8565127007994333,0.8332006551455091,0.004851064712125375,0.8565695630180427,0.1766255306954847,0.06526877217438785,0.09955874898342916,0.5643592385281553,0.022909826842073627,0.6937690820462626,0.09804482262628403,0.1619531582997527,0.15305270817234423,0.3560216396974064,0.8989514992485319,0.4581508019528582,0.03605966120944056,0.0062279161913655345
0.5343643133565832,0.9830697579829515,-0.7562792950674571,0.7704992548584921,0.16123462137516723,0.9227597025644944,0.9229824340629363,0.22531618906187711,0.889875333774465,0.8823227672987067,0.9000620976621936,0.08091009273484306,0.3186864974662972,0.9940994546886668,0.7972073557818222,0.7847751900613187,0.9219950522877808,0.6123509607833018,0.010138727880664666,0.010284849468739643,0.027602230486601275,0.47571014816532814,0.08101803242926231,0.8406724541230326,0.6761934035968763,0.034530871483567295,0.16377490879536724,0.3712114385505578,0.0033895420988482496,0.13968166389045034,0.7217757674345542,0.015304849903670606
-0.20467234526187625,0.9756702664611886,-0.5672051475687607,0.3739094323586386,0.15655182547338317,0.5196533729696181,0.8862539540828556,0.2082699220307082,0.8938499395166286,0.9211062097537681,0.891060680829912,0.08924650034073861,0.49896803936359957,0.9907637321695028,0.8645362456818343,0.8452060460212673,0.41106111475544593,0.0198540431753384,0.004007934411364473,0.007990041323199294,0.06656741582921133,0.05099860460851026,0.004859137290697174,0.8345354935176789,0.09438639163179541,0.036499705929297986,0.03541265323365426,0.3711235647918615,0.001972587868022761,0.09130157071517465,0.6773801165915893,0.015618472849184837
-0.205090985835064,0.49494079235822486,-0.494179206633385,0.7614816608640703,0.16171043485360617,0.6498640870110988,0.9202025475583677,0.20533338538613266,0.8902823733684513,0.511775735933591,0.9100077844235902,0.09383838075606363,0.2693521973860193,0.8668017981493953,0.8139723130856934,0.7618426151255032,0.06571043212019148,0.457102891546053,0.00904571167651067,1.3171961350626898e-05,0.05214271107685895,0.037550541019209155,0.02254720515204251,0.6239109668240502,0.08508913680041641,0.003321496969244983,0.1208617582342971,0.2173219412075012,0.6152216640716162,0.014868846089099996,0.04290676325551107,0.014089418413385374
-0.22762211917813047,0.1525661492935882,0.9188211783154903,0.7556316173484567,0.1406730297417012,0.9783995748938501,0.8880084693231353,0.22097845495328708,0.8979727337649672,0.8800500996835132,0.9153236727612477,0.10411918802166474,0.31898839244173427,0.9689322918894032,0.80743553033692,0.8302964703495127,0.04952982329326147,0.01793798625786025,0.5292767438999918,0.006566502000175809,0.0017618258979388776,0.004564037601570203,0.03875652708633187,0.8463864147724935,0.050306275448907645,0.0014349313489077451,0.04227734313843318,0.3015639156709362,0.7455386330785241,0.9864197403546976,0.0300408727909182,0.01810795989214064
-0.3885658861637575,0.46028596077641604,0.5646926545227157,0.7517868615934818,0.0791938349519211,0.7015922542737414,0.9195315389681826,0.22444121873200204,0.9195562354541921,0.49657179197996326,0.9045132389392371,0.08886514904432678,0.2865519602509106,0.878884687135091,0.8247984847921559,0.7182570097233186,0.2526867150918378,0.7798259368960041,0.0352835691151861,0.001740964565121579,0.010136825210793877,0.5859841060774371,0.016360158086922996,0.609745381031766,0.007115386952565583,0.019046355874377034,0.003941021552162815,0.15941141811553555,0.037106282182084116,0.023709836533511087,0.6671013334242816,0.018561997014370644
0.08041353528644293,0.37461584989795654,0.8915989180183106,0.7026334744659773,0.14006228103637375,0.6924611889733222,0.9084390271257838,0.21152884873744285,0.20349942647829836,0.956937429196357,0.9150334938508946,0.08557231334577026,0.48417074911592456,0.9867951309088353,0.8101874049402648,0.7528219877617908,0.050990477776724163,0.4076506200033043,0.01021129130260124,0.049382813612629785,0.3658735656784388,0.6543100792796708,0.020041803667162898,0.04532543433123848,0.863528335583075,0.1897497358564414,0.06009274624724982,0.040877742425946745,0.04610980331389242,0.12289430970762091,0.8520322095986882,0.8387638108695137
0.020243465279066772,0.9942091568290142,-0.7680020724460802,0.7076643066033221,0.16249067482890006,0.8179399429413119,0.906128403846588,0.216953190872959,0.5188117347180807,0.9512336364230948,0.937804471983095,0.7951928573969151,0.5411110926312271,0.9512505403986253,0.8652385151332491,0.9716877827900252,0.003461484274458332,0.6640628701898827,0.6333291468130083,0.0538971708419684,0.006186286565129012,0.5698879155276912,0.01577484245788658,0.7619478007751537,0.9457777988972624,0.00205490196305258,0.08921384743966011,0.8455923066880802,0.7238311637854786,0.011663213046948506,0.8101420023598308,0.6245289550223383
0.22365052475742694,0.4144995926916106,0.8546748849085315,0.812544825898095,0.08584341434398905,0.7108738180511919,0.9081675304725998,0.2123131453732978,0.9152616549882917,0.6601625603287435,0.9067648345186473,0.0731705277743491,0.3162715812956074,0.9572938150275568,0.8193275920450716,0.9763697878808335,0.5861936554614473,0.45107588953067596,0.04327462466093315,0.04012576550654142,0.06675486358971686,0.1611472656397053,0.9517166134474002,0.7985648656625798,0.6027356808791531,0.03696340293057501,0.04652827894624845,0.4456188377465756,0.8625820260915728,0.9813612286761609,0.6926983426990855,0.018829592672663167
0.5049264103726641,0.45531555709148,0.8592213591672333,0.7430801222438757,0.08194447538198776,0.9938224850449713,0.8736808590217416,0.21414213447520886,0.9769566103456803,0.8155734302328577,0.8449848507173452,0.09272390969684141,0.4945795204997096,0.9723861463570309,0.8111921109533162,0.7628279675798657,0.36140946503085936,0.7833068568578176,0.5074877518351797,0.02027502471540442,0.01916962359381949,0.04042144337151177,0.04476577789031768,0.8475274410418339,0.8566988175931392,0.0725781825932331,0.0030715439641297443,0.48600228951951846,0.05937972204255769,0.5027681642427662,0.7087127889354518,0.01312907752851981
-0.08523267637265786,0.9546045568918087,0.885337780556095,0.7941152091802891,0.13885639387318707,0.892992065494733,0.9263855354605821,0.205873976106456,0.9196301456602267,0.9532146091031619,0.907507552092963,0.10359260669095331,0.29590396012151265,0.8617847562240668,0.7726952263453003,0.7060671014412909,0.44414734102930814,0.6156174692453761,0.48557072787240885,0.00029213275814928073,0.027154925582131673,0.5756826919185222,0.920335717106386,0.8462957713540986,0.6297381394741979,0.006886369503745487,0.13883109621049236,0.40967084316385755,0.09667960260563557,0.8760064589718959,0.8955063712290171,0.00595785759066154
0.5972420227716397,0.9975152293696566,-0.7473720611814983,0.37305439929256523,0.16123462137516723,0.9302322818564157,0.9229438632650222,0.22465581977495472,0.8902198392505553,0.9795273101156636,0.8964825672051797,0.08970679978228135,0.5119015441152868,0.8828200333248627,0.8692515458263461,0.9835699206960827,0.08372516340703823,0.9108534685011719,0.021100580131870328,0.008993775120110948,0.004121737938547042,0.5008157805644783,0.00394111028260263,0.846896527652564,0.208641814006844,0.08585600411703734,0.09348755171897914,0.3674910030305999,0.7995253875536735,0.14965293985632244,0.973911683835538,0.014377500792203722
-0.021196215057680393,0.40675659228652167,0.8350500353667888,0.8127053051648934,0.08109711552699572,0.701756548810168,0.9195290692428517,0.21774316444726882,0.9152459858080007,0.6603865641912533,0.9112041303760123,0.10522318322716634,0.43668362299949415,0.805005818877844,0.7309097184178863,0.8141805548493528,0.2884434211492223,0.4073719592170115,0.5448895652642243,0.04315710044163552,0.03119437000632276,0.597038013493589,0.06392643679669877,0.7973837856174335,0.6291204809537699,0.058560487025502476,0.14172553515988964,0.15948753765380264,0.040702109265440545,0.13910333245253928,0.6645509055625615,0.011548835519302393
-0.5896820546769422,0.990713353786995,0.8520653941952132,0.7301956589978038,0.167249393506486,0.6728389730826354,0.9292378072819039,0.20574999980175002,0.22742179275167124,0.1758884341228784,0.9133287646702897,0.17996132044024826,0.559403770961198,0.9870326415656072,0.8303477276608019,0.9674541235163127,0.6122260940787354,0.43729821124834767,0.01674124813588644,0.06469109149810844,0.05603146016013934,0.5689997444873283,0.02017823802616305,0.02677552657530627,0.018230864609804706,0.06194917909759673,0.0888686693039329,0.018567543814273363,0.007365196559187541,0.013446252408111377,0.19438051226447495,0.8398997347410323
0.46648192393703963,0.9715942010265544,0.9032758513400407,0.7531511287134506,0.10721228552737802,0.9887052634631689,0.9212402387192822,0.2076644916386593,0.9133472770064652,0.9323067428916966,0.9183086868599494,0.09076047532419264,0.3748990815302902,0.9867259521587026,0.8112892321357136,0.8849213452626798,0.030246310869360138,0.760063610831492,0.47599083321913477,0.020432287769306716,0.11527716663766432,0.014703860516983858,0.014210729529914316,0.8054162769406846,0.14803693320558176,0.004420432826028886,0.0029898096504013287,0.3980143608356049,0.8031764847135452,0.33467179618080856,0.8869922736735769,0.004979230906134179
0.09774873938706398,0.6332105850071407,0.9470576465124435,0.7295558600082855,0.1613200006914117,0.7060004437522949,0.9241695753566418,0.21575537674731823,0.9138653193829102,0.5114540655867832,0.9308260948584403,0.1033769703891182,0.2831657811183575,0.9954457799919945,0.8195656938015834,0.9664562441234148,0.04264537254540923,0.9301298816701041,0.21378622925480492,0.012393911428312643,0.012463362230469222,0.5541229030174669,0.006099876061504961,0.8537949257046982,0.889520933644741,0.06470140480570577,0.17093283607955415,0.30545889955229355,0.03596408994572026,0.1447365609831246,0.9025892480898092,0.894392143449334
-0.2057750728624656,0.495458342368812,0.846813161389014,0.746722986683963,0.12791629627049733,0.7145203791590938,0.8872395147341099,0.20565916973606552,0.5585647854702068,0.9846325669380621,0.8867114046437091,0.9218462131039402,0.30293218367788655,0.9897034577378896,0.85836525222943,0.14160134607840325,0.013727311210364516,0.7360159286197547,0.0058672125332194375,0.05954180978676767,0.00027426830583109595,0.5650568878711499,0.0042467705203829585,0.04901308462564885,0.8950899567309966,0.028832704029592,0.06973659424588585,0.4157774007729797,0.015895719004636988,0.02442436497813305,0.19705987650861528,0.014413538935385226
-0.5896820546769422,0.45837720143321925,0.8520100769359356,0.7273508609447402,0.13782037466028704,0.7129683146344499,0.9387977286261737,0.17751682211907696,0.8428395849814592,0.5196567389919653,0.9137185069159547,0.17996132044024826,0.4841572275572922,0.9910741843419956,0.9063258009622006,0.9984376626893418,0.6779877665122492,0.44948646778834844,0.007414980596803403,0.060058081208392976,0.14188815034186314,0.5689997444873283,0.003499306241483152,0.031037056427639542,0.018230864609804706,0.06194917909759673,0.08429632060622927,0.007171001982513345,0.02150238880162908,0.11935456793653589,0.8580375250175284,0.8423377115729571
-0.00638453780788846,0.46715528957110025,0.8341368532107761,0.8162887606419758,0.08132430497972774,0.6330514506188062,0.9781723579581014,0.21614837977557422,0.9155492860285814,0.5970489950571292,0.9105894746022882,0.09428958811363457,0.21064415827880648,0.7609154774774584,0.8791290025437588,0.7723565023243029,0.0614689844297977,0.688557095739663,0.12250493398970214,0.07445759802054797,0.030108873138298117,0.0009379547672668798,0.02999597022298172,0.8221994819763422,0.7647964402423124,0.04029116046991303,0.14279677879812705,0.1752160175471183,0.8132528888576116,0.9719137742290478,0.6658214747515232,0.004850434225053359
0.5444586242553318,0.9491079488288059,0.8849121763003703,0.9787059934345932,0.2940013489733271,0.9130381106990342,0.9167189224398463,0.9846161627912033,0.517283690527843,0.9954464747805263,0.8237932052093916,0.9315489518765414,0.5218151456229614,0.9707326720245657,0.874681548828755,0.9895061149270962,0.6811609863463153,0.6710092604027905,0.15634640271935857,0.12458551017665104,0.007193465279350627,0.8982518566246773,0.03096959140061699,0.62498421846837,0.20801407982278036,0.587482126472257,0.086610291447264,0.22859219749476914,0.81544393487081,0.4287193861199733,0.9846440380449373,0.01740531535920263
-0.019953383677543207,0.40675659228652167,0.886790171642295,0.6035751748669035,0.0777465510801919,0.6765822330834472,0.9083533758338592,0.9292788019734868,0.9152613143288872,0.5933943409667262,0.9098768301826732,0.06097685738677533,0.4856791207735761,0.9857691538634523,0.7582877772546973,0.9676519378312067,0.21993280568788867,0.801931637129527,0.0030531761214026842,0.033313010749404424,0.21090752175316907,0.5682358085875328,0.041033422703100064,0.6005298176620781,0.6271875045035649,0.024913597537392917,0.037602721769712945,0.17621934184453744,0.09612240808158143,0.08395659150860157,0.6857250086100002,0.011548835519302393
0.548435003735013,0.9692475210538548,0.904425359854553,0.9802522349633512,0.13605840928835478,0.6714585665799463,0.9259844727942419,0.2088143026710982,0.9778326910187185,0.8630316855224204,0.9412926604068678,0.10818482038482559,0.33447983144463667,0.8730466170451022,0.8413208886409925,0.9882923802695783,0.46029994926813306,0.7537383015993141,0.3582423206147013,0.0008071395370254329,0.1737632399708803,0.015803660968630586,0.044030990706085904,0.8482245986502275,0.6295843887263602,0.005047848850706894,0.32571470252941986,0.43625535898085055,0.874934465896593,0.8767132716570716,0.8393704019737414,0.019443791353555548
-0.20788495588594258,0.45071931610047505,0.900886067170019,0.7456533159453586,0.11202368183796471,0.7066399760832799,0.9171564415343448,0.22433572358912865,0.9047674797596232,0.5206900865040036,0.9188567871744504,0.1054308744427832,0.5060121704023675,0.906459653599663,0.8124768890181457,0.8379508134928357,0.7721309703801875,0.3364981718702393,0.17751555283916415,0.01247952550085589,0.12654917406732896,0.5816531034415382,0.048919016895177976,0.6336734594574152,0.040565750511702525,0.10221874204970328,0.1669998709205909,0.273075086503378,0.24417721046852064,0.0417595792818011,0.7538352936253885,0.0014709629828311803
-0.6082574330163403,0.5551459601547352,0.9996562039223232,0.7279755501627813,0.14068683845530977,0.7069085500714095,0.8725609670191117,0.22356512049370167,0.8923801071914107,0.8912937165839367,0.9138498553275999,0.06371635832298676,0.48380453306767884,0.9867384062521734,0.8353111807825424,0.9732379217875166,0.52109807453491,0.6451959788274428,0.02551836482993658,0.060018175939247936,0.9060230215925218,0.5635492336651394,0.5271685083812345,0.044043805436976446,0.9394988857680737,0.7198300207316305,0.21455817143538042,0.024713591396898035,0.6998336870431834,0.5317522909428739,0.20176277697854375,0.920059239994522
-0.20924632768961654,0.49804630069957123,-0.7941079244837617,0.7529404808252061,0.14449437470548196,0.9192148484344457,0.880964511941702,0.2056140394509124,0.5585647854702068,0.9874013522494588,0.910805665581293,0.9149544451884561,0.3031996384945803,0.940052675757362,0.8370591015714397,0.9555951646421104,0.051982305336384205,0.770944982232444,0.220147053134814,0.0018580146598707048,0.007888199492146697,0.577650186248627,0.001775029005809418,0.07601836122049338,0.7831148249149381,0.01439761333580114,0.08909513196702781,0.4518783378017065,0.027589863167258588,0.010289701936384676,0.19396126640853556,0.006276849765404909
0.5923022777488915,0.96386290715849,0.8243889730460748,0.8016859778541668,0.15273693142625044,0.8053001580058172,0.9299433808545962,0.20750621818533035,0.9558562691118999,0.9818699947883385,0.9079350063417704,0.10478321261835861,0.5215534262955019,0.9639169398137065,0.8581691507020192,0.9034721374673194,0.6131511626052768,0.3864246245462091,0.37154303238593267,0.0017042712596254637,0.06437578124216517,0.0553100429257004,0.00924141950697853,0.746291582227266,0.6330101251883302,0.09582737997413915,0.1571782880692144,0.4894205555398663,0.25800919135699596,0.4690589587283251,0.7994224049566238,0.0027609342862369127
-0.1916721893495007,0.39705074602671697,0.9987815677965859,0.9671967184717793,0.019542711874035737,0.7040418641902306,0.9607381519267979,0.15926365210849425,0.19571795229752786,0.6073357882872807,0.873754522010721,0.1872429507854395,0.4807041857703709,0.861922274470848,0.7301432584147527,0.9726726077455544,0.5442963507002838,0.41404760673255625,0.046535850913403565,0.029930418552903525,0.4648685808998871,0.5721484131815646,0.03897327878688717,0.035548591497235604,0.8743097622307764,0.4114024894895209,0.012145766938924395,0.009714430528296292,0.7156283793309881,0.1257591080332283,0.8989821021262661,0.9199670100763998
-0.012348502043687537,0.9362526859785028,0.8561478480998665,0.7278265292852634,0.15982387497435124,0.9416857014070991,0.9177355677804384,0.2047948180546101,0.5501013126322433,0.9404907442415795,0.937804471983095,0.7726965702793656,0.515541480981896,0.9518681876621568,0.8623934156558657,0.9716877827900252,0.023115448845457326,0.6642335878953185,0.026255055492737406,0.0538971708419684,0.018929333350820397,0.5631277216220267,0.04935224636489586,0.5514489220610235,0.15440341192177315,0.10667179177757966,0.08921384743966011,0.8433531686866316,0.7255965899594345,0.012127371675314837,0.8822596146021894,0.6016290971866786
0.598913574878685,0.9981085923715994,-0.7473720611814983,0.37305439929256523,0.16123462137516723,0.6951546204463738,0.9196258994610512,0.22465581977495472,0.8933740611799551,0.986059768612887,0.8964825672051797,0.08970679978228135,0.4328265576815721,0.998753104262719,0.731515302164047,0.9973266454782694,0.02228510679538051,0.41010281200993165,0.021100580131870328,0.008993775120110948,0.012397159121241678,0.5008157805644783,0.00394111028260263,0.846896527652564,0.9730721103325874,0.08713379625731107,0.09350170633859686,0.35809808624346784,0.8645204841689174,0.1390484770625247,0.9750654936782456,0.00106517756281177
0.5158238034107467,0.4151517859018987,0.8513284244800225,0.6252632844200111,0.17331462967416375,0.6871621801473919,0.9218529545297769,0.20679247574487883,0.8868625223077046,0.48866221020739564,0.913680676552267,0.09919591456669052,0.3424119642800359,0.7295237775768185,0.8659309115837743,0.7207478264296072,0.4860678930034397,0.3626088042742783,0.038465449790241864,0.0006521494220795305,0.021547168636933067,0.6304655055996873,0.00618341437500727,0.6205258557889348,0.09531233432155678,0.03623747236490102,0.036633730264932315,0.22513443051127185,0.10420601141791791,0.06839991485958336,0.0500633927060436,0.0030156624539769607
0.46648192393703963,0.9388722376058942,0.9016317541042228,0.9465633187900194,0.13605840928835478,0.6903799343518636,0.9444176988611833,0.2088064430587644,0.8624932783793271,0.9323067428916966,0.9412926604068678,0.10819850964565261,0.3493998352527255,0.9928836574765527,0.9467770327168109,0.996737182531744,0.8524536465420369,0.8949130585395313,0.45821616070090637,0.027550704884911764,0.1737632399708803,0.014703860516983858,0.044030990706085904,0.7751858069362365,0.7894414688991288,0.0031605375259809096,0.3318006122327515,0.6223734648449606,0.8776856339683352,0.4109782969659439,0.6702614348999802,0.019443791353555548
-0.22480863756030117,0.9623492941642509,0.9016317541042228,0.9665734381782702,0.13500272732650667,0.651186669902923,0.9444176988611833,0.2088064430587644,0.9928376719775086,0.9488987170934335,0.9396072229323009,0.10847487245835156,0.333680765074769,0.9928836574765527,0.8444737311766185,0.9913500851247247,0.9040614663323591,0.012746409251457369,0.45821616070090637,0.027550704884911764,0.1737632399708803,0.015803660968630586,0.0050501779541630085,0.8481768636191387,0.646907472916715,0.005047848850706894,0.3318006122327515,0.6236814751649046,0.8776856339683352,0.7355707192387712,0.8379401498573698,0.017951275234110223
0.5551772673599253,0.4887054536108521,-0.8060117629498768,0.926035609925535,0.07951755525727403,0.709191550108032,0.9241287819907807,0.22374230287368546,0.9491031818781417,0.519981786609878,0.9123405052949024,0.107686983571737,0.34970504076679426,0.7451379226722631,0.9214677024415746,0.9173496384046878,0.6356491374958164,0.8263305467409501,0.017707257690453837,0.024240865700039124,0.01966089543177567,0.6045041555576744,0.22734104406572533,0.7682737176859397,0.059395758769478446,0.02505490815473408,0.12023722334356024,0.17166461344598333,0.7785617788300165,0.07665938867134743,0.9938226568768522,0.019101694775351667
0.5764273917125491,0.9967760791654668,0.8545366480293897,0.7799964346725958,0.17202249184089147,0.9227597025644944,0.922146536557023,0.20683646952506876,0.8938499395166286,0.9821375597659247,0.8965256700736375,0.08924650034073861,0.6218664995536507,0.685421551465361,0.8583838409975766,0.7847751900613187,0.6824628274639724,0.9133742964627383,0.010138727880664666,0.007990041323199294,0.0038413230873007593,0.7970012561386088,0.03055373038526356,0.8470214908571417,0.9664056664120191,0.034530871483567295,0.035872340808975126,0.3562511649097583,0.0033895420988482496,0.500110987817628,0.7522084268112592,0.0006139724147813386
0.5049264103726641,0.9636559206919078,0.8590176771637487,0.9680804261672826,0.08259017026476295,0.984841842358317,0.8736808590217416,0.21414213447520886,0.9769566103456803,0.9587476861506695,0.8884015517309798,0.09390309322648888,0.5232628783179204,0.9847217388327495,0.8079718860433194,0.9609271305235471,0.6324590832760526,0.8038759324067373,0.4770829229926909,0.02027502471540442,0.11271138197808417,0.04042144337151177,0.0448446768645062,0.8521303704374812,0.932494023099763,0.0725781825932331,0.0030715439641297443,0.48600228951951846,0.0057368896873424835,0.571559148715189,0.7087127889354518,0.01312907752851981
-0.21058870137299257,0.5414773685549727,0.8818689531171029,0.7276630037698794,0.00259979301473659,0.6873868591523017,0.9083485906004769,0.15926365210849425,0.13956421209059033,0.5540948467906733,0.8979543747201575,0.09351664554301334,0.48533638566234183,0.9867348837702086,0.8648467863128615,0.9751586188278234,0.5153670091133561,0.4164552989947508,0.005391108335248751,0.060813716845526666,0.015093772881767428,0.6007587811026899,0.02127292955902323,0.05182074433961792,0.04167273277367495,0.02271168670106427,0.01489092166000397,0.011615446711267241,0.04307935755962344,0.041573782331853354,0.8625950363679935,0.987949806892623
0.5125773385840144,0.9297128206647957,0.8379235062253224,0.8008790654620735,0.11142323802524387,0.6737451500810797,0.9106087671417934,0.21708572689200764,0.8812863906759221,0.8841756213265949,0.906157800769905,0.0998872056055838,0.33048348547246525,0.9542276556299115,0.8616190048543313,0.7908596761179519,0.01041042813811588,0.5301250544388059,0.4893289209455069,0.026209233029684774,0.02216371067907527,0.16057310810945397,0.0015303602967915268,0.8136679048941491,0.5828671065878193,0.033899169829311473,0.14315552503239964,0.3973752918892759,0.11429959776557841,0.0756600999888569,0.9428227803827531,0.0005961383869286085
-0.29665061511512475,0.47239505398736575,0.6306858731227911,0.8131965639214833,0.1579780551764196,0.7096015849610282,0.920803649915966,0.22472387326409726,0.8879923098682204,0.4834795729188285,0.8833110338212127,0.07273007411611125,0.5175180181591712,0.9914290743103616,0.7300147266139538,0.9750738473268388,0.04515217433547125,0.3931207632936664,0.4358676498055184,0.02441016892656067,0.18738710257290275,0.5448175339545716,0.010331170670965707,0.6217715801217586,0.053035292329477825,0.9474152248876744,0.17013536059892165,0.4560998320831648,0.8064816982647145,0.014254357508337331,0.25677203412301813,0.00044204579181975545
-0.0033307011904797346,0.5195888772509815,0.840200579107623,0.7466490782340435,0.14077036999126075,0.6904195140181792,0.9232163507261769,0.2055689181906653,0.8860427718746032,0.5237830197667837,0.910303670890582,0.09474522836579786,0.27734679080733315,0.8229340668339887,0.7992396636289293,0.772295269605941,0.001416748961101305,0.7753578526330673,0.16319574171171908,0.014482205724269417,0.009339194114093948,0.02796214581562154,0.006177060134432449,0.6070891815321245,0.06995580239571857,0.031852493764345874,0.04770807432596853,0.29312438657886086,0.018567305541598213,0.07156472456667382,0.6429448318425854,0.0037609215279503522
0.07164903851933258,0.9979307545010955,0.8532974382314138,0.3739094323586386,0.14307669454639793,0.8608017275179448,0.9115760530624616,0.20682688160061047,0.8890234487529107,0.950591816831547,0.8965256700736375,0.08924650034073861,0.4093058570987472,0.9883855677998987,0.8043129957300743,0.7895347223189525,0.7132120397666522,0.4245248709306617,0.001354754062630359,0.007989267448243745,0.028904745911846382,0.940203294309044,0.004536649035933559,0.8484679361755831,0.14649605612558986,0.022415308334531647,0.14217575021103934,0.35810399589906017,0.0033895420988482496,0.9474204591794657,0.7502180415459472,0.0006139724147813386
-0.20788495588594258,0.45071931610047505,0.8413676409539149,0.7456533159453586,0.11054895670972541,0.7066399760832799,0.8655768188281361,0.22433572358912865,0.8881438531074054,0.5206900865040036,0.9188567871744504,0.1054308744427832,0.5523864845363768,0.9054854235587319,0.8095959067282756,0.7644403425674615,0.041553368910017055,0.09853791916574209,0.17950712303241198,0.01247952550085589,0.05291691384250335,0.581543503314745,0.017327603974873616,0.6218535330644397,0.039065234892846024,0.10480003317737227,0.16110858736868733,0.273075086503378,0.6300413206017556,0.0417595792818011,0.21682519580370452,0.0014455886092504065
0.0984709966920509,0.8811310750139829,0.9061586227481957,0.710725444894956,0.09472037798518453,0.6420552862769097,0.9067434682089277,0.22433812270589826,0.9165183624844186,0.8711732396837975,0.8982414773340859,0.10414159784343657,0.5143508484536182,0.9241131317340727,0.882629031760271,0.7624901275833703,0.588983796089286,0.32331673703192565,0.014268312611062546,0.0013953290526536443,0.010166671015349632,0.06757086922553035,0.20641180144390114,0.8434796661253638,0.003213179879931645,0.09817012398011095,0.036761540004393786,0.39604019177686023,0.7867234133792136,0.42618607089769955,0.025002526531636537,0.01511938803755007
0.16810923988642787,0.44726627694861487,0.9104455518927542,0.2743286505902073,0.11924529992153612,0.6743901289249858,0.935600903072231,0.20787033487381082,0.9393491363603563,0.5723956666819541,0.7323165967114197,0.10319960367496735,0.38702207443499675,0.990822045702038,0.8073338452023154,0.9628364139742356,0.6028932759283098,0.41520902925310876,0.06912981996628195,0.021347639915366756,0.06386616546765467,0.08523844111566511,0.004914429987489977,0.665524608981129,0.6440152376567937,0.06480296242171468,0.05682267555636431,0.30952899400139267,0.12920176019471732,0.735834445934467,0.7936580492021961,0.01898979386747661
0.14976449688932314,0.4591178128373354,0.9037283908063041,0.6505201654561741,0.16544412092383692,0.9116714129475763,0.9239698637401339,0.20883012289571634,0.9134924561102995,0.6081247324497898,0.9071856489478713,0.10496582652901587,0.2083859981665886,0.4633312635595369,0.8189699072951707,0.914560442089256,0.17052137648686747,0.6009222592896313,0.09766731847616186,0.010565343120755862,0.0557086398029031,0.0158532782439465,0.030935030571497945,0.8132477056988505,0.6297381394741979,0.020205065003677157,0.10844164271851063,0.34627514532041176,0.007934589484825718,0.8492493610122345,0.026847438988727435,0.013484810763548578
-0.032131570078884564,0.47976458537648237,0.8294395234974916,0.7122560660954885,0.14327014952032316,0.6793506467828943,0.9233998417563344,0.2072887586720164,0.9297057922366919,0.9728760833386373,0.9100425253995681,0.09126561785574985,0.2889764934056855,0.9730103437926853,0.8090231915296047,0.9998499043928942,0.35517537204950644,0.7730070738521682,0.1388448431862423,0.023915178245751907,0.003949194106572748,0.6951219483808821,0.02589274060316783,0.6815391680960169,0.7585618190840517,0.007193171186282807,0.07913337142946547,0.4374434016882671,0.6354783481588474,0.8472475267914968,0.9061121747063262,0.01302636385219767
-0.20517498400479908,0.6058944728671873,0.8100684357476691,0.7351642987403286,0.1641183911004542,0.7260131122070351,0.9187299839413615,0.20659789256944294,0.9039790452555097,0.9176197380905302,0.9103980578851149,0.09285919673591345,0.47337831854181944,0.7693010673616562,0.6194288981406686,0.9970497353619866,0.18145132721077228,0.5395620593319057,0.016165727774714422,0.059381779109454164,0.005006768992953827,0.5424714507009858,0.04950094454861851,0.6084790033990696,0.041680878677347544,0.08055793381061041,0.182241636275157,0.44706815860423066,0.775714764505478,0.3950075168122323,0.994499761507882,0.003143732786719548
-0.19112574520342954,0.5352813265296006,0.7979451639533551,0.7616405506671982,0.1413295565956331,0.6000957292222752,0.9023032345959817,0.2052456461925377,0.9388330141860416,0.503579272510319,0.9121476174430242,0.09894820111348859,0.33612834031151145,0.955381024875301,0.8014452465322887,0.9650603135462532,0.0601666258922863,0.7008028965269013,0.02668263279774391,0.014801878286728014,0.010008303476764582,0.5144223031972276,0.03976137494195007,0.6157162297078649,0.7173665506589627,0.024538347770086334,0.03254362515931611,0.33041339466330577,0.9966292928548343,0.10187459037572494,0.9007037758723351,0.018651106607138222
0.15733395701034703,0.9144429910730248,0.7483280254290263,0.9923431815783792,0.12142812855042495,0.6698202207094222,0.909619135971545,0.21785279052005438,0.8834170926706392,0.7804664048620202,0.9144559629741605,0.08703705481729526,0.2680868889655755,0.738450273552459,0.878764682384018,0.7849749954655054,0.005111485468254351,0.35612673924265503,0.030152896489674147,0.01110381842682906,0.05285705075821501,0.001587953726372146,0.0010827229827106623,0.8447556498040655,0.2941041117306085,0.032626518182748185,0.02517724580267032,0.44320429884151186,0.09594940069846944,0.33123039900237133,0.2073674157246429,0.005261706321709872
-0.021196215057680393,0.4092220519779761,0.8350283461498387,0.8127053051648934,0.08109711552699572,0.701756548810168,0.9292163386911113,0.21795353369041287,0.9274220946553275,0.6617696500477925,0.9101188464482262,0.10522318322716634,0.3862866880876559,0.7469231015391622,0.7316926223377294,0.8161067581631529,0.45788498167809444,0.7130492466904266,0.04554078423217675,0.04313179831686635,0.026208967873180715,0.05508380146561237,0.029943286091932843,0.7973837856174335,0.13248368330404733,0.022653372764982332,0.14172553515988964,0.17087240273173182,0.05991987512123648,0.12307097685244922,0.6749866460443867,0.012549092871751781
0.3302629889744834,0.5587680526126497,0.9460455565161301,0.8621818567859909,0.10735448898701339,0.7978963961781806,0.9147061993663631,0.20413458313608843,0.9161389133411353,0.8922017011362888,0.8759430938148141,0.10365524466842747,0.331500322981269,0.9224693354847253,0.860719001661427,0.767844711542668,0.6809957749276524,0.8335505483459653,0.0540812997451528,0.02129160837953223,0.010976184189968501,0.027492609989770045,0.20036393972470135,0.7868049232503678,0.08515348269076028,0.10535303379513952,0.10682479287499916,0.3931923703916291,0.7874589397544568,0.4324368082916033,0.7157000506929303,0.01511938803755007
-0.020856670143253098,0.5195888772509815,0.8289374093445308,0.724418609275797,0.14077036999126075,0.6904195140181792,0.9232163507261769,0.20559149761254975,0.882965272203893,0.5205433294398987,0.910303670890582,0.09474522836579786,0.2624131786390403,0.8229340668339887,0.7989488770424703,0.75117156882186,0.001416748961101305,0.7726698357094585,0.16319574171171908,0.012703398204660578,0.00999331252672421,0.03057257252107857,0.006177060134432449,0.6070891815321245,0.06995580239571857,0.026573883170589514,0.04550321628538662,0.29312438657886086,0.018567305541598213,0.07156472456667382,0.6570755432501441,0.0037609215279503522
-0.16517125002922262,0.9756702664611886,-0.7562792950674571,0.3689356047635528,0.13935378956790515,0.6697501858705166,0.8862539540828556,0.2082699220307082,0.8938499395166286,0.9332114928198775,0.891060680829912,0.08924650034073861,0.49896803936359957,0.9905272300696852,0.8643944789297343,0.7665682675954782,0.42968081733727637,0.0198540431753384,0.00705524250636686,0.007990041323199294,0.028080243532716653,0.07677514660462552,0.004859137290697174,0.8345354935176789,0.09438639163179541,0.0068465719691845825,0.03541265323365426,0.3711235647918615,0.001972587868022761,0.15073659659416078,0.6267623136933946,0.015568825054667789
-0.39670825272057897,0.9830697579829515,-0.7562792950674571,0.7659028270576484,0.16123462137516723,0.9227597025644944,0.9229824340629363,0.22531618906187711,0.889875333774465,0.8663899166054447,0.8966167826238723,0.0942013395562637,0.32219578876759064,0.9980576414721549,0.7949372449718337,0.7847751900613187,0.08372516340703823,0.6123509607833018,0.010138727880664666,0.010284849468739643,0.012522278483763714,0.47571014816532814,0.08101803242926231,0.8406724541230326,0.6761934035968763,0.034530871483567295,0.09181426242534413,0.3712114385505578,0.09327181766485339,0.07464313400192651,0.6860585830794803,0.015304849903670606
-0.1781831668368788,0.47107564904911575,0.4710502324457495,0.7122953912051496,0.14148370039138447,0.939952270172581,0.9260986637750459,0.20726556406080376,0.9134748660328765,0.5134433847594471,0.9027926375950449,0.10509739754672592,-0.5681791216946891,0.45991599398002714,0.8448421359529722,0.7894976661850006,0.5143882106550067,0.5900536970301262,0.06687775521143627,0.05071962024350918,0.1532586301207022,0.5896096557354594,0.056555950450507944,0.6981815235230949,0.5907615177576473,0.3091664303472354,0.04297048928755123,0.15520574307906929,0.010441058071546959,0.008123881852148782,0.03554269982981552,0.012552633509087412
0.5906434822964918,0.5158468640841481,-0.7473720611814983,0.9834758193056425,0.16248586858031744,0.7284119478258352,0.9049701026722878,0.20526614606754917,0.8938499395166286,0.5247894490145045,0.880148364416561,0.08924650034073861,0.38058139360458276,0.7111672051557644,0.8691136322889754,0.7662225550980177,0.08372516340703823,0.977200067050758,0.018446906071781836,0.002453821310274766,0.012409260475052978,0.5502674190333168,0.04951168317170916,0.8469000215039133,0.6704997187787849,0.07915121969917986,0.3023956057533872,0.3540633117657971,0.2723915842410894,0.11077318138464903,0.09876789300221578,0.0028611622965050137
-0.043365824247386324,0.4951256090563281,0.7787361917143929,0.9397998971115308,0.14528156835085249,0.676054845058939,0.919391712101252,0.20495625252592822,0.9168671833496105,0.629193932497736,0.8972781571334986,0.10546977505790314,0.31817526517545014,0.7283521037557205,0.7128935922033411,0.8064266877881353,0.11465531017497516,0.5935449771390525,0.16572650171130437,0.00891566790444059,0.03157651658402736,0.5002153743677777,0.009066137533438504,0.6802455844318611,0.9470079923170044,0.09927221424220001,0.09043218739163683,0.3178776822818757,0.1308478744932685,0.034654233951230934,0.6683074515147114,0.004182796985532452
0.504762748146206,0.9558927657095895,-0.7630231998005198,0.8273145282829326,0.5105064572191412,0.9576677956483162,0.9112732625333005,0.9645731069600472,0.8682034619543358,0.8981265445769345,0.9206421937595834,0.8816520185633857,0.5405718179992942,0.9954300493095517,0.8976429053273279,0.9827108563226575,0.5485893543830538,0.8850060448630432,0.007588191394836463,0.00011675494062143507,0.48306287204774695,0.006387236206048197,0.02022093021853491,0.8040645301247376,0.7303489398533919,0.003811371956899637,0.0863944222934576,0.1455659308435238,0.7235585230518287,0.037600326093362,0.9546699110995662,0.03233471286409989
-0.5896820546769422,0.45837720143321925,0.852697782499123,0.7280634380526035,0.16172071893747555,0.9927731796375643,0.8851472281332851,0.17722626051999701,0.19946648446338638,0.1811437027000413,0.890900503874571,0.11385614418875932,0.4841572275572922,0.9864155338296379,0.9018029849270612,0.9674541235163127,0.010879009735291045,0.3925980663731057,0.010234084591982814,0.060149789219377386,0.013017667634590217,0.6408020828890015,0.02051811332494708,0.02677552657530627,0.018230864609804706,0.06194917909759673,0.08587024840421568,0.007130832185238096,0.02150238880162908,0.013446252408111377,0.22955736412229294,0.8586099310890726
-0.2333606709591124,0.9217024792847609,-0.7562792950674571,0.7659028270576484,0.16102578533588757,0.6702163076250562,0.8820744148949051,0.22470360803081896,0.8915322736629916,0.5053224215404006,0.8966167826238723,0.0942013395562637,0.32512826601948863,0.9542484744531438,0.8423636616744813,0.9596058907835381,0.028931017821631377,0.32123195320448816,0.010138727880664666,0.0007637511279247056,0.012522278483763714,0.01452464008645396,0.02227980033508037,0.7533205286694159,0.08608376403005452,0.017866316869125844,0.08050448222445716,0.36358969018356746,0.7529523781936398,0.03492299562564207,0.7168625923880615,0.015304849903670606
-0.1727713145751319,0.8954470216206888,0.8419253513092642,0.8131965639214833,0.1579780551764196,0.7097080794522113,0.9064196453200918,0.2016082105715312,0.8894484731981357,0.4834795729188285,0.8836583138494538,0.1058652731201362,0.5199054539287928,0.9924670682786771,0.7300147266139538,0.9750738473268388,0.03769098060968526,0.46616408229595907,0.4358676498055184,0.02441016892656067,0.18738710257290275,0.5399074666429843,0.020864860460661782,0.6217715801217586,0.05354270296135703,0.9474152248876744,0.09659603718883249,0.4553327168973862,0.8141219815839709,0.03670157320736417,0.27741740505997736,0.001397714329316823
0.08791668676964721,0.9549362317518291,0.45666906664881557,0.7486770155667881,0.14202607133537562,0.9403473314717393,0.9180274764027061,0.1698983701454533,0.9265143449939612,0.9387655536134767,0.9150637314652884,0.7740734455482191,0.5411110926312271,0.9554284193507416,0.8632774605417625,0.9768138915504737,0.023115448845457326,0.8293513536803052,0.04906991260750444,0.0539512995945165,0.04958692544501027,0.6444218630342466,0.03615464142515451,0.7031557998362901,0.9602008207300023,0.026837053126885398,0.09134570671166937,0.5981968329373848,0.04018278464857178,0.02480332166902416,0.807788644576573,0.691153717512383
-0.20787322095037283,0.45065450313957095,0.8210311249188907,0.7365686624744722,0.16485298039626778,0.6048280419268062,0.9279466783390852,0.2056900202863787,0.8838794015298919,0.8755659573723737,0.9074546801103619,0.08806552792770558,0.3352981619465009,0.7310077799071518,0.7023973094459423,0.7707111298076601,0.012406340163007727,0.46447481732528567,0.033941258052218114,0.001259165807753839,0.028342096835702272,0.4836012285558777,0.038593921008312146,0.6169369950038076,0.015444751752579922,0.0527771859951105,0.08980054665817662,0.27503314670563705,0.7977440471783424,0.839066438823699,0.07273629835157357,0.006450442135425389
0.5971414020628848,0.9700312280626664,0.732648426949195,0.9660686088291989,0.14043091735062652,0.7772620379977965,0.8160939236043399,0.2071157126250588,0.9928317218624158,0.9587295373969357,0.9070893918617894,0.09548147543033464,0.5098492999278835,0.9686359384499045,0.8052229415437921,0.9638934618308053,0.8454799554744448,0.7147610422243851,0.485507906606703,0.02776080443726957,0.08724949876599858,0.49692760601008623,0.012495122920941822,0.816552843684691,0.7072951531721255,0.01901053192692097,0.020363304614433315,0.628267965655906,0.03768077263706826,0.002846009134888916,0.9338826519427448,0.0036034795785146326
-0.20740831798253723,0.4757063097896518,0.8212083617026014,0.7490913810446113,0.14278450732191791,0.6796937870864043,0.9423031931442074,0.20491974732979715,0.887473585871124,0.9840764306734104,0.9047293079870716,0.09207145304866267,0.3488516629093012,0.7551157599931989,0.6715417433610726,0.7509665202595937,0.14987373903207496,0.528274779883884,0.03396229626262258,0.010874736327930786,0.005006768992953827,0.6086115776788077,0.0067419298136335865,0.6200621565613211,0.024756178087585873,0.003298982915615819,0.05133543567529107,0.29499055465720303,0.7549238792924038,0.38657766883274114,0.04076630988275305,0.0096830902509589
-0.19201939502423893,0.3596329055702885,0.8292613364109346,0.7082693412249508,0.14112030409859036,0.5840070403792419,0.9270646100141077,0.20856689683137467,0.9350567133299225,0.5362847368001531,0.9146341269622056,0.10578946633956325,0.3213296404399465,0.9233500772399951,0.9135070601254265,0.9906521141392302,0.6279909782397386,0.41505391439840145,0.19225046687242303,0.025437551580004054,0.11318075538344824,0.5100969928311441,0.016323416051828063,0.860378850361596,0.6253544988149166,0.07553425081924942,0.050105999388062476,0.421673592971203,0.14002047977054724,0.6195241760365731,0.9399762758533756,0.01513429496411213
-0.12597966048425974,0.8936892959036429,0.9821520446004623,0.7586416519461647,0.14326978322178674,0.9937652958981229,0.9189040435093825,0.20500811561742466,0.8913625086006317,0.9467642445865635,0.9074873021548091,0.10535386967522792,0.4822724469428886,0.9739548442569553,0.791999739570641,0.8810456146472888,0.49790339322517607,0.7561495847239376,0.007180562484523756,0.023991419675975158,0.06217449453046535,0.11015760374800047,0.0429949194100061,0.6877265710429541,0.9275664033114324,0.06385718982099708,0.0027520672887758925,0.43835044599247097,0.880126905290027,0.09814438993248537,0.9404554918910208,0.005299802844190757
-0.20924632768961654,0.4970051537656782,-0.7941079244837617,0.6992128444870249,0.14449437470548196,0.9093441573936041,0.880964511941702,0.2056140394509124,0.5585647854702068,0.8840073050749547,0.843668283293734,0.9149544451884561,-0.6388127825769018,0.940052675757362,0.6950517173891497,0.9555951646421104,0.051982305336384205,0.770944982232444,0.029741480286486766,0.0018580146598707048,0.007888199492146697,0.577650186248627,0.001775029005809418,0.07601836122049338,0.7831148249149381,0.01439761333580114,0.08909513196702781,0.4518783378017065,0.027700361574222707,0.010289701936384676,0.19396126640853556,0.006276849765404909
-0.613461782303867,0.38146351517481675,0.8512836924020499,0.7506563114978322,0.1788406808960818,0.7246957501048711,0.9233169203070615,0.23177232760927302,0.5614366992892875,0.9582356119166724,0.8928153139712863,0.9159988145111589,0.5368892369189121,0.99248062160219,0.7864635976477606,0.9875936039186194,0.7183006849619955,0.7717069342346305,0.01706604819433616,0.003868417510859829,0.050837162403034444,0.44730672798586113,0.004548466077149605,0.5772071483920377,0.7464331682143874,0.05182507499222069,0.16602330490792677,0.611552317926933,0.11069392932712754,0.044785816340528986,0.8155221466696817,0.05685046898491064
-0.24806712178815357,0.4254397193579172,0.9918374070875895,0.8120097077887273,0.14181820073456258,0.7067274318009751,0.9054152675917064,0.9477015610558633,0.5746436619560663,0.9276438272181291,0.913032046687161,0.9471645216358875,0.37656158841861587,0.9863847969507867,0.9177602530421377,0.971296763126118,0.3877557009101781,0.7883395098398874,0.36330902576808777,0.08609995071669513,0.02645783270476909,0.04162514834563753,0.002344473906185196,0.6136920801868396,0.9975926199100625,0.023379181140517874,0.2106502138036108,0.4425901775302502,0.00012165473889708123,0.008967450229350804,0.35703449299187273,0.018377815443579866
0.5051005986741813,0.946369372990496,0.8592213591672333,0.9680804261672826,0.08053685217654612,0.984841842358317,0.8742609175706655,0.21403104268748377,0.9769566103456803,0.6167965941202647,0.8884015517309798,0.10452079953178482,0.4967105801416214,0.9723861463570309,0.8079718860433194,0.9552495140588759,0.3662780533795169,0.7833068568578176,0.4770829229926909,0.01992629665825013,0.11271138197808417,0.03837164993839774,0.0448446768645062,0.8552305364830667,0.9716604821047494,0.0725781825932331,0.0030715439641297443,0.4025411508074775,0.11303599418659199,0.5027681642427662,0.7087127889354518,0.01312907752851981
0.5675726800670099,0.9219071026032395,0.9460455565161301,0.7869637068701946,0.15846422670942975,0.6758739380695836,0.8853987525701468,0.1945099446528233,0.9563882168414022,0.5142878489840088,0.881648661392223,0.10416634369538619,0.4892161820807695,0.9241131317340727,0.6851320414943952,0.7776883495638994,0.8323879683199311,0.5078570757950387,0.015668840962122413,0.004970625554208522,0.011333234381224355,0.47781217461127945,0.19267046175501107,0.5468632191342783,0.08961683483121398,0.08244759351280545,0.07687825167720695,0.40096143818058966,0.7854920978398827,0.02293633659553912,0.08669225901302763,0.014920537363804559
0.5821640300769918,0.9048121924956698,0.9460455565161301,0.965376116946672,0.1613601877091915,0.6797489218659712,0.9377142339561308,0.1945099446528233,0.9886140351246928,0.7591305821635537,0.8811689437275394,0.10416634369538619,0.5359954873544364,0.9241131317340727,0.6851320414943952,0.7776883495638994,0.8323879683199311,0.5136446656534384,0.011890777042047482,0.004970625554208522,0.011333234381224355,0.47781217461127945,0.19267046175501107,0.6209103294096028,0.08553599994715277,0.08571071165030092,0.07693073069692491,0.40096143818058966,0.7848157197562371,0.4899926277202854,0.025002526531636537,0.014850937460133471
0.055801048612413806,0.5192074694378508,0.8039452908719152,0.7593185567172595,0.1416197283774267,0.6703367610808489,0.8733995153660469,0.20660389028002463,0.9140115220006196,0.6222645586385984,0.9187589721066269,0.09444312801721343,0.37566227257479434,0.8256770813745848,0.667231636959531,0.7659663747239407,0.1494442501068483,0.3957651300234933,0.14711579924021054,0.03487865431775966,0.0168927640937213,0.06680610823677047,0.021981089577894675,0.6239020711974688,0.07942768616235873,0.005610382546046289,0.09342846888886688,0.4401794437237909,0.8217635307013541,0.010921995054348849,0.05959726368151075,0.0022232435235502584
-0.21137897515682436,0.4728240206056409,0.7856277791149067,0.7262905449570911,0.07808545245213304,0.7570369858213642,0.8847639898619482,0.21818794276312314,0.9415626941329505,0.901122568758115,0.8968599998804822,0.10814698698387416,0.3070694145656719,0.9790549757930502,0.8554361845779489,0.8143960082116506,0.12700155412675568,0.09515847734035798,0.13657102616846895,0.020820408944999418,0.018681158024181195,0.0008585532080885305,0.021317114899995906,0.8211211756492478,0.08395293715588747,0.03405354538013282,0.1310566991233996,0.1615009007927575,0.7723816698899262,0.9910552391349111,0.042601882588013756,0.018492255516981054
-0.12597966048425974,0.8936892959036429,0.9821520446004623,0.17323136379309706,0.1424811080044027,0.9937652958981229,0.9189040435093825,0.20500811561742466,0.8913625086006317,0.9467642445865635,0.9074873021548091,0.10535386967522792,0.4822724469428886,0.9739548442569553,0.8659370176900617,0.8810456146472888,0.49790339322517607,0.7561495847239376,0.006006342083381619,0.008856272882693427,0.06217449453046535,0.11015760374800047,0.0429949194100061,0.6877265710429541,0.9275664033114324,0.06385718982099708,0.0024473040695284776,0.1654381483111022,0.880126905290027,0.10053018846697784,0.9404554918910208,0.005347519318985961
-0.21078301184191117,0.97272941443024,-0.7562792950674571,0.7630520008995044,0.16273185565769036,0.6692801099322339,0.9196467829018444,0.2243660263850125,0.89150340942107,0.8659338559605679,0.8960102923434016,0.09423368369455501,0.3310898502051751,0.9987172489686946,0.8319829367301316,0.99816773825628,0.09256339548108028,0.8327574728413503,0.02777522159786927,0.01386784772279221,0.011300275456901187,0.5864593505478497,0.033275563322454293,0.845811838794273,0.12968127732813411,0.029595881077794258,0.24715181789401414,0.3547867490154082,0.7423497138807675,0.7460870318194226,0.982552642471306,0.01760616487051041
0.45480145479041933,0.949122592448616,0.9735244964627611,0.9781584153940263,0.146098244768099,0.9777675840810228,0.9210806259589835,0.20508472919022855,0.9044225627477459,0.9620615416901601,0.9080341579410488,0.10604054027339492,0.2813237679127206,0.9662607534468431,0.8304487162410411,0.9995888274859063,0.7165631828287382,0.6306682341003798,0.3730819680989115,0.008976583558871508,0.05717677932866903,0.7064930713287416,0.010129990414794465,0.8111811777702315,0.8466719121262958,0.0013853827230060484,0.1765701451870853,0.6376313195068455,0.797877786964486,0.8379460417309673,0.9667662850033008,0.018840444829210958
-0.20788495588594258,0.44878975746078564,0.8729716100173368,0.7145033090261933,0.11054895670972541,0.6757250258725022,0.8678316145709266,0.20831580048330844,0.9188077338545725,0.507781442945005,0.885932942978072,0.10546739106543082,0.5736952485095381,0.952203518597419,0.808485966120286,0.7478003204238499,0.03842892431932529,0.06766653671296054,0.16956637303292832,0.059841658034464354,0.008151809702311845,0.4457170743871929,0.03040511636244851,0.7068373498518086,0.039065234892846024,0.03309599661254526,0.04713658485437007,0.14290736438749596,0.16854194262172478,0.18459323327555788,0.0013695415079539308,0.012031852773376083
0.46648192393703963,0.9750049046641815,0.9049692154075405,0.7531511287134506,0.10721228552737802,0.9887052634631689,0.9185932952771537,0.2076644916386593,0.9963041355274521,0.9323067428916966,0.9195040266504733,0.10435492402582239,0.3748990815302902,0.9867259521587026,0.9576953271914438,0.8849213452626798,0.68925012181395,0.760063610831492,0.47599083321913477,0.02397353560073459,0.1147267551111783,0.05183868431201005,0.049986850096076015,0.8054162769406846,0.14803693320558176,0.004420432826028886,0.006678595084729878,0.6029891529067251,0.7477802848133763,0.33467179618080856,0.8756274395665442,0.019372582857700736
0.15763408122276013,0.9479941357316004,0.752138762760244,0.9602192547872976,0.12136616946107523,0.6768132629718292,0.908793425271521,0.21849203009120222,0.8955050851268932,0.7804664048620202,0.9221843090298254,0.12628368880694404,0.2680868889655755,0.882126797503205,0.8794428617733323,0.7849749954655054,0.5391141680183857,0.5264530460055329,0.45637203195588466,0.011148473183877385,0.05285705075821501,0.03479090267553664,0.02790697880559335,0.8521100109186464,0.9382512371603705,0.021868517369745433,0.22620732984718012,0.44320429884151186,0.7912528647506725,0.8548765287006257,0.2739564087676487,0.022753678495233076
-0.18186751050411443,0.4941340794234084,0.7809815223135024,0.9682701512040045,0.16045421861592649,0.6799475905715002,0.8856203123671629,0.20676467268011886,0.8971493504117388,0.5268196349226215,0.9102800197649262,0.09258796284891005,0.33099166974025973,0.8271693139689827,0.7963460432243872,0.8064266877881353,0.44369477730079177,0.9123290751335922,0.45023240049357127,0.012195358708229576,0.01138016615334959,0.14086843243472988,0.042159947995185236,0.618299749570999,0.6782715199962182,0.32908303015112905,0.08465347212832187,0.28638525973590967,0.7663786564656112,0.39942621854207055,0.6457329906341697,0.0037611053245517334
0.5071390306617513,0.9340056433244053,0.7523608589646924,0.9656524720111286,0.14063705526098835,0.6767568848413716,0.8038853437359692,0.273075790626239,0.9566696486258446,0.9079764001634942,0.9113624677393448,0.9282300052523693,0.10726031291588783,0.938230109693921,0.7752559692562485,0.994231312381244,0.047425885200733875,0.758488561224282,0.5155018186352861,0.005898736730628648,0.022713657062193988,0.6837863163488753,0.9513085769176892,0.6134557670830416,0.8351945024540559,0.007244052452509739,0.13778825871147876,0.3586668536281119,0.864987500999742,0.8980408854504373,0.325611626304785,0.038280981084402685
0.5723765758886423,0.9529055813089965,0.821149484850126,0.9918160570293889,0.1587920390751829,0.9571720964098174,0.934564038574325,0.20659789256944294,0.8864361511069425,0.4682518699028175,0.9102949717308663,0.0942988943983189,0.5219457043792778,0.9958227435607381,0.8180979126616036,0.9839062195063462,0.25957899117458355,0.8040547350690891,0.22037536089380547,0.016150944492948027,0.061670411968749554,0.5980607788998371,0.005102145603275399,0.6117608920308437,0.9780754867193336,0.10767625878349091,0.02592118224998441,0.4340514455731594,0.6437319668127415,0.47143135528947183,0.24750221245869164,0.005668135978838498
-0.22642339178684873,0.5019523935609663,0.8044018793640204,0.9611777308639621,0.1640133814650055,0.6917011487143112,0.9191107939526659,0.20773696805209885,0.9064921479964645,0.6872245730276769,0.9064253916206538,0.09437653352695854,0.5226499554422589,0.9852289395796866,0.8601290863134411,0.8104668003489885,0.5690941207202092,0.42286892810490245,0.14036256942537617,0.012195358708229576,0.0932524713040652,0.021191987067644497,0.02587252614727624,0.8013429390335318,0.08840375308307585,0.007927586591774435,0.09410524873818202,0.36618503445467704,0.8489174312386949,0.0015580041506799702,0.9120092367650979,0.0023911883647471403
-0.22652041469099174,0.5045667664952076,0.8762155792348046,0.9118692943580082,0.16215507238923285,0.6752640442084694,0.9444605578463042,0.22254083938714928,0.901120549138702,0.629193932497736,0.90890578717631,0.102615552048787,0.39306363485667783,0.985119177853589,0.8116623512362153,0.9793544450894021,0.6949434783288742,0.449837690095188,0.06944748821116284,0.0009332408208355888,0.03164382597084886,0.6585878367615661,0.03331350113445617,0.8613296143157855,0.14246361210507352,0.07143819080772819,0.040493912638551205,0.355965043677173,0.8082711579249553,0.39448620685333313,0.9475197623438958,0.016872007325289658
-0.21078301184191117,0.9463813263315163,-0.7562792950674571,0.7368542108789026,0.16123462137516723,0.6702163076250562,0.9187173764266078,0.2243660263850125,0.891455108203736,0.8663899166054447,0.8966167826238723,0.0942013395562637,0.32512826601948863,0.9714892252394784,0.8319084943177095,0.9596058907835381,0.08372516340703823,0.7129986386406705,0.010138727880664666,0.010284849468739643,0.012522278483763714,0.018519752675720286,0.046328000458107116,0.8458002876080203,0.9940617899713253,0.034263350740423665,0.09181426242534413,0.3547867490154082,0.7413693324688335,0.14434490296541252,0.8943876368253956,0.015304849903670606
0.0984709966920509,0.8880547666448853,0.9575028571384205,0.7418457276287704,0.14301772322734851,0.6452601054115129,0.9558222151369243,0.23324068306319298,0.9155615173307451,0.8803937401009629,0.8982414773340859,0.10903716638181747,0.5142729500203008,0.9241131317340727,0.8257672386202402,0.7624901275833703,0.46759713963500127,0.3316160257792444,0.01754783083164435,0.0013700637244537933,0.015399701247266265,0.29851497084097145,0.0866930670742625,0.8408988111555477,0.0357009865589587,0.0976062829726718,0.048877559808137835,0.3859722946149366,0.7863860321033015,0.4288356489877225,0.9436237110618637,0.01511938803755007
0.15733395701034703,0.9770833577025925,0.7483280254290263,0.7180187750658154,0.12142812855042495,0.6770078734507926,0.909619135971545,0.21334800227922304,0.8981687668684467,0.7804664048620202,0.9144045139398849,0.08703705481729526,0.2680868889655755,0.738450273552459,0.878764682384018,0.7849749954655054,0.005111485468254351,0.35612673924265503,0.030152896489674147,0.01110381842682906,0.05285705075821501,0.001587953726372146,0.0010827229827106623,0.8447556498040655,0.9382354425479331,0.032626518182748185,0.02517724580267032,0.41416640920791037,0.09557293446860296,0.8725773532316186,0.2073674157246429,0.014574311900134855
-0.3492552800060874,0.49544654706055674,0.8884379325307938,0.9599543207778217,0.07481037401620758,0.6888013039116591,0.9079314294894014,0.2247948994514289,0.9830015549706971,0.9822111486028071,0.8964537902558795,0.10574216741289431,0.5067301304370526,0.9843322284865562,0.8104841708721082,0.976838226817918,0.9011145532476115,0.70526726057924,0.014615651692288317,0.052940200609653695,0.4874809458712996,0.6589103764929036,0.009113886538255246,0.8026181472957363,0.7850327034579361,0.08934626599925993,0.1363018994009735,0.2395307279994473,0.742271286349439,0.2998389033786938,0.9848788815612999,0.019097173685902507
0.5972420227716397,0.9981085923715994,-0.7473720611814983,0.37305439929256523,0.16123462137516723,0.9302322818564157,0.9229438632650222,0.22465581977495472,0.8933740611799551,0.9823077021308456,0.8964825672051797,0.08970679978228135,0.5119015441152868,0.8828200333248627,0.804349379844137,0.9817292908689946,0.08372516340703823,0.9092067381526392,0.021100580131870328,0.008993775120110948,0.012397159121241678,0.5008157805644783,0.00394111028260263,0.8516877215529258,0.9730721103325874,0.08585600411703734,0.09350170633859686,0.37321759770415774,0.7995253875536735,0.14965293985632244,0.9750654936782456,0.014377500792203722
-0.37322491558219717,0.48609101127900484,-0.41521823637309835,0.7614816608640703,0.16605292744548067,0.6009934365597365,0.917042151825045,0.20533338538613266,0.8881420010891595,0.5367955045692606,0.9182666873737926,0.09507056978958303,0.5073772540380133,0.9043091478549781,0.8109912317008766,0.8197205738454255,0.06571043212019148,0.7651916512501613,0.004210073447973833,0.0019376246090602664,0.053070662009567476,0.6144655726726274,0.02254720515204251,0.6251110574611036,0.03949317676983155,0.045531692259344586,0.11746574892140288,0.4433135658746641,0.8069018539248171,0.04143355269867998,0.9311033873186396,0.0053997743110421395
0.061503353905748015,0.5296754188181284,0.8270566825069497,0.6176199872221103,0.11307284026034327,0.9116714129475763,0.9239698637401339,0.20883012289571634,0.9170437540868639,0.8413311585775646,0.9152319288107584,0.10496582652901587,0.3417251143568256,0.9923311378810669,0.8266890028768191,0.9993711000337469,0.5152182797662953,0.7831110170681009,0.03192690607641109,0.012245279358653483,0.043488143734909314,0.036184444247243264,0.02035210836229066,0.7281149953591011,0.6745231574721742,0.026563334032718107,0.1640354187361995,0.37259776773368225,0.11469248094812814,0.41056505868178345,0.6889757409999502,0.01701813069438208
0.46322116788621515,0.971813497548599,0.8417745088332959,0.9696552407618854,0.10357185438120302,0.9571072469025417,0.8408156729447006,0.2087673404885102,0.9183326310357088,0.952963496199893,0.9186923048560321,0.06509341807399423,0.3745057752236713,0.9409502147653903,0.8497933048017354,0.8816427483985593,0.5990929149453033,0.8895918175459759,0.49418739884760876,0.057512248742193565,0.4811176966292433,0.008120228484255254,0.044030990706085904,0.8051853173323169,0.017793462498789603,0.0041252076258778345,0.07676224249768587,0.616855947243606,0.8029598768890598,0.36254721438354326,0.8729638398849322,0.014073425072888685
-0.0274740080814158,0.484915162407042,0.8208562306962396,0.7107387238825241,0.07723507097773866,0.7334164107381719,0.9154506653951549,0.21423528757508772,0.944843550694282,0.9146886765400757,0.9101254927594248,0.10005897253145242,0.34065417281551835,0.7407432570376227,0.8136398608613158,0.9389846820935206,0.9393247255408287,0.7710401173599387,0.1530086217716,0.08870106051178875,0.008908951229953287,0.45646999207363537,0.042949494523672874,0.7179831833855228,0.09275400556855268,0.023773628593644833,0.14123571595672257,0.17520630572796742,0.13848826739192677,0.44239318097641744,0.8575742091347218,0.0021361690871905563
-0.20815318271872493,0.5618575693184991,0.808759676206326,0.7306393861093928,0.17073699593953978,0.7959388857309434,0.919488481853605,0.20778405300907646,0.8930140147537015,0.5449249327541018,0.9048639350993841,0.0931210241031396,0.37141356322840874,0.8203055871602094,0.8236659270653396,0.766002960709797,0.6551745691207272,0.3492156326746061,0.0930935723416707,0.023931945542346345,0.015261105395967062,0.7230969956931929,0.012497840935127362,0.6666756374641624,0.6418983063086529,0.24178785397292304,0.07181571989094128,0.4877315754584233,0.260841211291376,0.005593222548579052,0.9633794325200278,0.014122174948943352
0.13457613421891723,0.966596180557222,0.7603066222249111,0.9659668442427567,0.14122117341819604,0.6714026149912627,0.8194862457612088,0.21228306704490446,0.9900469364835744,0.9678484795677467,0.7961832446330482,0.0895863439189023,0.5451325095026348,0.9655083738124701,0.8392367204251916,0.7656801914659052,0.6599342325608384,0.7835937479250226,0.48533132616539504,0.028852336316136498,0.005035626394197162,0.02218730893654991,0.026729814671347517,0.8530556248452464,0.0361998605400949,0.028655698158243523,0.14040655650027611,0.6041329898456476,0.7124884865592909,0.43502677211325524,0.030497482691594302,0.0020182249413266606
-0.23882057453128672,0.45043117599592114,0.6299711613936557,0.9852835128164597,0.1579419096881233,0.6205086156832937,0.9196558451016116,0.22472387326409726,0.8886341986908289,0.520621282124098,0.9060838549109939,0.10577552756805576,0.5188959307303106,0.9884697729949614,0.7957144333322126,0.9624166416434221,0.6818196885419398,0.7611083519879969,0.14175981087225453,0.004362761241174428,0.22844803628746962,0.5805506563446998,0.024334704022552923,0.6018073786841454,0.9293769750597047,0.11092734389238564,0.18146723220708125,0.2718045595819617,0.858043785215795,0.04306573258097483,0.010316078337793688,0.013633767066712871
0.4905233149047099,0.9494657234016481,0.8951058146776119,0.981727966466826,0.10721228552737802,0.6949441838280571,0.7227068104897189,0.2065561543558047,0.997934426290463,0.9281350614135453,0.8782057030651556,0.12367431765898172,0.3299790190796837,0.9995027192346118,0.9669732505965326,0.8816427483985593,0.6979661477535717,0.9566129262040531,0.5050897253476122,0.014986439272628688,0.05300805030836554,0.014828186867380171,0.017435636630366423,0.6192671199299362,0.043869807502922464,0.0031605375259809096,0.011867006439559041,0.40844540609086993,0.7706214926544681,0.12026906605156641,0.7940447809276691,0.019487951708196245
0.5158926861805823,0.6783866026166229,-0.8098919990744202,0.9670991918061317,0.14278993357086703,0.8805322004702406,0.9238832880241422,0.20501219878980656,0.8942840448680847,0.9805700063425652,0.8951275234713126,0.08875564821675423,0.3725598797044449,0.984243242506927,0.8460082840898018,0.7906073000488617,0.016575066651021875,0.7015747948655567,0.006550318279664513,0.006985344732049283,0.010862077716785046,0.009996250155907424,0.004493095336835355,0.5960841528444214,0.7677337700907851,0.00793336763592667,0.09065563351360792,0.3493481703647272,0.9854592050457459,0.017951609127651397,0.8940439186585324,0.012187290824019195
-0.22762211917813047,0.1525661492935882,0.8471375589893142,0.7572434683791939,0.11241485666982673,0.6886632978169885,0.9102431726024249,0.22114970994565825,0.8980863084069146,0.5336497211934459,0.9151696996963004,0.10347745510895054,0.31898839244173427,0.9722398764763424,0.80743553033692,0.8135706629496418,0.005065890798290829,0.02110245492130247,0.025625228737189643,0.03099178165870759,0.0017618258979388776,0.004564037601570203,0.020388325685088714,0.6789976350766604,0.0029043644382746175,0.005931399293769105,0.044407268508812825,0.3015639156709362,0.689812495919285,0.9679233934767367,0.0006306179803439171,0.006306698221663158
0.06228154924754688,0.4017596917228688,0.81412995769992,0.8127650454505067,0.1757486409412915,0.6900738669121713,0.8935519088420207,0.2052211500200995,0.893384168455058,0.873599941172507,0.8783483993306894,0.10579630182778253,0.5106986758128225,0.9080675872863292,0.8092414019910574,0.8443041675673867,0.004659022453643025,0.8025437957942779,0.03893544129529476,0.06526877217438785,0.05998722095304086,0.53254854289488,0.021548884036624194,0.7080353421453187,0.016306403740730724,0.1619531582997527,0.15224692601500836,0.3560216396974064,0.8989514992485319,0.1020271481638374,0.0075071503191194155,0.005933109449895795
0.09975353834449704,0.4796080197706149,0.8198660238782549,0.25686347134403803,0.11924529992153612,0.7031328947114781,0.9180140989425315,0.20784370661228752,0.8970965832940506,0.5723956666819541,0.9136281437712499,0.09909552418342976,0.385871082443713,0.7389044009089611,0.8073338452023154,0.7656284971232563,0.6028932759283098,0.44307524432533274,0.06912981996628195,0.030686216918501236,0.06151650913367407,0.05291666837650805,0.004914429987489977,0.665524608981129,0.6308876642972542,0.06480296242171468,0.054685190979543,0.299349532569079,0.13301277766954517,0.9993839117851907,0.7968934892344558,0.0150421958102341
0.12242637019481444,0.4617106610826031,0.9011009989880057,0.8305771802133531,0.09141381893767281,0.7006630420869367,0.9068309805083598,0.23962049382716208,0.8974654939136122,0.6868851794352404,0.8809653447591412,0.07607120664083823,0.29939274426876405,0.8223207304845924,0.9747700328146365,0.8092020540994209,0.6737940408963652,0.8550508548156364,0.1754965390690868,0.0008618494303749905,0.05361543443863092,0.029375394283957357,0.024857342027200267,0.6086720742919949,0.9390549330890177,0.015710682823085513,0.049875203420792026,0.44506852544938613,0.22569145603740853,0.4844168685336596,0.024479485155720602,0.014535071512927683
-0.20741851700478803,0.4068839215207514,0.8215296510563482,0.7569577101514935,0.1592279453317046,0.6760886532437217,0.8873757543506999,0.23045128558637962,0.8875359506041343,0.8664114867656741,0.907672286342778,0.09382497105172873,0.49986187515372316,0.9045525432345488,0.6785265932378575,0.9492151221069401,0.020854861530860663,0.46517130337172113,0.13471308493098058,0.005837876387436517,0.0519462303631935,0.4834858574466289,0.03326452254247386,0.620193255114109,0.04185385485304205,0.010850289702659895,0.1068419095174471,0.4410059973172449,0.7399610951727118,0.386340980872982,0.07485510206919616,0.0027144970025095305
-0.28673160075253323,0.4433713634194964,0.8370872817490913,0.7873886712122522,0.163448734444404,0.6895134591107359,0.9081725047510889,0.2247948994514289,0.9395936373365743,0.5777824002917308,0.9051019934532721,0.10630938473592377,0.489762211128693,0.9617645367160805,0.8114657774230173,0.9768302777025016,0.715924081119978,0.70526726057924,0.09256000353868138,0.05439293357335558,0.006749764338919202,0.5653352380355317,0.009164203293124763,0.7677313736850006,0.7711114902065779,0.007799481203161429,0.1363018994009735,0.22466343304359004,0.7374549382263864,0.4542278067765714,0.07277941348494206,0.9722049431911961
-0.16225098522283607,0.9358204576022087,0.8929501970903375,0.6209720276512128,0.16151282697043914,0.6817347254333446,0.9223592665236869,0.20838851980708428,0.8901420553223024,0.6281524162601997,0.9103186550200287,0.10740828961404693,0.2728345458347823,0.8212515957785225,0.8199408635696358,0.8086094949810366,0.8315081794639251,0.7478113867782233,0.03925403623083911,0.0005297622899107339,0.003814704316151399,0.5477225795741609,0.022502598321091832,0.8704942698755775,0.03020820177036082,0.07305176710155845,0.045892057907912516,0.6047333442385994,0.8188444087800593,0.03297357887900787,0.16140232306690422,0.00362290886266068
-0.2050852067125615,0.8590578649021787,-0.5902120774079288,0.38433962677706157,0.14190981766779656,0.6893824308704017,0.8688669477099753,0.20623935723755094,0.9353183133042303,0.5178752793769786,0.896068134045504,0.10533725995377118,0.5676629523238201,0.7372761172851354,0.6759609713629495,0.7617179214223504,0.06571043212019148,0.42891127757813363,0.009715718649203245,0.05952132212260446,0.02829099231179938,0.1303461607639366,0.008439370550288983,0.6239109668240502,0.02540690452429712,0.09630554128521435,0.03673355696153302,0.2175517805133482,0.9866952987426975,0.014868846089099996,0.1066984759137219,0.011785198586711409
-0.20286077561470928,0.4436589882069791,0.8469898386198793,0.757076326677892,0.11054895670972541,0.7031034942281954,0.8679426721523805,0.22433572358912865,0.8881438531074054,0.5720655185077423,0.9188567871744504,0.1054308744427832,0.5060121704023675,0.976852320549293,0.8093748974377265,0.7632572954722745,0.0415960690516928,0.09853791916574209,0.017202027075485515,0.012139659018419272,0.05291691384250335,0.7396651847377228,0.017327603974873616,0.6218581788809607,0.0347329457177646,0.664068043003123,0.23983408697409064,0.29931013966841746,0.6300413206017556,0.7260072428210305,0.21682519580370452,0.0014455886092504065
-0.588931661711742,0.8936818070139823,0.8065777057705333,0.7279753738905371,0.1780398823340868,0.9170037297867216,0.9465726840958472,0.22498348018735323,0.20683793526140318,0.9044193970096582,0.915025338721682,0.06333675574311676,0.48765533315780046,0.9745090634981753,0.9420133581341267,0.9722368654089117,0.48768967293203874,0.4319187452801974,0.18833235619532906,0.07390472970011051,0.22916909161978394,0.8360726889915286,0.558219294353826,0.032735586682107465,0.04167273277367495,0.7621415104322253,0.0874337812855549,0.01341064273049999,0.7896530774200949,0.06245339345042431,0.9502369219437602,0.9387192920730979
0.46648192393703963,0.9376074082173278,0.8941098806161613,0.9687612289880705,0.1443538141443727,0.651186669902923,0.9628562895003773,0.20879454242872664,0.9925206984961932,0.9325618835317437,0.7876959703654453,0.1666229195090818,0.5353719798037947,0.9934282018769924,0.8784446437700342,0.9980127209838773,0.8608090675990052,0.9113877338157368,0.4483935709192566,0.04917615087335564,0.00537650354486113,0.014703860516983858,0.04218375148520871,0.6935837370337224,0.06052699491568869,0.0031605375259809096,0.027656543624333244,0.6223734648449606,0.8776856339683352,0.4358983525090909,0.031726464568230806,0.019443791353555548
0.5923022777488915,0.9739854942567403,0.904185500607034,0.751463884933719,0.15273693142625044,0.8053001580058172,0.9251678206760227,0.20371800845028856,0.919918464900823,0.9634071763740892,0.9093063106447086,0.10478321261835861,0.5215534262955019,0.9639169398137065,0.7694574456779184,0.9034721374673194,0.07026828391260187,0.7829708990574035,0.37154303238593267,0.008518174171559093,0.04509079716286303,0.10501788624570031,0.008335967882283496,0.746291582227266,0.6330101251883302,0.18426828409236184,0.034397364691393775,0.5198719586391893,0.013333889018586287,0.4623201826374903,0.6376692023016485,0.0027609342862369127
-0.46208278169857464,0.9986535556653529,0.8292105136758985,0.9930215765506396,0.15908393350607844,0.9481439353899426,0.9276109139383929,0.22577591718486287,0.919154442954949,0.9386419179802167,0.8393803230456138,0.1074617775936843,0.504241804216082,0.912180038041332,0.8571894469446052,0.7634880366668956,0.0043206329502054885,0.9012377870825378,0.016990595836475636,0.05218288723805652,0.05581404597208604,0.5707166028877363,0.0017460873867741183,0.6791852541463539,0.043734748598681046,0.11003548100223345,0.055194080133516135,0.17907458477784371,0.6162042254124325,0.1103855081865387,0.9166806677429629,0.8794291712611773
-0.050141168458100197,0.9317092776887758,0.8826691906205865,0.966576841157213,0.14159774984840484,0.6749184920067229,0.9188689922096939,0.2053285172105987,0.8870376287399094,0.9517354491324909,0.9075675119428561,0.10352723866382618,0.3491425781473698,0.8632332514894715,0.8075798757079261,0.7622519274199753,0.6022648578940266,0.6685885126240169,0.48474066715121267,0.0012063591844649517,0.026761422901710255,0.160878232521822,0.9588791456006853,0.8453461785567227,0.629738832544778,0.034373970057609365,0.22250659711995627,0.4091557723357735,0.12555000224378782,0.905094963627449,0.944933136773008,0.006039196584919308
-0.20017207063461911,0.4588007976827389,0.8246895801753351,0.6262313145329741,0.16131551729607005,0.6138105958395201,0.8819107326740474,0.20831928342049125,0.9155111840487075,0.4677938507547359,0.9099844317535359,0.10534490457555747,0.4055289019988936,0.9701809002881456,0.8129111758078127,0.7821757206162077,0.4466036862634226,0.8930730249867047,0.2971599518105086,0.06419186040425016,0.0271240192020831,0.0022539232699191336,0.02170229234791332,0.5969419448537554,0.20132604508878638,0.009558213063968202,0.08219405099597449,0.4515855977793953,0.8067847916597746,0.027106201128367667,0.9491372205770434,0.0018883113212266075
0.057363722104389336,0.9042453961133519,0.5997618388393896,0.7654164871940106,0.1428118252777978,0.6777921986458757,0.8864952742819406,0.22371466707311058,0.894329343128729,0.6351635365640897,0.9150235125272577,0.10661673612046711,0.38648427155595455,0.9898754978423208,0.8914015723436363,0.9890204930442624,0.08372516340703823,0.45743227336186376,0.03250805899970057,0.02764585253899959,0.02768651600772957,0.06894672702349125,0.0030858083925358257,0.7244030810040549,0.9920341687457942,0.034530871483567295,0.03555321488200072,0.34730750857009013,0.7710559002919186,0.015159524022216722,0.9729763279023077,0.012752473327492256
-0.20787322095037283,0.45065450313957095,0.8210311249188907,0.7365686624744722,0.16485298039626778,0.6048280419268062,0.9084845513138863,0.2056900202863787,0.8838794015298919,0.8755659573723737,0.9074546801103619,0.08806552792770558,0.3352981619465009,0.7310077799071518,0.7023973094459423,0.9156541388297392,0.012406340163007727,0.46447481732528567,0.033941258052218114,0.001259165807753839,0.028342096835702272,0.4836012285558777,0.038593921008312146,0.6169369950038076,0.015444751752579922,0.0527771859951105,0.08980054665817662,0.27503314670563705,0.7962327692235356,0.839066438823699,0.07273629835157357,0.006450442135425389
0.17984593052185185,0.9808079540784235,0.9074760188130937,0.7245579187348783,0.14063705526098835,0.707310508874577,0.9321427875876409,0.2049717774698927,0.8849577430042035,0.9934927536158649,0.9075880900916894,0.10359260669095331,0.26085399213724436,0.8617847562240668,0.8036299438228115,0.750959818559991,0.4390281460393068,0.6134100945947434,0.21422083901250538,7.819271972192565e-05,0.02715221788547406,0.6808443878116845,0.9732105115222058,0.8613272185235222,0.6297381394741979,0.00721410730879261,0.22531597371771556,0.4096969574952253,0.13864929110758517,0.8836096574876245,0.8553927521170787,0.005888630526441776
0.03142688807000499,0.9587774026287418,0.7916030144905445,0.9915877241759778,0.14031790904204716,0.781857448095811,0.9263910316672007,0.2079666680367156,0.9301222123404395,0.9003496753578372,0.9070718145500638,0.10578433155162296,0.33995147192916875,0.9386868720437015,0.835062286852513,0.9902831853542452,0.03192519964329993,0.3848375526436555,0.017943909135630265,0.019812110899317156,0.5782550295992746,0.8925739612210559,0.01208400834717,0.840806744814065,0.9909688088564313,0.344208603822615,0.006713900413213351,0.42212946011912417,0.8518118622634243,0.9686823916949856,0.93781239003396,0.002172132839365628
-0.04750062666825152,0.4574081324055668,0.8379915339938719,0.9738525458404017,0.07605519194761762,0.7057463733657375,0.9097645527033947,0.21973643337465323,0.933775246495438,0.6427478262144586,0.7849370123241106,0.11040099237875521,0.5149896188212228,0.8376905132838544,0.8563670684735524,0.9722767155392787,0.8581016991383275,0.7028122901881622,0.0017867399873957093,0.05649703881740749,0.0033011199963104837,0.48509138013527764,0.02148211845421051,0.8520569183029956,0.6329246450523913,0.0668382482558962,0.00659235536775668,0.2300302141631136,0.2964529075300971,0.8754491832442806,0.36414473522996055,0.009741980926749085
-0.023287848501649666,0.4691675964632721,0.8359872492399363,0.8078895500504049,0.1405380863015999,0.7077358699153259,0.8924115247824416,0.20517848238154662,0.9385281743788391,0.5208432231330783,0.9112763741410703,0.10577541746072057,0.5920129279646174,0.9999098306674424,0.9888156369892955,0.7611008278029014,0.042842084989818285,0.42429652766406467,0.012300365591127085,0.03905403604031507,0.058167661884273025,0.16608715152165893,0.017555954775019977,0.8454456923604674,0.10897491753162858,0.05261569265006549,0.005363461362970029,0.43091181954279,0.02061587208419985,0.004240648803456842,0.9488318393036527,0.0051467497336036136
-0.5967476144725785,0.9522635133277705,0.9070288923082809,0.808539486995995,0.08001214615561968,0.7040418641902306,0.89400759516503,0.1963942520362778,0.8840227147783857,0.5504275728794289,0.9181584823059109,0.036989526057778534,0.4846977374176853,0.9856293726397644,0.8332887887812783,0.983710963268434,0.8893727804769913,0.7728948487472302,0.12284410087735978,0.060018175939247936,0.20066986734621328,0.8506552224025531,0.9934748225949465,0.04755001128512626,0.1168053684359579,0.7170584828388762,0.005313417080872143,0.010014085446619261,0.8329319749926857,0.9713672536153657,0.23245746360693548,0.9487546692446438
-0.588931661711742,0.5405922754991505,0.5122595328050598,0.7238099736565478,0.06698610543233013,0.6783664745768843,0.9330736425161504,0.22356512049370167,0.9021956047515662,0.9051510628118826,0.9138498553275999,0.06371635832298676,0.48380453306767884,0.9703211860121663,0.8713325468302673,0.9715945718894178,0.670000413916325,0.3840299878499261,0.02551836482993658,0.05635295561851757,0.910836587967758,0.592752349835978,0.5706193869421484,0.044043805436976446,0.9394926810706025,0.08027086919275644,0.14519043480222288,0.01125816322297428,0.15280280112960687,0.5317522909428739,0.20186233499203965,0.920059239994522
0.6031034957474276,0.9457307700242944,0.7382646613305209,0.9660686088291989,0.14043091735062652,0.7772620379977965,0.933147172754639,0.20666950253332012,0.9900900389170612,0.5059635356034677,0.9070946078388556,0.10723478509902708,0.5813296074965869,0.9999228642682746,0.8774352588006553,0.960401334839892,0.8119087118311932,0.58609540568573,0.11979971150691027,0.027831111120201327,0.05933426734787882,0.5282324284320709,0.019245336957113175,0.8472640220335071,0.7663596263994912,0.01901053192692097,0.04087494093795528,0.6280196086628554,0.11095506481315587,0.6713214627844597,0.941349137016263,0.0019980586626340705
-0.39170329813457616,0.46015770510257903,0.9675623749328086,0.6299699831025942,0.07926913872269631,0.706323893485269,0.921041799698964,0.22226692993227926,0.9195562354541921,0.48443086440920996,0.8909948505938508,0.10793629971805861,0.2984296824083268,0.9791488475203476,0.7976568807459484,0.80037668313434,0.6641570901637954,0.638451371476497,0.011442623802656454,0.017461429330764888,0.01954100112146692,0.5542458964393202,0.22310897291842025,0.8505546996812055,0.5751996127309963,0.10358961254651225,0.16109851692438637,0.16195091683993812,0.14037402621275025,0.06661643015419148,0.8813684241481341,0.019358830739765895
-0.18186751050411443,0.4941340794234084,0.7809815223135024,0.9682701512040045,0.16045421861592649,0.6799475905715002,0.8856203123671629,0.20676467268011886,0.8971493504117388,0.5268196349226215,0.9102800197649262,0.09258796284891005,0.33099166974025973,0.8271693139689827,0.7963460432243872,0.8064266877881353,0.44369477730079177,0.9123290751335922,0.04490344990448544,0.012195358708229576,0.01138016615334959,0.14086843243472988,0.042159947995185236,0.618299749570999,0.6782715199962182,0.08263956152997483,0.08486831767457527,0.28638525973590967,0.7663786564656112,0.40464511142187687,0.6457329906341697,0.0037611053245517334
-0.28230389535002515,0.501901436574573,0.8401613499483681,0.7519622683555716,0.14155198911598724,0.777614938984326,0.9240121859998995,0.2077156355296028,0.9185466316563204,0.504764965803531,0.9153116685554469,0.10580174394617295,0.5109397437402857,0.8526304670199439,0.8866372003012758,0.8999778070243146,0.7525389612551361,0.07080828462682381,0.013765900051876542,0.052693988309827675,0.009791123127385348,0.5577888830806432,0.05124522221296611,0.8814243862993593,0.031170200364341916,0.4163130595127764,0.0026193703863866963,0.41300628715480403,0.06496962455555183,0.41021526685522425,0.8914859844633007,0.012536742698493902
-0.22652041469099174,0.9678391652736198,0.8762155792348046,0.9118692943580082,0.16215507238923285,0.996572167254351,0.9444605578463042,0.22254083938714928,0.901120549138702,0.629193932497736,0.90890578717631,0.10807654335897204,0.39306363485667783,0.985119177853589,0.8116623512362153,0.9793121356177346,0.6949434783288742,0.46831281047858464,0.05912753273408233,0.0034128098387037724,0.03164382597084886,0.6585878367615661,0.03331350113445617,0.8613296143157855,0.14246361210507352,0.07143819080772819,0.04065711615049089,0.3329801426311728,0.8082711579249553,0.39448620685333313,0.9475197623438958,0.016872007325289658
0.6847230943566047,0.9610594451739102,0.8310054013558469,0.9715622100230369,0.14054526942072806,0.7040159093598719,0.8875723751906499,0.20440120915993046,0.9235860692456466,0.9612937232769894,0.8341095326068029,0.10811223578763675,0.33079258884155466,0.8700812405213677,0.8618453004161264,0.7269983942540863,0.699048679689558,0.7798564837190922,0.09894262198906204,0.0002312622071233006,0.20280744310382093,0.10942401699331655,0.07256547316894751,0.8462957713540986,0.7912997911970455,0.0025972075469374613,0.104087987997313,0.35105245543488645,0.15022686176268685,0.4925282540661282,0.31614172051217815,0.005074115296149186
0.5747613866289163,0.9048121924956698,0.9460455565161301,0.850496942902472,0.10735448898701339,0.7972944351726119,0.9147061993663631,0.20413458313608843,0.9161389133411353,0.9163080913820826,0.8759430938148141,0.10365524466842747,0.331500322981269,0.9224693354847253,0.860719001661427,0.767844711542668,0.009567879358681697,0.8335505483459653,0.005059236804731155,0.02152899981178405,0.010978502589616076,0.027492609989770045,0.20785055635420274,0.7900651175099451,0.08515348269076028,0.006282870385962133,0.025654845740833952,0.3931923703916291,0.7865577275849578,0.4324368082916033,0.7157000506929303,0.01511938803755007
0.6795847513597377,0.9606101782846468,0.8310054013558469,0.9715622100230369,0.14055546663257354,0.7040159093598719,0.920643578746448,0.20440120915993046,0.9250453288644866,0.9541430815803223,0.8341095326068029,0.10811223578763675,0.3681424070087561,0.8700812405213677,0.8618453004161264,0.742009164240661,0.6995236539199072,0.7810617607540533,0.1110205493728337,0.0002312622071233006,0.20280744310382093,0.10942401699331655,0.4693905957690944,0.8291690675935023,0.8816153924385065,0.0068653409485542214,0.104087987997313,0.35105245543488645,0.15035186966340694,0.9876307977429793,0.31614172051217815,0.005074115296149186
-0.20423704048574037,0.35295822063041243,0.8402640614527112,0.7501744459308967,0.14442989725112876,0.6901838181846837,0.8909567603124717,0.22141588686810632,0.9003937277379025,0.5242944860584327,0.8783483993306894,0.08928446659695852,0.5350266594897078,0.8570730885602162,0.8199167007445661,0.7610520742478889,0.004659022453643025,0.03036988247264244,0.13164906459600473,0.006346429629155912,0.052690735449788285,0.7278514508774075,0.023386513733942224,0.7422150722825814,0.016306403740730724,0.03451083239894904,0.06543050334286463,0.23733829047341334,0.752972791301367,0.453956868698317,0.02593847946889888,0.00892039950596103
-0.284736187015981,0.5371423965734877,-0.8084009031371427,0.7499157249601004,0.07951755525727403,0.6895134591107359,0.9082348515236842,0.22374230287368546,0.9428175212450475,0.8878717687625959,0.9123405052949024,0.10770094119686784,0.33461446590453475,0.9871026916063887,0.8112834406957453,0.9805175505962825,0.022709687707057835,0.7239029075230559,0.014506321939516453,0.028123550833805036,0.06436325452818743,0.6557396498960019,0.04798553085023738,0.7711267170289241,0.19588317773116487,0.025070799978331004,0.09334419015864928,0.1575195102521933,0.7374549382263864,0.04521858069293284,0.671823931282266,0.019097173685902507
-0.37322491558219717,0.4860582472145094,-0.41521823637309835,0.7614816608640703,0.16605292744548067,0.6009934365597365,0.9154751763652526,0.20533338538613266,0.8881420010891595,0.5367955045692606,0.9182666873737926,0.09505962782244314,0.5073772540380133,0.9043091478549781,0.8109912317008766,0.8227801850004591,0.06571043212019148,0.47589282394904986,0.004210073447973833,0.0019457758468527122,0.053070662009567476,0.6144655726726274,0.02254720515204251,0.6239242299267845,0.03949317676983155,0.045531692259344586,0.11746574892140288,0.4433135658746641,0.8069018539248171,0.04143355269867998,0.885656119195793,0.0053997743110421395
-0.250362638758466,0.38638309245462865,0.8324991225366791,0.7506566473741604,0.08810289458178938,0.8289864827412552,0.9061925678127332,0.2158779248274199,0.9178629328836837,0.5046394991236183,0.90765628061911,0.09120645939380519,0.3176301323458254,0.8251946015398828,0.8042599307437366,0.7860733212569029,0.0015126712454573976,0.7458621327304508,0.16372115503965298,0.0004050922298232708,0.025001295736941494,0.5834481981100775,0.022111794910908915,0.587755385539096,0.8035252301239457,0.07115321420908025,0.006540681081941519,0.17579194651212865,0.17117780591484677,0.01917578072963086,0.1772971663200033,0.018918232460960215
0.5906434822964918,0.91056891762712,-0.6114617906762211,0.9745372481112746,0.16248586858031744,0.7303430959230436,0.9166195846564722,0.20537782098097432,0.8876127554264618,0.8588302156704712,0.8817126039355339,0.09386099839055326,0.38404188055618993,0.9889976152493274,0.8691136322889754,0.7662225550980177,0.08372516340703823,0.952639280023011,0.003789709095028848,0.0021463605243978827,0.012103806803413953,0.824807830918593,0.04951168317170916,0.8446877384176293,0.6705755534380877,0.07915121969917986,0.09343826434429625,0.5900850914987692,0.8647523581049074,0.11077318138464903,0.09594830793697734,0.0028622719926473046
0.16096126222143817,0.9718129154065601,0.8474692083465234,0.9715174785102272,0.09159078719897203,0.720603843362692,0.9449298970475836,0.23737880948233636,0.8922000479212913,0.5474185336576664,0.9108142201322128,0.08929274580202488,0.37703802703632067,0.8271484567024416,0.8429259388740231,0.983052750190594,0.0392417630667542,0.9032780945254985,0.24020249836046034,0.0004800475533032478,0.5031015489867873,0.013494261514288002,0.012602646987677827,0.5919549792815789,0.960563408757036,0.015544328460358529,0.07149389668132317,0.2781889771877146,0.05226321792366795,0.6228377367833872,0.8619877164315526,0.008983138875626132
-0.09361370113320239,0.3742677650259055,0.8864005045625709,0.9799624893668912,0.16148015005795774,0.7587998888507472,0.9317526409351231,0.25596725590681135,0.530365266466805,0.9468060425534062,0.9255646860033644,0.9160988522662659,0.46097439804767326,0.9867758059040024,0.8545217712425106,0.9060233345957477,0.0005125050663232766,0.8064636894195829,0.030634742372225632,0.002148841868286667,0.007373636035455437,0.012302881461198602,0.46647454093469876,0.8607911182611592,0.9436084022170621,0.15427473744305598,0.04603510058374375,0.6372947024655814,0.8290854156362502,0.37601401861142986,0.28390911179196965,0.03862949342758072
-0.6009483296945548,0.9922158410461384,0.8981995569508224,0.7279755501627813,0.0902483826019564,0.5971382701358667,0.9529640515411998,0.21383029555872962,0.8992934864412727,0.8799609236297449,0.9137817069622224,0.10830483212815793,0.48380453306767884,0.9870251762476561,0.7773394631917177,0.9702671591324571,0.5116550377869586,0.4249748336731918,0.4322026536428797,0.058098129396635466,0.027338746637469553,0.5858051539210184,0.020093310322668846,0.047266667542099794,0.8371090242800682,0.10390112056321832,0.08420047032125913,0.01125816322297428,0.7981539576012383,0.1769388193742755,0.7475750662462828,0.9776141736737753
-0.20553372819643675,0.9467368658818074,0.821149484850126,0.8029434132119844,0.1671341649722304,0.6304570726177546,0.9270076423682316,0.20626101519197965,0.890891769752564,0.8577896940358783,0.9102915426651483,0.09038583266027438,0.3295471745650702,0.9958227435607381,0.7762041753986685,0.9135757489895284,0.25957899117458355,0.8719407470350142,0.17737757848629213,0.012471246430720312,0.062204382994822144,0.6125254492430813,0.048786476049159366,0.6051580122294298,0.1142657804256102,0.1009572429092449,0.11175897019430715,0.4384123590111801,0.7782595521671617,0.9623194431895531,0.04332637661428268,0.018689859965449574
0.598913574878685,0.9981085923715994,0.9021532102473087,0.9696934435665997,0.16123462137516723,0.6952823772344907,0.9196258994610512,0.22465581977495472,0.8933740611799551,0.986059768612887,0.8964825672051797,0.08970679978228135,0.4318357778700273,0.998753104262719,0.8414369507887535,0.9973266454782694,0.02228510679538051,0.4109129289333272,0.008482630262288127,0.008993775120110948,0.012397159121241678,0.7334248186119472,0.013217606315389315,0.846896527652564,0.9730721103325874,0.11372761610075016,0.09350170633859686,0.35809808624346784,0.8645204841689174,0.1390484770625247,0.9750654936782456,0.00106517756281177
-0.284736187015981,0.4672509749006944,-0.8084009031371427,0.7455501412347844,0.07951755525727403,0.6895134591107359,0.9082348515236842,0.22243059606466897,0.9395936373365743,0.5167955290107498,0.8923866504929033,0.10772738664453542,0.33461446590453475,0.9702643219208384,0.8112834406957453,0.9757006599461364,0.6690902484935761,0.6498660430091318,0.14945258772668063,0.025935877432851827,0.010217193639494748,0.5901816924223405,0.020479722224414854,0.717166172338289,0.7690542962503891,0.01754620764423991,0.11842561239816503,0.1575195102521933,0.029186391025669722,0.015915830742823517,0.671823931282266,0.019097173685902507
0.08184821366230863,0.4887369131425594,0.8475004859203119,0.7333676687009043,0.2296466034035906,0.8579997986738286,0.9193403243452227,0.21744648035344719,0.9516350420140255,0.9917467128047829,0.9102440591809332,0.9650382597542895,0.34420167290287507,0.9646503254362195,0.788103164075704,0.981301447088295,0.3515699194506937,0.7379649859736721,0.5310026475982104,0.8666128126874322,0.013680623276919254,0.7216397034333137,0.010284904910334066,0.7294228738020452,0.6642517227656675,0.06656812038481862,0.17527828517980135,0.1765661276597282,0.876098172790996,0.8717127017325592,0.9279780671739639,0.03533634900088033
0.06467327303099436,0.4951256090563281,0.9086753498287681,0.9397998971115308,0.16159522179154817,0.6758859693569537,0.9190925071384689,0.21294348447489947,0.9168286521600286,0.629193932497736,0.9097379499026823,0.10575648250066308,0.40472346930594455,0.9709391266932944,0.7096276743817266,0.8077875711875063,0.6929603324307556,0.8396723335228,0.16603881055422728,0.05629334215558458,0.03157651658402736,0.5002153743677777,0.25054596502833687,0.6802455844318611,0.965178084382007,0.15507456510184928,0.15036805945955667,0.3178776822818757,0.1308478744932685,0.4533454763330362,0.6683074515147114,0.8465119142612096
0.5326925497497634,0.928555057554997,0.8411592323058406,0.9491912241770023,0.20501545811687807,0.7542970300105035,0.88535101715217,0.291511168906385,0.23558090450611435,0.9125136345106865,0.8084421248515794,0.0992335004171725,0.3725598234493822,0.9845605183338683,0.9072680713969636,0.9555426200049046,0.034846152275935294,0.5809804730600179,0.04459101982913749,0.14992537089921665,0.024386428407504622,0.6602205432256566,0.007181137039678417,0.7424828690418868,0.878074858500802,0.0077003940516456384,0.0653906462710686,0.22523196876287058,0.03398622398347151,0.04916248092769785,0.17761773537295683,0.06513936651323682
0.49381776188173365,0.9414058732160645,0.7562770344172969,0.5618131956045197,0.10863545310115222,0.9562204550062093,0.8871589028271388,0.22540189183098483,0.8938499395166286,0.84063118245911,0.8898142793168359,0.08925272899324437,0.5039077114076999,0.9878589460876556,0.8571894469446052,0.9801542678233108,0.23884207252110856,0.9141012032234401,0.010138727880664666,0.00534713911584234,0.012397159121241678,0.012696935899774262,0.025604093535552704,0.8204830759002496,0.974975941306081,0.04822198287709002,0.03547376531184303,0.356744485584573,0.0033895420988482496,0.0014370470093095083,0.9038162383929528,0.01434823738727798
-0.31846156225898403,0.7137058021055227,-0.7244742722567666,0.9670555777537131,0.14281154480451325,0.7394746465453749,0.9444211909227285,0.204992401529489,0.9635515310504975,0.9822267753467174,0.9155046368247297,0.08815164241626802,0.497457916774992,0.9842350532983651,0.8579350262719779,0.8837900598253572,0.8532865553307739,0.7015768445379015,0.006550318279664513,0.012520662487719731,0.0020273629290513684,0.12881764289919465,0.005083300068145807,0.7212100339130313,0.7615872255816014,0.06492968495430088,0.023327813861858362,0.4566423413260612,0.7509267325455733,0.026848981839602853,0.9214708567144937,0.02619940062895574
-0.20991475640904117,0.8777089275907013,0.8471594933844355,0.7547575616299368,0.3048228703895387,0.9231498505876811,0.9099597774085146,0.19653576790950872,0.5584559869998561,0.9846325669380621,0.8756903661304976,0.8633689896524879,0.2998714175256071,0.9050557716066071,0.9032251284550764,0.7757274043110991,0.013727311210364516,0.7441641617346267,0.21837003549236908,0.05955044249746895,0.3551820324520093,0.574129372558136,0.10375384438854016,0.6175267759433054,0.9126658772039616,0.029628666985883068,0.09459737416761545,0.8369525030373565,0.0065615910091735615,0.3290490728535951,0.9913367230658368,0.0017696966023956207
-0.386566812513812,0.41058400322931365,0.8145516756398782,0.9743304367518533,0.0791938349519211,0.7228298514062232,0.9106772432837036,0.22226692993227926,0.9192206283316587,0.4277159803154438,0.8804724760770672,0.10708821969903187,0.29801842309792936,0.8577494933212769,0.7940583121314759,0.7695972292536917,0.677424505211747,0.7821420019849633,0.012952266131185497,0.025071763920714488,0.05542805196954915,0.15152464861577963,0.04808218316811852,0.8524638526475018,0.929412604775386,0.036740687569904014,0.13183723706739836,0.16683660587123886,0.812945612603137,0.07912371765294529,0.8813684241481341,0.018561826765786126
-0.2412844041765203,0.44951679429496544,0.5559148080870898,0.7059322636311921,0.14364503870710135,0.6906505319062556,0.8842559660267912,0.22483127480017648,0.8879923098682204,0.5206900865040036,0.8977632734458871,0.09878287122259817,0.5188959307303106,0.9054804576929047,0.6886575543283943,0.8250023774599338,0.04515217433547125,0.42305300750861996,0.051646574336883466,0.02441016892656067,0.04215094122514594,0.4392318806336987,0.01709160675471948,0.5614970049414791,0.04195974438712068,0.0011197296406919369,0.20328871236647963,0.16639082380599635,0.8146015743612663,0.03670157320736417,7.673976982153219e-05,0.0014455886092504065
-0.2126662999068737,0.4661712229803945,-0.757367171490817,0.9634947349816355,0.14059611719357143,0.9701716868978539,0.9123232759378362,0.2090075143888848,0.9151662913676352,0.5218430199877115,0.8879210471545922,0.10035794162529015,0.4521897073546125,0.9654838548283207,0.8574441392580542,0.809135179081028,0.04957684192128042,0.7286434450502054,0.01435479769976683,0.05456938042910758,0.031805285306433784,0.013103307748254855,0.035205721745549284,0.7342756608268647,0.1144722780962943,0.06669188978438585,0.0015137396378948655,0.15042459820476028,0.777449444255741,0.03176765265559804,0.9698458289590779,0.006974761488162224
0.5306110128844264,0.922670166209738,-0.7562792950674571,0.3739094323586386,0.16124592372202787,0.47320872165965366,0.9168129143488404,0.208488791331145,0.8984115190018923,0.9022149676507146,0.8965055757988609,0.08924650034073861,0.33512023861983586,0.8774341899691186,0.8430919026879005,0.7844287021241017,0.08372516340703823,0.9218883766647422,0.010138727880664666,0.007990041323199294,0.012397159121241678,0.13358596811816525,0.00394111028260263,0.8298693797179502,0.31115824092201955,0.03293943011604779,0.010201766939624074,0.3539714289184581,0.03381551792381534,0.003683104531059314,0.9137525949503637,0.014282479079203658
0.17527584408088695,0.35946813022342516,0.919224613286489,0.9950213785091274,0.13956975102432326,0.9832915277370945,0.8830001190012831,0.9894575908557623,0.23188066164060422,0.9644298840912824,0.9136445638175851,0.9661329402196177,0.4841572275572922,0.9893945080979136,0.7873268393988464,0.9878569102221071,0.7530294395494546,0.7185997324839082,0.07184944583529893,0.014100421709580674,0.48834627425428395,0.6106794888393013,0.07682239254470352,0.0010261252729086845,0.7824819264975242,0.052760379820531944,0.1134416505166875,0.3532000861767102,0.019396643189363315,0.10695284580558828,0.9550850517983227,0.00022756882147387247
-0.2329442795608677,0.5394895241046705,0.8738752078866525,0.9221820430626406,0.08203913708269878,0.8981060191641869,0.9160317073421959,0.20729297151384643,0.19502265149398812,0.6032100128563865,0.8749751777026958,0.09571468111628714,0.49498446812307445,0.9862969273569598,0.8231788247795485,0.9732609411390094,0.5434481521252226,0.38754733758487925,0.16803374962150486,0.0026494244658598134,0.0036675184927313573,0.799201267273947,0.012631823626333652,0.035548591497235604,0.013053072974419211,0.11008390705840826,0.09429893858492078,0.03579539520374195,0.2520755115951801,0.060448394879975394,0.33927271105276285,0.9028601875146978
-0.07046639119604253,0.4493593212363195,0.9033966810518095,0.7433659510979864,0.16891489743675137,0.6281336294793112,0.9299286906007538,0.22411745241610256,0.8879923098682204,0.5097241207284344,0.898794809874725,0.086946558635557,0.519527854297532,0.9883722895710553,0.6625179468493033,0.788469957370744,0.04646451515046904,0.42088255603204194,0.14175981087225453,0.0005248731668603315,0.09453583492368905,0.05579456482398451,0.011090970354997096,0.619746205915114,0.10573795863574934,0.045811406467805474,0.15114195362248403,0.4440582589491343,0.821156481574631,0.03670156576757619,0.015309724519981416,0.0016114649784552577
0.5906434822964918,0.9081118896129133,-0.7474171177662506,0.7664258575045492,0.1624871309245458,0.7284119478258352,0.9169714550604906,0.20526614606754917,0.8939174588042537,0.5247894490145045,0.880148364416561,0.08924650034073861,0.38404188055618993,0.7111672051557644,0.8711128470226412,0.7662225550980177,0.08372516340703823,0.952639280023011,0.010684279331100183,0.002389658143591312,0.012409260475052978,0.10248934932728815,0.04951168317170916,0.8457905750113579,0.6705755534380877,0.07915121969917986,0.0935009279558234,0.3540633117657971,0.8672687033537944,0.11077318138464903,0.09876789300221578,0.0028611622965050137
0.548435003735013,0.9692475210538548,0.904425359854553,0.9802522349633512,0.13605840928835478,0.6698348127103058,0.8750951133906275,0.2088143026710982,0.9778326910187185,0.8630316855224204,0.9412926604068678,0.10818482038482559,0.33447983144463667,0.8730466170451022,0.8413208886409925,0.9882923802695783,0.46029994926813306,0.7537383015993141,0.5893467276569964,0.001561690845348315,0.18176922327943382,0.014954693522074514,0.0442153619218636,0.8482245986502275,0.6295843887263602,0.005784918620207934,0.32571470252941986,0.43625535898085055,0.874934465896593,0.8767132716570716,0.8806674050017304,0.019443791353555548
-0.25073607261137587,0.9499709506294669,0.8983049402941897,0.3837446059516002,0.15707849165513146,0.5755196631623208,0.9227321649058127,0.24776426952922848,0.7238189158152744,0.5681725824960148,0.9093714816860803,0.7506719668609059,0.3736421587729989,0.7295635892246641,0.8647759000568,0.9807446934250688,0.19823362395713495,0.40408510781938883,0.035036414923025505,0.058532117778399,0.002178893976065974,0.9183525536201406,0.020335639923439786,0.6361802067036916,0.7953347173959442,0.10109150857528096,0.14677459824438882,0.07373643091358714,0.7790646439187463,0.07167320993644916,0.9697618287025489,0.5350983226653986
0.11472020535115598,0.4586932327886953,0.8513284244800225,0.6252632844200111,0.17331462967416375,0.6873677732339792,0.9250898631655663,0.20659502600401028,0.8910237168865891,0.4664853589980712,0.9195998650992985,0.09938891592194658,0.34788303853556735,0.7295237775768185,0.8659309115837743,0.7688201127080699,0.4869890703999064,0.6444222272851478,0.038465449790241864,0.00045040465272368213,0.05860203997438711,0.7268031692008028,0.039600952415223795,0.6104759127355541,0.09756859537941576,0.026077803449805863,0.20398303491119157,0.2155321909232445,0.7715319307928885,0.9729716886013831,0.021239019366680316,0.01104590468446956
-0.20629049765288324,0.9709222502857829,0.8882067130033334,0.9133754179186973,0.1618976180919228,0.6734354053965782,0.9191329278641759,0.20719050075844944,0.9137901014500699,0.6149468293624495,0.9076181361597098,0.10675415814981976,0.4701151305784365,0.9922424079298521,0.8084697289892586,0.7785363512434623,0.704285397096287,0.46972922741963274,0.37716324262073353,0.001984302484009215,0.02859060070962468,0.04329275418403733,0.00512135952312524,0.8582117722375727,0.9668166807759747,0.09258575711441519,0.14551759895719485,0.6122191602980696,0.09871849152157179,0.9498496307371407,0.6204045143571402,0.0035383066322691465
0.12242637019481444,0.9504503125804448,0.8994785105354349,0.8305771802133531,0.09319403031245588,0.7174365166690722,0.9227640117049658,0.23888185995786032,0.8974654939136122,0.8609552052249655,0.9175377881210747,0.07607120664083823,0.29999280109090565,0.8619717781475931,0.9637515393370224,0.9575600504243731,0.8021397150867629,0.8550508548156364,0.21707810641372804,0.0031313666081229166,0.05361543443863092,0.029375394283957357,0.04252200221802069,0.6086720742919949,0.9368350263848524,0.02997168758451915,0.0914686118718315,0.4888354958045037,0.12010119149633669,0.49051183317904684,0.8659686729112493,0.014535071512927683
-0.571813243270506,0.5800678473026547,0.9745810738647354,0.7443013726071622,0.16249832241661635,0.9494945466998853,0.9303966062048389,0.21066126112965722,0.9284508418258197,0.9051510628118826,0.7120520808523211,0.09560538592078856,0.48380453306767884,0.9867384062521734,0.8334003816770557,0.848108219282153,0.6903387864364622,0.8946499550520715,0.01275823821311732,0.060018175939247936,0.907240677416155,0.8345405160080465,0.5531391322685921,0.044043805436976446,0.9394988857680737,0.06238486466652948,0.21455817143538042,0.009307334053574479,0.8276088822780219,0.5317522909428739,0.23423208164965165,0.920059239994522
-0.2355002406297111,0.8704013522236927,0.6282007780613379,0.7456789682325837,0.1579419096881233,0.7094415955900892,0.9262850255543738,0.2242459451887342,0.8879923098682204,0.5398358467799054,0.898794809874725,0.10956665288746426,0.5188977946501655,0.9872018038750563,0.6895485747435695,0.79467924354853,0.04515217433547125,0.4316062024222629,0.020461743019563997,0.02586655573546024,0.09453583492368905,0.5566480259762641,0.020994577519384845,0.6115198542145567,0.04195974438712068,0.03532805642510646,0.08609969315404245,0.2718045595819617,0.8142539462619788,0.19258609231502,7.673976982153219e-05,0.001454968063988928
0.05313170738319019,0.9467291628234549,0.8361157000374279,0.9716356467013012,0.1588807468636563,0.6453027541345088,0.9196718089225397,0.2174937466424069,0.8916360238204399,0.9839397396039419,0.9115358487339681,0.10816201988491479,0.5741535465368722,0.7422787569151137,0.8082348613325057,0.888609683361942,0.45839629075817984,0.6577570515867199,0.018119912163480384,0.0030496660969668334,0.062068642512565636,0.06390240199310271,0.03354173828382093,0.8484796506402397,0.043733245858994296,0.006793310771758368,0.1784713661065313,0.6579465866095333,0.17564244347055347,0.4739514356289683,0.8620038105726662,0.014488966257451417
0.5710227074985548,0.9497971580179372,0.8375931455792373,0.9803916109418767,0.14148177918980928,0.9967465154768458,0.9206457007918563,0.2176110941121178,0.9143686189116418,0.9441914403275409,0.9180633322959089,0.10796162317344511,0.3714868647053594,0.956003046223845,0.8625821890855531,0.9691257591652055,0.43491271873544984,0.7227464018781057,0.02553501582195089,0.01814270900777515,0.21035238895800296,0.04604533675273048,0.5299314819713676,0.8462957713540986,0.7779012678986635,0.0985444620776206,0.17747410635491914,0.6186526524380094,0.8957243601904168,0.9790433905633078,0.8279630534071283,0.02015965175171493
-0.2333606709591124,0.9111957946575892,-0.7562792950674571,0.7659028270576484,0.1611933353922989,0.6702163076250562,0.8820744148949051,0.20134471841988433,0.8915322736629916,0.8663899166054447,0.8966167826238723,0.0942013395562637,0.32512826601948863,0.9570293447530943,0.8400567699023849,0.9596058907835381,0.08372516340703823,0.32123195320448816,0.010138727880664666,0.010284849468739643,0.012522278483763714,0.018519752675720286,0.02227980033508037,0.8458002876080203,0.08608376403005452,0.017866316869125844,0.09181426242534413,0.3547867490154082,0.7529523781936398,0.03492299562564207,0.982552642471306,0.014535328303522135
0.46285231895621237,0.9643733074740392,0.9016317541042228,0.9462788404445968,0.12737296799062015,0.651186669902923,0.9443412993221988,0.2088064430587644,0.9925206984961932,0.9283455581830222,0.9412926604068678,0.10347874588577843,0.33153842828563096,0.9926655731884528,0.9388296734932675,0.996737182531744,0.8056776210419705,0.9306358457207007,0.45821616070090637,0.027550704884911764,0.1737632399708803,0.003575942146623101,0.0443950300496779,0.8482245986502275,0.646907472916715,0.00303453496459102,0.3318006122327515,0.6292938339212879,0.016812956174725446,0.4251701671387184,0.05841361610508394,0.01887921918201453
0.46648192393703963,0.971601759037089,0.8286421223369009,0.9832729161710735,0.10759276332947976,0.7515133864636516,0.9245662201799694,0.2076644916386593,0.9251973187572182,0.9294257170046457,0.994716635793094,0.10413551954304814,0.5203734067555378,0.9661123803734021,0.8450088156748873,0.8849213452626798,0.029094479423352877,0.6266289819697263,0.47599083321913477,0.023142519379878844,0.019200884169096204,0.014703860516983858,0.00790420009586396,0.8639077309507867,0.14800606423626783,0.004420432826028886,0.005112862204220275,0.6547656179022623,0.7766339597837051,0.3360872847588242,0.9550726541879927,0.017401185411929424
0.14976449688932314,0.4591178128373354,0.8347841483683441,0.9629031374016899,0.16520463650888575,0.8981190237550233,0.9239698637401339,0.2088077321803233,0.914283922761276,0.9187789305182201,0.9071856489478713,0.1044633606293678,0.1990611217313163,0.9541497475016372,0.8423850325869503,0.8830113892221635,0.6245882925466406,0.6009222592896313,0.33788208275167037,0.017186574297722794,0.0557086398029031,0.11528380985914118,0.03107772849211923,0.8132477056988505,0.6044871262322373,0.1222507239047153,0.10888796749097732,0.34627514532041176,0.8272252025442345,0.27922013879421836,0.019014575098481645,0.01701813069438208
-0.24544449433055238,0.44951679429496544,0.6299711613936557,0.9735519367259156,0.1579419096881233,0.6247698681482725,0.8842559660267912,0.22472387326409726,0.8958526973654892,0.5181320633212233,0.901012674522644,0.1048295476156269,0.5188959307303106,0.9884697729949614,0.6783222319099136,0.9624166416434221,0.044753624926460345,0.42170660287793094,0.13918269148661436,0.004270914850898963,0.09453583492368905,0.02681824816263756,0.02884401639458896,0.6148535158142292,0.11355969128532761,0.08428505395283972,0.09192020082005442,0.2718045595819617,0.858043785215795,0.028774712054335905,0.010316078337793688,0.013633767066712871
0.5747613866289163,0.9048121924956698,0.9420708329511966,0.8454347142083759,0.10735448898701339,0.7972944351726119,0.9147061993663631,0.20413458313608843,0.9161389133411353,0.9163080913820826,0.8759430938148141,0.10365524466842747,0.331500322981269,0.9224693354847253,0.860719001661427,0.767844711542668,0.009567879358681697,0.8325329818545768,0.005059236804731155,0.01029520094780734,0.010978502589616076,0.027492609989770045,0.012165896699157464,0.7900651175099451,0.08515348269076028,0.05431105042596111,0.025654845740833952,0.3558635613589111,0.8060085852731043,0.4324368082916033,0.7157000506929303,0.01511938803755007
-0.4314627500340699,0.4675420430889876,0.8169432985779072,0.9337728580832915,0.0791938349519211,0.7049290218074917,0.8994118959218588,0.22240177723344834,0.9195562354541921,0.6317307632583691,0.91137929330876,0.1075937466506574,0.2699391674468476,0.8879705345011222,0.7940583121314759,0.8023307122997231,0.10948947025466255,0.4431597961883708,0.3338364562834072,0.02394955873774654,0.1746516543926738,0.7148858963895028,0.07159609885951645,0.8505546996812055,0.10276333417528465,0.10180423569649488,0.055508869109588375,0.16683660587123886,0.7580304780256036,0.07434794555638852,0.8400714211201451,0.018561997014370644
0.5683980206183938,0.9498948439023126,0.7068700096581675,0.9649432819463472,0.11320199861416178,0.6847835429515213,0.9150596901288695,0.20680805044859318,0.9098330256310929,0.5010106105643319,0.9157613941570991,0.04609326800331241,0.38759976040574745,0.7941680182738174,0.8634499187613178,0.9906666698322604,0.08016546681451432,0.26205208538004565,0.04076789442990651,0.010978717142288897,0.06298074665660303,0.025552440904187644,0.0262811631680141,0.6829949643003131,0.8067447930070043,0.0071947759492166224,0.08576583123487981,0.35850771290281414,0.20440452154634964,0.3595286641194989,0.8589885720524839,0.01741996198974316
-0.20627263765966372,0.4597478576092736,0.9109811252847592,0.7242868303847143,0.16160028305768503,0.6760408959343261,0.9068524289079637,0.20774691179960245,0.9168286521600286,0.5960007058944966,0.9099002245012338,0.09220412562895239,0.3397238493388237,0.9847999143764892,0.8084697289892586,0.7567322134518597,0.06373451810146036,0.41545909332271147,0.016657745700530774,0.007354122317443645,0.031607315416005394,0.48870703590950615,0.018900163652921763,0.8456801161664638,0.10466151732016854,0.4301300973180714,0.030428152832967983,0.1596738509481564,0.0276904163145257,0.3918519665821965,0.8690703790406781,0.0017814950395485959
0.15733395701034703,0.9770833577025925,0.7483280254290263,0.7180187750658154,0.12134301533245914,0.6770078734507926,0.909619135971545,0.21334800227922304,0.8981687668684467,0.7804664048620202,0.9144045139398849,0.08703705481729526,0.2724152837083235,0.738450273552459,0.7104431445384428,0.7849749954655054,0.005111485468254351,0.35612673924265503,0.030152896489674147,0.01110381842682906,0.05285705075821501,0.001587953726372146,0.0010827229827106623,0.8447556498040655,0.9382354425479331,0.032626518182748185,0.02350804917643225,0.41416640920791037,0.09557293446860296,0.8425055886193783,0.2073674157246429,0.014574311900134855
0.015704205790651345,0.4713261850800709,0.8349932351282111,0.573578101379959,0.14132066148412328,0.8326252834372744,0.9191295158175845,0.20625449508282612,0.9115947769864547,0.6579766526267716,0.8993122839900717,0.08886959154828565,0.45311908335850837,0.7365977695232719,0.864758464750676,0.943779311595331,0.24928618928512275,0.44200755188656693,0.008600279348629156,0.04281111441609493,0.012368915463869604,0.6676978947879496,0.054481239748233344,0.8201280910724544,0.6594410030428057,0.03443879232635032,0.05994109716951042,0.4225876385732581,0.9635782947221664,0.12751500943318578,0.04244515916344094,0.0074682743623492465
0.04772041340736026,0.9113607200079357,0.8196478382662915,0.6945830154984078,0.15392747838269474,0.6655258407775155,0.9068653543090691,0.20708467612799544,0.8875366070506787,0.9541822482195758,0.9081086590851604,0.07414346111754985,0.42111065287787824,0.7704252756646842,0.8218322416480798,0.9881570760181044,0.024110259186076788,0.44356223046778104,0.14915179975436121,0.01877198710294331,0.0033038865265959186,0.5821819309928034,0.0805361143114704,0.6145583488903599,0.06537348981536617,0.20790220449529564,0.9037669328834084,0.43336096516525074,0.8873788019429371,0.5480156751423484,0.827812796434968,0.0051624075102853235
-0.5896820546769422,0.45837720143321925,0.8520653941952132,0.7273508609447402,0.167249393506486,0.9922993199581214,0.8851472281332851,0.17778016895811755,0.19946648446338638,0.5196567389919653,0.9137185069159547,0.17996132044024826,0.4841572275572922,0.9867384062521734,0.9046843350622711,0.9874414901050282,0.6779877665122492,0.3925980663731057,0.01674124813588644,0.06009228043508537,0.061456761832687945,0.5689997444873283,0.02017823802616305,0.031037056427639542,0.018230864609804706,0.06194917909759673,0.08071518339158605,0.007171001982513345,0.02150238880162908,0.12231257783285847,0.22955736412229294,0.8586099310890726
-0.2737854312672364,0.9350618050264915,0.8999164812785587,0.7210193894532079,0.2477051218584781,0.7840012313210016,0.9306502882378854,0.20688158274684415,0.6231825055791739,0.5018725474369677,0.8888838025279829,0.8895971154659026,0.5281146089102405,0.9994912593644244,0.8688463850129363,0.9980847141466518,0.22265975843081143,0.5198110772809252,0.04776722797480885,0.9354184160844945,0.21188695292755066,0.8246300187165654,0.009389569782083973,0.5899248010376733,0.8610671328355439,0.09954381200251107,0.1452000105776774,0.3050655101430175,0.8133189868158016,0.13827371792671417,0.8689121841943303,0.5467022604391603
0.13649922584661056,0.9606101782846468,0.8588475894273685,0.9670665918660541,0.1414670788738076,0.707310508874577,0.9188689922096939,0.2053285172105987,0.8870376287399094,0.9532146091031619,0.907567893327282,0.10352723866382618,0.3491425781473698,0.8632332514894715,0.7745457322610886,0.9227477536365568,0.601345874666494,0.4978873814186231,0.48671157049217983,0.0005522696426454158,0.026761422901710255,0.11466199459017204,0.9588791456006853,0.8453461785567227,0.6297381394741979,0.03469097554073864,0.22250659711995627,0.4091557723357735,0.12294844079000733,0.905094963627449,0.944933136773008,0.0060266131238530425
-0.12597966048425974,0.8936892959036429,0.851573143296444,0.3373429021785995,0.1424811080044027,0.6887206715583807,0.9867434182753931,0.20460779601337456,0.9007223162453329,0.9607149081074592,0.9157410874085782,0.10535279426956502,0.5108107512259613,0.9854174097115396,0.7918295771227328,0.8820143619550032,0.49790339322517607,0.7561495847239376,0.009912246910578126,0.08417256794832773,0.024083234396508214,0.11015760374800047,0.02117218935090778,0.6874067535331233,0.9694760212451096,0.10337857862531627,0.0024473040695284776,0.1654381483111022,0.8322602020536329,0.09566479573529939,0.9404554918910208,0.005445451689472854
0.09975353834449704,0.4796080197706149,0.8198660238782549,0.25686347134403803,0.11924529992153612,0.7031328947114781,0.9180140989425315,0.20784370661228752,0.8970965832940506,0.5829183104837179,0.9136281437712499,0.09424464154223795,0.385871082443713,0.7389044009089611,0.8073338452023154,0.7656284971232563,0.597853996893839,0.44307524432533274,0.06912981996628195,0.030686216918501236,0.06151650913367407,0.05291666837650805,0.004914429987489977,0.6646252904538844,0.6088481200743813,0.06480296242171468,0.054685190979543,0.297579253755567,0.13301277766954517,0.9993839117851907,0.8503454570153155,0.015049786580383483
-0.22480863756030117,0.9623492941642509,0.9016317541042228,0.9665734381782702,0.13500272732650667,0.651186669902923,0.9444176988611833,0.20877094302805765,0.9928376719775086,0.8103855402112368,0.9396072229323009,0.10847487245835156,0.333680765074769,0.9928836574765527,0.8456808563828903,0.9913500851247247,0.9040614663323591,0.012746409251457369,0.45821616070090637,0.027550704884911764,0.1425585543092354,0.15733228193717413,0.0050501779541630085,0.8481768636191387,0.646907472916715,0.032772456068218506,0.20597873680154122,0.6236814751649046,0.8776856339683352,0.7355707192387712,0.8379401498573698,0.017951275234110223
-0.19546098942712253,0.4588007976827389,0.8267397765193377,0.7490913810446113,0.1595370364358284,0.7033730656924986,0.8819107326740474,0.20649698611407452,0.8871682902524163,0.4677938507547359,0.9102917473395647,0.09201577274606276,0.5419980435775504,0.9849169611224194,0.8129111758078127,0.8137385577712148,0.11204044384999284,0.7711326599958005,0.2983352273504244,0.06317411919680295,0.02799671706286435,0.1108999599410283,0.23067342925037757,0.6192583538398603,0.1063349570409845,0.020071363375646578,0.05042692530571044,0.4515855977793953,0.7709893819473608,0.5217282391469109,0.887395085573167,0.0018883113212266075
-0.2537574678624762,0.4164080970024473,0.951522128649318,0.942002817217602,0.0893268464882371,0.815411064050076,0.9215935450324627,0.21625437451325924,0.9153904566003129,0.6526335924498234,0.8750278048510697,0.09120645939380519,0.3825128057870544,0.9351955275197157,0.7304338433463492,0.977401488216085,0.05394741395008573,0.10293815571973491,0.16329290240422187,0.042695225497687964,0.032667952754086176,0.6209287047111909,0.0125026157132887,0.692659786689062,0.8040065091457553,0.08526413759286822,0.1755079087261572,0.18060641661692575,0.7985172289399499,0.047204212352218895,0.1999505748020416,0.01903874617815875
0.16579459133645963,0.9438154089871301,0.844092822563126,0.6917448403515408,0.11226705856709143,0.9135710742376991,0.9105946968299564,0.20875732988129286,0.8834785779081298,0.4844875617432543,0.9076502178476162,0.10701377337567258,0.6065272374602333,0.98751504825695,0.8599587800633371,0.785067038819445,0.014748626252419073,0.8210203492227374,0.0311067815104703,0.010460382981730364,0.022948189789895157,0.05328588750876395,0.02035210836229066,0.8872297032694,0.6978396246726186,0.03994247114906764,0.14231915314580373,0.4446104908914305,0.07088516160010433,0.417113738592795,0.9724950110575603,0.017247480761735053
0.5968274359022249,0.4484476252298747,-0.7562792950674571,0.8399946294039111,0.14003461193644812,0.720600013712675,0.9106139565209176,0.2042890373926445,0.8860221885860684,0.9634036829505555,0.8965256700736375,0.08886998500189644,0.37937437256042117,0.9746412438697509,0.7650577330204626,0.790321578967584,0.40487695807341606,0.9080167664482013,0.005890919917727505,0.008064396687685969,0.012397159121241678,0.02810253393677256,0.029810811098718693,0.7405522019818533,0.10846663258227607,0.7106685104944925,0.023258837953379678,0.3544628382123369,0.016868678038787166,0.0991679846526707,0.9760949852365441,0.014309122402460066
-0.04843717163588859,0.4648866337336954,-0.4826702859703047,0.7477375718741577,0.14343655518002896,0.6836919359573473,0.9231115948135777,0.2070215472775268,0.9106733719077437,0.6044187453428681,0.9073270260664129,0.09247057418855478,0.5045006009995081,0.8418119356591561,0.8689696127755059,0.7893542408678708,0.005989219501331624,0.4045102745656144,0.3648351918357136,0.014249765459293757,0.004429020823121396,0.5270732974017964,0.022130303072361385,0.6606636006080173,0.016012703523990257,0.00983376140782865,0.09303959935684714,0.33530375719041383,0.7908943417824903,0.07605782325457172,0.007831821421873664,0.012491341388281426
0.5158926861805823,0.6783866026166229,-0.8854286764197993,0.9670991918061317,0.14278993357086703,0.8805322004702406,0.9244284447719809,0.20501219878980656,0.8942840448680847,0.9805700063425652,0.8951275234713126,0.08875564821675423,0.3725598797044449,0.984243242506927,0.8460082840898018,0.7906073000488617,0.016575066651021875,0.7000195700287253,0.006531386676945808,0.014374939294711543,0.010862077716785046,0.014137217279031174,0.004493095336835355,0.5960841528444214,0.7677337700907851,0.00793336763592667,0.09065563351360792,0.3493481703647272,0.9854592050457459,0.019223657341256563,0.8940439186585324,0.012187290824019195
-0.21078301184191117,0.9430785573997666,-0.9264476157794105,0.6198327067279874,0.16123462137516723,0.6702163076250562,0.9229949253472859,0.2243660263850125,0.891455108203736,0.8663899166054447,0.8966167826238723,0.0942013395562637,0.32931230748423335,0.9908286382294469,0.8311049822626124,0.8889649910595003,0.10493976838489283,0.962601002270089,0.010138727880664666,0.010284849468739643,0.042256081105091464,0.018519752675720286,0.022794406288607766,0.8458002876080203,0.9718840996823435,0.03442628347196982,0.09407077082745391,0.3547867490154082,0.7405827955533935,0.1440648424516821,0.9885344470859724,0.015304849903670606
-0.174103865711978,0.968231765267767,0.8563511617245686,0.3644927468896606,0.15655182547338317,0.6699223788222771,0.9108732176172897,0.20820582385500594,0.8938499395166286,0.9513383305460882,0.8965256700736375,0.08946388959729132,0.49896803936359957,0.990542453890771,0.8363965092958333,0.8194627011958925,0.4427160954016712,0.9071182601248106,0.15600708204485897,0.007990041323199294,0.028080243532716653,0.2375343168962405,0.046822769146666145,0.8553010406330952,0.7514549340305148,0.03524710719574463,0.03541265323365426,0.3711235647918615,0.001972587868022761,0.06375784401558848,0.050485016766713575,0.015059184090416634
-0.00638453780788846,0.46715528957110025,0.8341368532107761,0.8162887606419758,0.08132430497972774,0.8599951643686087,0.9787647876409222,0.21627793863942385,0.9155492860285814,0.5970489950571292,0.9081301228192158,0.09428958811363457,0.21064415827880648,0.7506667679760296,0.8837561149393875,0.7723565023243029,0.0614689844297977,0.688557095739663,0.12250493398970214,0.06856525621854373,0.21163003934927427,0.0009725195157442856,0.02999597022298172,0.8222897031411733,0.7965107147582182,0.04029116046991303,0.14279677879812705,0.1752160175471183,0.8132528888576116,0.025578650906388112,0.6658214747515232,0.004850434225053359
-0.20517498400479908,0.9306605901819761,0.8233726203978857,0.7460539097687171,0.16147724427467594,0.6739879421475938,0.9221874642201465,0.20659789256944294,0.887473585871124,0.4682518699028175,0.9109225699647618,0.09442977071482746,0.32829949930620733,0.7551157599931989,0.8627657878754287,0.7661502419734173,0.18130908360098263,0.5330207148918188,0.16629950449142755,0.009518151136447472,0.005006768992953827,0.5787868217744474,0.001449839330618187,0.6200621565613211,0.09375460179095957,0.10977696722631494,0.09145904658963346,0.44499192042699964,0.7785436765305424,0.38657766883274114,0.10153161195050259,0.003143732786719548
-0.2412844041765203,0.44951679429496544,0.6299711613936557,0.7457294871076093,0.1579419096881233,0.6906360862117846,0.8842559660267912,0.22452182583543226,0.8879923098682204,0.5206900865040036,0.9031984272242809,0.09360200673925999,0.5186212696422776,0.9840325302885052,0.6882253799513098,0.9691657191630338,0.04515217433547125,0.34756652909602276,0.13952946625184115,0.0003279087009317276,0.05709385296192471,0.6656976778247746,0.04348412700542327,0.6900350366079424,0.07360272065170781,0.10047679673619009,0.09521790357772046,0.21800770866361374,0.7951787092894662,0.03711748001528857,0.0022483258960194763,0.00092296838622811
-0.2094739003479881,0.3941041024571903,-0.7562792950674571,0.5577803284603087,0.1611661892283192,0.6702163076250562,0.9075550608606946,0.2159288009593041,0.891030115927755,0.6589283219744643,0.8966596730613459,0.0942013395562637,0.3238786999744959,0.6592004986435358,0.717120843979072,0.7903069317926432,0.08468403523328082,0.9215244135729117,0.010110661222827524,0.006249227618826679,0.012522278483763714,0.018519752675720286,0.009917104221353473,0.8512070083356643,0.037444161516478836,0.03459732638361239,0.09321449829339613,0.3012686899533424,0.7339020828022771,0.14327372492663157,0.9921625405751388,0.009928920620812631
0.6081263165820685,0.9558927657095895,-0.7608653745313694,0.8273145282829326,0.5105064572191412,0.9576677956483162,0.910293178542493,0.9916014814179512,0.7566016331694041,0.8981265445769345,0.9206421937595834,0.8816520185633857,0.5405718179992942,0.9868151656295133,0.8976429053273279,0.9826901279382926,0.5510993524121568,0.8838473202301826,0.00721778793212482,0.0021475608306527616,0.48306287204774695,0.004263373612370683,0.051296613756502046,0.8639160319717933,0.7303489398533919,0.0677123992637,0.04713330012864926,0.1455659308435238,0.8329727580684095,0.03814213334311545,0.9545151764496715,0.032345115627043064
-0.5896820546769422,0.45870199668445016,0.7980570503507327,0.7273508609447402,0.1673835863604162,0.9902343455079339,0.8851472281332851,0.17778016895811755,0.19946648446338638,0.5196567389919653,0.9137185069159547,0.17996132044024826,0.4841572275572922,0.9614139701770912,0.9046843350622711,0.9877316794741392,0.37610199821695983,0.3925980663731057,0.01674124813588644,0.059566673223661784,0.061456761832687945,0.5689997444873283,0.02017823802616305,0.037201687627029134,0.018230864609804706,0.0637265981081861,0.08071518339158605,0.007171001982513345,0.02150238880162908,0.12231257783285847,0.2006344703156983,0.8397833658804227
0.49381776188173365,0.9414058732160645,0.7462239162236445,0.546914963455415,0.10863545310115222,0.9562204550062093,0.9171324314284759,0.22540189183098483,0.8938499395166286,0.8319129600337704,0.8898142793168359,0.08934641096769107,0.5044033399758524,0.9878589460876556,0.8571894469446052,0.9801542678233108,0.23959997302648223,0.9141012032234401,0.010138727880664666,0.00534713911584234,0.012397159121241678,0.016304782850201205,0.025604093535552704,0.8204830759002496,0.974975941306081,0.09976284901562467,0.03547376531184303,0.356744485584573,0.7705869205713967,0.0014370470093095083,0.9038162383929528,0.01434823738727798
0.5777340051704825,0.9530392565532835,0.8645137454699727,0.9965075730464747,0.12733830683356262,0.9805512008531914,0.945061534520882,0.9916014814179512,0.5590777953904312,0.9502973870160791,0.9157457987920314,0.9828057960776037,0.5260716578810415,0.993070641159723,0.8750481746175434,0.9983267323126315,0.6776490846728663,0.42110674682697397,0.6673088077784843,0.8213960395383441,0.4897575557153134,0.6216390035254131,0.02015150855778558,0.834188372179277,0.7390747399384778,0.9866286715502863,0.14651722307737197,0.39042087349286736,0.987624785490721,0.9737883661635045,0.9357298191538966,0.546886111290649
0.5051005986741813,0.946701162539931,0.828352774458939,0.9482269685007209,0.07607997528950135,0.9897309989021894,0.9316228661057808,0.21439019512806806,0.9928467601495642,0.8524659043029482,0.9065874240448929,0.10474254566267431,0.4986237636171201,0.9978921372955988,0.8944367263236059,0.7867441847047862,0.6665598115995786,0.6164777026292064,0.5123354424718076,0.02034841903734449,0.11022857136610861,0.01308364438643178,0.011759161099697522,0.8397403321017946,0.605891615857292,0.0374409241001124,0.05602555079238239,0.4325027453480854,0.040682913373137654,0.35100564352446467,0.7085135747136638,0.015099422547891437
0.46648192393703963,0.9623492941642509,0.9016317541042228,0.9465633187900194,0.1337224960079558,0.6764803315587289,0.9444176988611833,0.2088064430587644,0.9925206984961932,0.9323067428916966,0.9353083950463922,0.10819850964565261,0.3299790190796837,0.9928836574765527,0.9467770327168109,0.996737182531744,0.8524536465420369,0.8949130585395313,0.49183165512652977,0.027550704884911764,0.1737632399708803,0.01708878144025444,0.041514990801933715,0.8482245986502275,0.6470836860817375,0.0021231588432913517,0.3318006122327515,0.6223734648449606,0.8776856339683352,0.4109782969659439,0.022072823877015757,0.020550824870785547
-0.2412844041765203,0.5403382663660506,0.6291765271775358,0.7457294871076093,0.1579419096881233,0.6865932736008771,0.894990282004246,0.22472387326409726,0.8884074592173248,0.5099376978080257,0.8994608254232977,0.10577552756805576,0.5188959307303106,0.8696433550742351,0.8379655239514928,0.9856206384712377,0.04515217433547125,0.6094635481562692,0.022038222794978295,0.02482831728961476,0.007490387045143321,0.6559903186951735,0.055438170932280664,0.5446114889986952,0.04195974438712068,0.10099483101171337,0.08533017715246968,0.2718045595819617,0.8136416500430018,0.03670157320736417,7.673976982153219e-05,0.003470590158287876
-0.20838006061648873,0.4782673384460726,0.8347150668252915,0.8390207003993915,0.16611052206518748,0.6194799172530016,0.8835175642013686,0.20547220829367638,0.8874446600885443,0.8999693539912768,0.9070833680956581,0.09382497105172873,0.45419944440020876,0.9521722292475938,0.7768438348937072,0.8175210332005811,0.06610715131680522,0.4786906424440414,0.1576918797635851,0.002036073541989377,0.028342096835702272,0.4908546507949158,0.016998676903482272,0.6199991408414867,0.14249836206391783,0.06527904670817951,0.024300572275999924,0.4588643078513161,0.8214148766404994,0.3826607041501988,0.08038729890048514,0.006180936362256055
0.22904272294660902,0.946726293183048,0.8392440133974812,0.827873115050932,0.1588807468636563,0.6612906530722119,0.9192175745503229,0.2014503671080174,0.9988770322122789,0.9536711989015715,0.9115358487339681,0.10791148626883804,0.5741535465368722,0.9905039795575992,0.8082348613325057,0.8053723243215065,0.7140255148889334,0.8972147571611492,0.4820073650677951,0.0009706253307777517,0.05358645352057273,0.06390240199310271,0.04473997887944528,0.9428811429883939,0.08623401950458559,0.02602275648586369,0.8990951976285304,0.3538805743315854,0.8945978094325708,0.4217145854257192,0.16935517261578176,0.014488966257451417
0.14875175966432988,0.8274276042579444,0.836211425399264,0.7093621344813613,0.14319958029344138,0.6455213885780496,0.9094291959453933,0.2014503671080174,0.9170152623390121,0.514507085897429,0.8803328255991225,0.09391950579086829,0.3187220736274644,0.8252619765950293,0.8076294916903538,0.8053723243215065,0.6981389542907999,0.40602182017568955,0.009648767157557303,0.0009706253307777517,0.013546840699687035,0.06390240199310271,0.03467760563222022,0.8292069878161804,0.9781920194452831,0.0046457494340632986,0.010776534206043964,0.3126167090886698,0.8945978094325708,0.4217145854257192,0.16935517261578176,0.014353058229716466
0.17396581915163833,0.9873951628497138,0.8510379419689792,0.7453509232383309,0.16057738632758006,0.7910709704726413,0.9245760433923448,0.20916081896141508,0.8843034626718826,0.9239132739335781,0.8874437723976257,0.10414613935733284,-0.5211104805236226,0.729171707318572,0.7125332507484905,0.998133287349091,0.5423230249601699,0.4709314133982976,0.024806298719954878,0.0033388849002265707,0.025134948262319493,0.48743557801278414,0.022498024247696886,0.6197450490074122,0.745423131414557,0.12793146459990798,0.08422413768796524,0.45866252647013006,0.0020832029261186745,0.07030373176930887,0.04508244301971963,0.0012958276858881686
-0.10972679353837334,0.9990434896392515,-0.6089489434978408,0.748925895753112,0.1713681002152332,0.853269766816448,0.8884934358849779,0.20571167294378673,0.8938499395166286,0.9279817829078931,0.9049165261996397,0.08775006883260814,0.32791227191924255,0.9881758790080031,0.7252977861674389,0.765655797222129,0.047856356130849306,0.915542040749607,0.010204091620694192,0.002186920692313455,0.000933423797272551,0.009161970132670144,0.00394111028260263,0.860988205354682,0.06545364612131166,0.004038210522271327,0.03257537844165536,0.35655818666425315,0.021154836940167038,0.03203492939978642,0.9645086866006038,0.015192608120016935
-0.19201939502423893,0.4508102264626205,0.8292613364109346,0.7082693412249508,0.14112030409859036,0.5840070403792419,0.9270646100141077,0.20856689683137467,0.9350567133299225,0.5219984815928558,0.9146341269622056,0.10578946633956325,0.3213296404399465,0.909589460391938,0.9135070601254265,0.9906131316346212,0.6279909782397386,0.41505391439840145,0.17261873628620295,0.025437551580004054,0.11318075538344824,0.5100969928311441,0.016661899437957983,0.8604581645629541,0.6443939124845046,0.07553425081924942,0.051172250919459226,0.421673592971203,0.15016617117195785,0.6195241760365731,0.9399762758533756,0.01513429496411213
-0.588931661711742,0.5379559527460198,0.9098666206184036,0.9992929494499194,0.06975171299413241,0.9854103425812547,0.9103212288802086,0.3226838696427277,0.9027262195575781,0.9051510628118826,0.9213667236153675,0.9374530039885145,0.4854925359553857,0.9870076528650089,0.904794191307335,0.9715945718894178,0.6698837255764621,0.7616778535677691,0.8361792793251175,0.0738356381711715,0.3437183994046273,0.7245308043082959,0.5531391322685921,0.06882340334891585,0.9394988857680737,0.011601107328459315,0.10130027521102312,0.00791930998743523,0.8684509344107122,0.1769388193742755,0.1413542777114335,0.9200553223258865
-0.20739412475407165,0.5078827660026386,-0.8240340625972769,0.7472388357350862,0.15334773928007775,0.6791302067426995,0.9091410706790074,0.20710107704282354,0.8875366070506787,0.8935313135721774,0.8965532210447715,0.10351594027072719,0.35183902158557523,0.7698620964182961,0.8226226798747025,0.7659663747239407,0.16034850315442473,0.534237681416564,0.1681984990373869,0.00472786938579068,0.005006768992953827,0.024999437588377915,0.02158568065145582,0.6145713695359888,0.09330114925374366,0.0744093549838247,0.0490965839036667,0.4344880178541792,0.15176040798303075,0.07031806964091397,0.877518830241146,0.003126792366231244
-0.286099434781993,0.4884659852490908,0.8992391380947021,0.13623238246692482,0.14282041242881113,0.6464676413231303,0.8864851341167905,0.20414352407605404,0.8913625086006317,0.931741999276015,0.9001630192968235,0.10535386967522792,0.4822724469428886,0.9722182104597991,0.7894188787509291,0.84182767413015,0.0463878454651957,0.787444246725682,0.011470821996048208,0.008856272882693427,0.005896955784009183,0.11712775760986313,0.03255572415789422,0.5114877524614913,0.050175277173101884,0.06628162870012066,0.03701882396736372,0.16099193614685803,0.8840828322737982,0.009356816929538665,0.8785243443412515,0.005172140064040778
-0.024040756163856425,0.5902192368741437,0.8999164812785587,0.433887318525393,0.2537462640642671,0.8526779405627235,0.9257829431848436,0.21369838255742812,0.6138990066752499,0.6316415022843789,0.9417090230887154,0.7506719668609059,0.5213485880337964,0.9689975470475772,0.8611098240806443,0.9725184440642314,0.13698089934538882,0.28362501635890736,0.0336025298363683,0.0629352959470695,0.06112566250798947,0.8328726440135445,0.016064953218543183,0.8477360035362382,0.971958987129641,0.026174265020938677,0.14207356356674652,0.3517529446437568,0.7956357146992624,0.022192483203365525,0.9829045413040682,0.020030076131481667
-0.1921357816580495,0.437496410403458,0.8494044522124534,0.7572434683791939,0.09846042643006879,0.93568635012078,0.9089190204472585,0.22095928078096558,0.8990504750705751,0.9487454558335507,0.9128967347225524,0.1047868898359258,0.31898839244173427,0.9722398764763424,0.8099959511238151,0.8135706629496418,0.08311696620820713,0.05016255880122557,0.06770974093905863,0.021216061402440433,0.002824663156116399,0.04785307527997806,0.02963000338812342,0.8436370383266727,0.050306275448907645,0.014780962543370345,0.04351402238588762,0.390507502712787,0.7406808467027473,0.19249720406327275,0.024270893230122936,0.012440759995080396
0.1526176002121815,0.4483829044984451,0.9047550571043252,0.6449802708019396,0.11009500542271666,0.9517464398159448,0.8827698527998247,0.22595076647185758,0.19673733922537795,0.9131026852321104,0.9136726245382255,0.966625932781978,0.4841477686847442,0.9868466990519158,0.8101694517037867,0.9904252842529216,0.7577376884313893,0.41406086212372034,0.030373672580587666,0.0870138850423641,0.4904758925826871,0.6523335896698106,0.049654575993559324,0.8455989131229124,0.9658276621173867,0.08629993628414956,0.15124105633247092,0.40199306552307623,0.08766085016955544,0.41738429625404033,0.9008447648841612,0.8380685890046562
-0.2336099515755201,0.4587507550853088,0.8509934781249485,0.7529404808252061,0.1832517233566897,0.909594364363757,0.8870742245837661,0.1962879541068696,0.5584559869998561,0.9799254010488361,0.9598436014551197,0.8485144039232051,0.31377933743539266,0.9032895521991722,0.8788649252833098,0.7757274043110991,0.013727311210364516,0.7671782321066893,0.21837003549236908,0.05955044249746895,3.672104371059762e-05,0.014274925229052882,0.021279791019219188,0.08290833992171526,0.06315178946223127,0.03529930320583606,0.014277907502218093,0.8369525030373565,0.7457069005480046,0.020815703738569627,0.19225114334836463,0.01853244439473508
0.1585945270147777,0.4164080970024473,0.9058108101358752,0.7491704798450683,0.16668152435057407,0.7476145674441679,0.9171571882403772,0.21615739496688727,0.8920749710172047,0.9662662171739412,0.9150479408354361,0.1044410980460418,0.18601791926047673,0.9885609775456055,0.8629468263994096,0.9854694964624348,0.6737749036728675,0.2566779346164468,0.14935731759351878,0.02316141130243076,0.062049830572012625,0.5691020307709278,0.0037692159084416373,0.8536047950557287,0.8842522450404012,0.0829454270908262,0.08186665171651458,0.5996850984182374,0.06543885818491929,0.44869284811802634,0.8949394583721514,0.046219848370098494
-0.20992440055505548,0.45839455474051155,0.8347381898198847,0.7503506051148001,0.14255382086997037,0.6756610445010253,0.9243156673182307,0.20512474081468926,0.9368714455114646,0.5154745148646156,0.9141646443029965,0.10580174394617295,0.3232145216147313,0.9504955060771804,0.8637053695604183,0.7263929899483822,0.018972282284026587,0.41457914020793557,0.44121986525518553,0.06180165305054801,0.001787950340485258,0.8697072229238396,0.05059653206935151,0.908047719957848,0.831669420332749,0.006114576074237502,0.04032479865568361,0.4385883883340583,0.02008955794530444,0.029417910884917103,0.9308483287509361,0.015264258705865674
-0.38885035952580815,0.46015770510257903,0.734974904139855,0.958317794045082,0.0791938349519211,0.7063482753933399,0.9213345445363421,0.22324554400540406,0.9195562354541921,0.49657179197996326,0.9111660576716212,0.107861031701771,0.29887927507103257,0.8544712595492298,0.6908015560536919,0.8003687110797038,0.012776944839801296,0.3817869801070461,0.027375658565190197,0.007952662203559155,0.011719815088417851,0.5886837706814697,0.0035983665989867608,0.8612089827859055,0.17886301451837128,0.1027655414720738,0.055803970989080465,0.16683660587123886,0.7953279246792285,0.07434794555638852,0.7091322084378314,0.018561997014370644
-0.20293113186505213,0.8774457717384861,0.8250618068289327,0.7338429943537278,0.1649071033503831,0.7160714402788939,0.9245761835980308,0.19627638384844512,0.8840478966764211,0.9656333240733684,0.9075081982715316,0.0920447763494951,0.5280383357821951,0.9085878590333706,0.7825900630088153,0.9689787290994992,0.40753243612130924,0.6015028951364254,0.53985592953449,0.0033388849002265707,0.044050853747479045,0.48926864949496834,0.00207911998996068,0.6159728274145679,0.6310195028751012,0.04767389005321621,0.03130563262679064,0.451140628908056,0.8205579753546239,0.8746154700270523,0.14053676415323102,0.011849819759964575
-0.041696957386554725,0.5477588919664926,0.8411626763913472,0.709650839159424,0.16047864117307375,0.7289763613720238,0.9072228391899142,0.20590657026228368,0.8753118124723753,0.6293258091766625,0.8903539435147708,0.08445058885958448,0.30535489976566316,0.9859804285598528,0.8444729144317588,0.8492006148117239,0.09082718864796357,0.6120032620454681,0.14612872606966476,0.0010446253643457172,0.0343713896037398,0.558136212156646,0.017350485034125458,0.424778713099875,0.006647641689560557,0.00950590598941059,0.11085168267212138,0.15015974047449512,0.857693148568484,0.06827346653775963,0.24077528873860932,0.0038064696892806055
0.13283133999165278,0.9448731719799673,0.9150561154926822,0.805205058130745,0.17567775122956458,0.8612333668927652,0.8842445725667886,0.20677355591890964,0.8962127364314938,0.9787124588243564,0.9139798733679803,0.1045766581366858,0.3229904596428101,0.9959952598793727,0.8470478963076261,0.980768543034158,0.43322064216266565,0.7939510313835973,0.6246445636340484,0.003196061184737191,0.0204113274048943,0.41206007587044025,0.15311640735612012,0.7380121919969796,0.03648341581897002,0.31509291404795736,0.29173874510609715,0.22776979627432675,0.07051249595085694,0.4368531050713097,0.8527834219782657,0.0014232223739869525
0.06854930792801153,0.4854327757649863,-0.8298991909867625,0.8082997874682792,0.10189587266792857,0.9891796068622917,0.8834555798094794,0.22465581977495472,0.9650761225612008,0.13498509249678428,0.9068397706818239,0.1108923389309083,0.385600558507853,0.9720951890416404,0.8639160814602566,0.7657852371222873,0.0432394475101181,0.7257025214117301,0.009204424249690563,0.02242802034920749,0.06730673028727825,0.4856740958687906,0.0013483112634775814,0.5964641706949448,0.577404207038278,0.07808004232174054,0.038240212727703685,0.4619881440133592,0.7919458845299803,0.10049222295266136,0.9739412511726555,0.02595825735255386
-0.050526729011439536,0.4637606692652297,0.7832918249382217,0.9664118139235047,0.07472170099611711,0.8508963121863307,0.8882347404352839,0.21892983509865632,0.9179460599968181,0.9769345128863092,0.9064867626068567,0.0877139284791184,0.392029799546101,0.8516086285524909,0.7912034442236555,0.7690246503868469,0.5771424677936566,0.4467239258239083,0.0053350555741965705,0.05298018558850634,0.05609938013400251,0.5612393841862449,0.02247842990555024,0.7193793945016105,0.9352035836928994,0.03464219075535788,0.10746211107641496,0.22280864437880216,0.14569880523974527,0.06606437795191811,0.33363467908849925,0.0097220621595161
-0.23882057453128672,0.45043117599592114,0.6299711613936557,0.9774380033056743,0.1579419096881233,0.6205086156832937,0.9196558451016116,0.22472387326409726,0.8886341986908289,0.520621282124098,0.9060838549109939,0.10577552756805576,0.5322315664801387,0.9884697729949614,0.7957144333322126,0.9639851197638847,0.6756570606362762,0.7611083519879969,0.14175981087225453,0.004362761241174428,0.22844803628746962,0.16380805839120546,0.024334704022552923,0.6018073786841454,0.6798742464747372,0.11092734389238564,0.18146723220708125,0.2718045595819617,0.858043785215795,0.04306573258097483,0.010316078337793688,0.013633767066712871
0.11934047566213529,0.9566583145689854,0.835564925640723,0.9785496231771494,0.06316292206294387,0.9925548992045846,0.9862181544550707,0.2126519608903068,0.9146947415067481,0.9678610636682665,0.7902487192499552,0.8680666372665693,0.33625228305567817,0.9872352906515021,0.8396915801909235,0.76234500501591,0.6590776306902808,0.7209466970619635,0.4196338474624421,0.03240566723057333,0.018089071402390855,0.014146730189225298,0.04228848005649499,0.7548452187098986,0.08647922510648809,0.026389038448452487,0.13913740476620742,0.16447814262785915,0.03788130734491307,0.4327317498749553,0.9049060788823466,0.997081424872603
-0.29194250114770004,0.8602682508115145,-0.7469589063262396,0.7908037922229009,0.16088947890469996,0.702062489652553,0.9104189744997375,0.20807630327044174,0.8938579332240751,0.9066499236517422,0.9115916813359584,0.09024720109991774,0.5731787157751783,0.7424420040221554,0.8467134504646275,0.799365441304192,0.6987613566577633,0.9387552096310463,0.010138727880664666,0.005654561113614808,0.052605199227685216,0.501746859839979,0.003098105202540377,0.8465578262271986,0.9719468236772572,0.09613395787689982,0.06552521667964523,0.3547867490154082,0.7640500427458108,0.11327528916445308,0.8926583230551206,0.0023862948460153825
0.5652909287212038,0.9494657234016481,0.8951058146776119,0.981727966466826,0.10721228552737802,0.9868396580739094,0.8755357449595782,0.27907955870359735,0.997934426290463,0.9184205432894477,0.9219303507787948,0.09987762693813194,0.3883280625771963,0.9995027192346118,0.9610904075081939,0.8816427483985593,0.6992152722713482,0.9056297337800223,0.5422647585074494,0.026894876787523028,0.06264264188291543,0.014828186867380171,0.017435636630366423,0.6719124074924143,0.0542657368538953,0.005440249928400066,0.011867006439559041,0.6128696881768471,0.7706214926544681,0.11972983839244115,0.7938731938436463,0.019372582857700736
-0.04843717163588859,0.4648866337336954,-0.4826702859703047,0.7477375718741577,0.14343655518002896,0.6836919359573473,0.9231115948135777,0.2070215472775268,0.9106733719077437,0.6044187453428681,0.9073270260664129,0.09247057418855478,0.5045006009995081,0.8418119356591561,0.8690626692651082,0.7893542408678708,0.005989219501331624,0.4045102745656144,0.16362728440485985,0.014249765459293757,0.004429020823121396,0.5212643021428711,0.022135206149356216,0.6261056646849523,0.016012703523990257,0.00983376140782865,0.09271432834996245,0.33530375719041383,0.7908943417824903,0.07605782325457172,0.007831821421873664,0.012491341388281426
0.4905233149047099,0.9492476195453179,0.8951058146776119,0.9853073857326272,0.10721228552737802,0.9973096548611479,0.7227068104897189,0.2065561543558047,0.9975515404268499,0.9184205432894477,0.8782057030651556,0.09987762693813194,0.3299790190796837,0.9995027192346118,0.9610904075081939,0.8816427483985593,0.6807128519717164,0.9056297337800223,0.5050897253476122,0.027550704884911764,0.05300805030836554,0.014828186867380171,0.0034415821578415526,0.6192671199299362,0.043869807502922464,0.0031605375259809096,0.011867006439559041,0.6128696881768471,0.7706214926544681,0.12026906605156641,0.8147698645770508,0.01977318872802356
-0.6313613909672455,0.4748666961932386,0.7979855217913832,0.7620284667629262,0.1278382599504997,0.711548737765027,0.9047772954279735,0.20694464462847564,0.9408245179331559,0.9389783348758585,0.8806374691491838,0.09582578075053685,0.32888096788863497,0.9554322524467757,0.7872751213648213,0.8247127215106959,0.22331925691647864,0.7114762469645161,0.04504825335472554,0.008078150780113468,0.24295533589490229,0.07287140417171398,0.022803447320614553,0.6237389863256969,0.7861766211773857,0.10331264768256863,0.06188904606288028,0.287100544034969,0.6870671937540259,0.09024361108581547,0.01774768360755319,0.01907093543393174
0.6795847513597377,0.9606101782846468,0.8189948014930842,0.9715622100230369,0.14055546663257354,0.7040159093598719,0.920643578746448,0.20440120915993046,0.9250453288644866,0.9541430815803223,0.9087378724435323,0.10811223578763675,0.3681424070087561,0.8836346943881052,0.8618453004161264,0.742009164240661,0.6995236539199072,0.7809744794048779,0.1110205493728337,0.0002312622071233006,0.20280744310382093,0.10942401699331655,0.4693905957690944,0.8291690675935023,0.8816153924385065,0.0068653409485542214,0.104087987997313,0.35105245543488645,0.15035186966340694,0.9876307977429793,0.31614172051217815,0.005074115296149186
-0.04342715927305234,0.4711153797859668,0.7774584206578199,0.9549440721660917,0.07566024215543615,0.7081209517368828,0.9189433853644073,0.2180423635233658,0.9391747936622279,0.5179653141235727,0.9142663448017454,0.1001186500662768,0.34676492755958993,0.9952604918241852,0.8215166022905468,0.8118864974580502,0.1507123722437963,0.7079852191508538,0.4860671903469822,0.056417201914172675,0.024127224572446655,0.008247808528769052,0.9891462213978058,0.8500019125753551,0.017261853826730345,0.17907263848968374,0.01274093183767257,0.1759223796831074,0.7322334679248038,0.11974142871237255,0.8957820139441697,0.009740946165825434
0.48866519949757764,0.952720450908675,0.9014418140085703,0.9312426869307023,0.11282028932825566,0.9957821981154354,0.9442343252381676,0.20508957583775506,0.997934426290463,0.9422635674123074,0.8561325038615127,0.09351527478995765,0.32997631842966174,0.9501262363188392,0.8128789570955148,0.962520380889647,0.6890152120240793,0.9120902524782137,0.47718229547961594,0.019915600133173755,0.009701511515000108,0.0014329230598011389,0.044030990706085904,0.6721554533278981,0.7419482573754371,0.0030115421049385013,0.05444169332046207,0.5943358724496279,0.7911944378853949,0.13122019174899616,0.9560357683855453,0.019378887093406384
-0.3885658861637575,0.46015770510257903,0.5646926545227157,0.963910903768856,0.0791938349519211,0.70314253741855,0.9255864051993288,0.2238700147099721,0.9184431276376502,0.49657179197996326,0.8786498765004837,0.08886514904432678,0.2865519602509106,0.881144098202161,0.8247984847921559,0.7182570097233186,0.6241326601720606,0.030574279014116357,0.0352835691151861,0.001740964565121579,0.010136825210793877,0.5859841060774371,0.016360158086922996,0.609745381031766,0.007115386952565583,0.019046355874377034,0.003941021552162815,0.1668455716924033,0.8679463313885922,0.023709836533511087,0.052291805844661365,0.018325731895645528
0.5422957485688223,0.9959642277103147,-0.7562792950674571,0.5618131956045197,0.16055275147857503,0.9227597025644944,0.910305154445585,0.20379524713313454,0.894270201846309,0.9414743114984804,0.8898142793168359,0.08925272899324437,0.383829348989694,0.9869270285763279,0.8580424365029109,0.7619253079067752,0.08372516340703823,0.5997352925445912,0.010242923707588784,0.005301556687431198,0.012397159121241678,0.10248934932728815,0.00394111028260263,0.8205271100119318,0.6896331960129813,0.03393467620328843,0.009037003810910528,0.34772359552017695,0.0033895420988482496,0.1476656299407566,0.8960928229906722,0.0002767746667312644
0.15763408122276013,0.9503256224577576,0.752138762760244,0.9602192547872976,0.12136616946107523,0.6523229887454425,0.909619135971545,0.21804597773882636,0.8955050851268932,0.7807991331547137,0.9144045139398849,0.08684583685057184,0.5379877434362553,0.8798393734328244,0.916327275498714,0.9705543719791511,0.5391141680183857,0.6471380428543635,0.01092205186318344,0.011148473183877385,0.05285705075821501,0.001587953726372146,0.030628407404507573,0.8521100109186464,0.951366008189741,0.03272796043419512,0.2323727261944643,0.45142016066906443,0.7973802918968236,0.8717008899903556,0.2073674157246429,0.007457681961670515
0.5959807239357723,0.4141182487651835,-0.7562792950674571,0.5991658208857832,0.15786435689461514,0.7093215898851406,0.9092758084388678,0.22465581977495472,0.8860221885860684,0.9634036829505555,0.8965256700736375,0.08873767310765188,0.3725090174731909,0.9867573702154749,0.8571894469446052,0.7847751900613187,0.08372516340703823,0.9296595949619979,0.005890919917727505,0.008228007752380705,0.012397159121241678,0.508383510229256,0.0034458450791235266,0.8017995311261026,0.09593060095484973,0.023444515996352083,0.038596298570735446,0.35464791789735023,0.0033895420988482496,0.09872512691698339,0.1140740326432059,0.014309122402460066
0.01611608572787506,0.9947175352832739,0.9482660872850917,0.8442769992836647,0.08305914990481891,0.9703055990474264,0.9254762206348979,0.9815279420715972,0.5990771293833584,0.9896920013922315,0.9190830027824344,0.9235614165311429,0.22682531487430418,0.9844074754306332,-0.7913249875919985,0.9795293165580614,0.684003800107218,0.8312015672200564,0.4392429015759085,0.05320903517868191,0.10386932715575332,0.6509886741974176,0.13897318366327469,0.7248437827896111,0.7553166943659158,0.3157557196929971,0.023695675575781616,0.8735254162319646,0.06540128042690146,0.025764136600684676,0.33679461816602074,0.008833165776050839
-0.18969761101208546,0.4781582672444567,0.7382743563029013,0.9790851406608152,0.1407460109454415,0.5978326677983209,0.9304855291173808,0.20694151563444904,0.9188213310056782,0.503579272510319,0.9187867060205698,0.09456292272351235,0.3340720823184362,0.8517183732405167,0.9101391897719286,0.9705052554653053,0.10190208889959174,0.6361517799117906,0.006739148433162409,0.03268519776856418,0.04201515320995502,0.6028062047293883,0.063165311618537,0.6213191294208944,0.1094381714913712,0.3096224026134876,0.03653708369101314,0.31028241086788794,0.8078459608617644,0.014868846089099996,0.00984939444725813,0.014725428161044721
0.12906799814423775,0.536524846520978,0.8629998909452851,0.7095792238501442,0.20416511813354138,0.7061780136968594,0.9206777692381246,0.20874490686877686,0.9104396346266409,0.9542389465941528,0.8804234830828207,0.9477905819142077,0.42348238137245864,0.7251080458172086,0.8632796729657256,0.9682824675604043,0.07704233896028462,0.5593806899569342,0.5666156608175759,0.06536915535319082,0.000225512743833029,0.06515664255978748,0.08024159898477186,0.910262130850988,0.9365276556537708,0.09719974165104167,0.16870438123990233,0.5921694557050221,0.8253179428498433,0.09228378109313659,0.5755280218553377,0.018766162447676347
0.5906434822964918,0.4987932106623989,-0.7647550891623848,0.9745372481112746,0.16283402467890354,0.677062493802919,0.9166195846564722,0.2056704759296562,0.8938499395166286,0.8926132049728909,0.9114505058797837,0.10346656980478612,0.3367597655330098,0.9498512980427686,0.869967605786458,0.7662225550980177,0.08372516340703823,0.9367237106060549,0.003789709095028848,0.0021463605243978827,0.012103806803413953,0.022965045167287923,0.046481454349266246,0.8480437975722092,0.6705755534380877,0.07915121969917986,0.07260661994319828,0.5814388376263021,0.8419160084410401,0.11077318138464903,0.09594830793697734,0.0028622719926473046
0.08679013410452827,0.5403382663660506,0.8344058111439784,0.7457294871076093,0.15804940624929467,0.6906505319062556,0.9237197312008119,0.2264873729592335,0.8879923098682204,0.4803973202671136,0.8988107896613898,0.10577552756805576,0.5186272455256893,0.874459488581557,0.8098899436176064,0.9714546213143814,0.06865921277416806,0.7288467711720629,0.04394615887815642,0.08309553100153322,0.049544046033582353,0.6559903186951735,0.5511005301146606,0.7292175129950925,0.04195974438712068,0.10099483101171337,0.3444858454783841,0.33214629164941223,0.8136416500430018,0.03613974458589145,0.017292597805521337,0.0014885837971207383
0.3182616857407269,0.9111296445418907,0.7722177087398955,0.8282824565354214,0.14081035831481006,0.6540455544016275,0.9202233844745311,0.2014503671080174,0.9340335371493145,0.9251144870292144,0.9110261357155783,0.10870237727587644,0.6499410317924794,0.9857955312121679,0.7937940632719264,0.8045235636104718,0.489331389098407,0.23783416175263156,0.0057306473635496185,0.0010712075371627863,0.05334721668545789,0.06384503573790695,0.02580093764289145,0.7721263662222775,0.09271662954665949,0.02705893054414621,0.9484703967714365,0.35398071719262303,0.8428103307137084,0.009627522880990686,0.1726513821058696,0.014518800782153068
0.5133744593501399,0.953563106526745,0.9059944437805423,0.727533857165443,0.16426482875569726,0.6957446173678838,0.8554220231030837,0.20439019642660008,0.6401807107885734,0.9136760228225284,0.9009539228883237,0.9978849547740029,0.3312372838828421,0.989169735732113,0.8400618609689738,0.7988499589545629,0.6733802118754676,0.5880021674730722,0.09500616202170795,0.008649000297915644,0.02733414038079412,0.81661960953882,0.9596195157167786,0.003571278254390131,0.0432738694711976,0.3336548875964922,0.16701212498372864,0.01265706783086329,0.1229419271633565,0.04800021384285946,0.8877382920033864,0.9144312119875766
-0.2911897890926602,0.4975392012652617,0.8048916625715508,0.7547970474059735,0.14241751926982688,0.6771851438512702,0.9226978876260323,0.20668478225484396,0.9149764606535452,0.528726860357857,0.9158467272906425,0.09532237340635581,0.3674599522775559,0.9566527766983182,0.8724575557222507,0.8038504091046816,0.701917443222605,0.7098694899080135,0.12546972079113064,0.007770816261848073,0.03454738628805686,0.5075507429857561,0.020429127264255966,0.5932793284074922,0.9280143351083763,0.1538758408281195,0.001598569668231034,0.4216386625324476,0.8373915094803783,0.0680667979058481,0.8639947689654695,0.018517432823143994
-0.20011191995730526,0.7467886063104178,0.8533896791521998,0.8085326805714096,0.17552429508229242,0.6871621801473919,0.9066058306286295,0.21036453898122962,0.8910237168865891,0.5409646848278789,0.913841650052491,0.09944829735633978,0.5018164347222303,0.9029474726249705,0.8674933110908158,0.7430481797953918,0.5607575130681718,0.41492552887960066,0.014330857094263358,0.0014079397731614068,0.021547168636933067,0.5834538749784434,0.009190884099154958,0.6327279743900953,0.8062314412046426,0.025318447539594384,0.06105817861798721,0.22502678179298247,0.15384819746554904,0.06972186767201627,0.7559326065500251,0.0009717107579646804
-0.588931661711742,0.456619454222951,0.9050651349413268,0.6170808157306236,0.27382033631563474,0.9860210384006525,0.8960965470596273,0.1598943336970815,0.20440102830979,0.9873053938892413,0.8127347685691949,0.10580120838360793,0.299757976884796,0.9952685921018157,0.8132295215405155,0.7916678544229233,0.05528720496743533,0.3975882228752542,0.037087499443968844,0.06476059585956892,0.18077066148679938,0.6583604881933602,0.5368141639346056,0.032009967952063456,0.040592498632282106,0.28981266404099204,0.1455721600899029,0.014897810777854098,0.10911415648699269,0.01940312289713882,0.22985579262562975,0.8902789531260763
-0.2107446321376618,0.4930277359626641,0.8159736936989912,0.7843488883723657,0.1616198289131903,0.7049080915999064,0.9230075835669231,0.20728371005536972,0.89302851233644,0.8808959986325431,0.904812411039963,0.0928000418399581,0.41512593705276096,0.9912414667563416,0.8084697289892586,0.7880719168180219,0.14367016357536075,0.31757196955277534,0.46858874304564524,0.03416650476603149,0.0564105724623106,0.6827273584504685,0.21893620327019298,0.8671134262773112,0.9375899177462264,0.10136699868151405,0.1654661890673152,0.604485946150127,0.7365524848993472,0.07495962891045303,0.9854400957274606,0.0025766574603689214
0.008261937884297119,0.4194665623453434,0.8289694721535206,0.7449219251887746,0.1414678816498902,0.81353396825424,0.9257267962983895,0.20840238781392212,0.8980171981582045,0.9447864112244513,0.9154121865742799,0.10556388850758494,0.3528425067136353,0.6965051129517221,0.7934513661280802,0.7685033932640289,0.20111698437928094,0.4050599854067152,0.5398219451977906,0.01089789682413338,0.05561483376524334,0.5174403688637821,0.0031860285123084878,0.8571336861758354,0.180577898729313,0.057499672962101706,0.0038896430278205357,0.40940222561355777,0.02782731934184688,0.00703662724967387,0.8733177975943718,0.004116354409541178
0.14976449688932314,0.4591178128373354,0.8347841483683441,0.6188561766923403,0.16520463650888575,0.8981190237550233,0.9239698637401339,0.2088077321803233,0.9152817564296746,0.48794679439938504,0.9071856489478713,0.10552243192478707,0.1990611217313163,0.9541497475016372,0.8230318682064571,0.8920658117009366,0.5177056888422261,0.6009222592896313,0.07787181176877248,0.010565343120755862,0.0557086398029031,0.05945098174898883,0.03107772849211923,0.8132477056988505,0.5951417023487788,0.1222507239047153,0.13043467861897187,0.34627514532041176,0.04105060067161255,0.016799511504545173,0.6137235604421152,0.01701813069438208
-0.1565017526644112,0.9623492941642509,0.9875022796853695,0.9665734381782702,0.13605840928835478,0.6714585665799463,0.9259844727942419,0.2088064430587644,0.9978684038894782,0.8630316855224204,0.9147212926460698,0.10819850964565261,0.333680765074769,0.8730466170451022,0.9507693576598935,0.7969923607106139,0.46029994926813306,0.45347835739107,0.02882818532121309,0.0008071395370254329,0.0012649299818000559,0.015803660968630586,0.044030990706085904,0.6272124245950874,0.6205939420721059,0.005047848850706894,0.05312095459130109,0.43683286854103937,0.06052888658767486,0.5171031294780938,0.8393704019737414,0.019443791353555548
0.5487544862944428,0.924692468032331,-0.5865612098985581,0.9825884790545221,0.16248586858031744,0.7284119478258352,0.9032257188053296,0.20526614606754917,0.893365232522888,0.6583910778139617,0.880148364416561,0.08924650034073861,0.4504761044497787,0.9750847668537573,0.8691136322889754,0.9646288602254764,0.05873988160326815,0.9616635298215871,0.11824429969046776,0.007159957620630517,0.01219121352907976,0.6784585576962944,0.04951168317170916,0.8469000215039133,0.7477570381649176,0.0823974132624261,0.09531306240936058,0.34729950663432707,0.2723915842410894,0.07105881697558503,0.9853410875004694,0.0034273648787246716
-0.11257760126370342,0.9990434896392515,0.6108657574507074,0.754735560882387,0.1732469722203075,0.9227597025644944,0.8884934358849779,0.20571167294378673,0.8938499395166286,0.8783456548902622,0.904961768890471,0.08650598866105173,0.32791227191924255,0.9908286382294469,0.7252977861674389,0.7855174680867595,0.06325092457547327,0.9178462156774303,0.010204091620694192,0.007990041323199294,0.012113570121328672,0.1455124390246293,0.00394111028260263,0.8276636686043843,0.9730721103325874,0.034515962582473636,0.03270323083807247,0.3562511649097583,0.021154836940167038,0.03203492939978642,0.9645086866006038,0.015171862412275819
0.5051005986741813,0.946369372990496,0.8592213591672333,0.9680804261672826,0.08053685217654612,0.984841842358317,0.8742609175706655,0.21414213447520886,0.9745589890822953,0.9489333824637173,0.8884015517309798,0.10452079953178482,0.49903170598443525,0.9723861463570309,0.8079718860433194,0.9669550174087391,0.3662780533795169,0.8159756948514457,0.4770829229926909,0.01992629665825013,0.11271138197808417,0.03837164993839774,0.0448446768645062,0.8552305364830667,0.9716604821047494,0.07339292029378405,0.0030715439641297443,0.4025411508074775,0.11303599418659199,0.5027681642427662,0.7087127889354518,0.01312907752851981
-0.2899511059095062,0.9139075230803091,-0.7590219677859302,0.6366671803732357,0.15905809739482984,0.6702163076250562,0.8820744148949051,0.22461262028531007,0.8915322736629916,0.8663899166054447,0.8966167826238723,0.0942013395562637,0.32512826601948863,0.9568425119227211,0.8410889735369429,0.9591695243158125,0.08372516340703823,0.32123195320448816,0.010138727880664666,0.010284849468739643,0.02597420359113608,0.015878705874689505,0.02227980033508037,0.8458002876080203,0.08608376403005452,0.017866316869125844,0.09181426242534413,0.3547867490154082,0.7529523781936398,0.03492299562564207,0.974668271804715,0.015304849903670606
0.09975353834449704,0.9535800577529843,0.8383149093044875,0.25686347134403803,0.11996335685931499,0.7031328947114781,0.9103415241485593,0.20784370661228752,0.9519484722525716,0.5234536943140813,0.8854259147644559,0.09909552418342976,0.3057776061698153,0.8237800702315883,0.8225667585460933,0.8314587972360981,0.6028932759283098,0.44307524432533274,0.008477037073438682,0.030726210762610232,0.06151650913367407,0.049513541330319155,0.004832417794277702,0.665524608981129,0.6395911113451573,0.24249533085793806,0.055076996559916394,0.3014500404108999,0.08624658244862622,0.8124020086465641,0.7956706429878814,0.018971984434698757
0.2342170267156846,0.9313604208667823,0.8993898136254809,0.8283563000288207,0.06779800107118672,0.7090917713880094,0.9349388207218292,0.23879634139062522,0.8969225351265508,0.6225681227901999,0.9115688322396649,0.08788022251745706,0.3978908938761258,0.8269023254572537,0.7976582071142178,0.8088931875179918,0.6546157322533683,0.4196270259409344,0.10153380646058821,0.0008809900965913735,0.0022621758066694764,0.013495216483210615,0.02188219227290765,0.6086720742919949,0.5786833740006625,0.0653540619862448,0.052209702264112104,0.16733795593465464,0.12992255184207255,0.49978956053420714,0.2841721899689356,0.004503565303196903
0.607354381840719,0.9981085923715994,-0.6648343512112328,0.9831433106763601,0.16123462137516723,0.7284119478258352,0.922104359436674,0.22465581977495472,0.893784734154099,0.5247146699882133,0.9076221475179048,0.08924650034073861,0.2962586805141125,0.7111672051557644,0.8583504954725708,0.7660429665064188,0.08372516340703823,0.952639280023011,0.022909690012036854,0.002389658143591312,0.01241341750993102,0.10248934932728815,0.04951168317170916,0.846896527652564,0.6442259418312482,0.09129095902715349,0.0935009279558234,0.3540633117657971,0.09437672622096743,0.3777656275887491,0.09876789300221578,0.010569409582289267
-0.04843717163588859,0.4648866337336954,-0.4826702859703047,0.7450559961703164,0.14343655518002896,0.711854432608874,0.9231115948135777,0.2070215472775268,0.9106076752291672,0.6044187453428681,0.9073270260664129,0.09247057418855478,0.5045006009995081,0.85073437432026,0.9188839732896993,0.789186110170626,0.005989219501331624,0.4045102745656144,0.3648351918357136,0.014249765459293757,0.06947612008299679,0.5270732974017964,0.022130303072361385,0.6606636006080173,0.016012703523990257,0.03680118998946464,0.09303959935684714,0.33530375719041383,0.7908943417824903,0.07605782325457172,0.6600121294052476,0.012491341388281426
0.5357142560811722,0.9351922000976329,0.9677228258915401,0.8661217930711045,0.08540912640043558,0.6745167659223895,0.9159659985804691,0.21757240285730414,0.8878532690937735,0.8660252159491248,0.9075155997481377,0.09382497105172873,0.3772635926381411,0.7310077799071518,0.9020420814692585,0.7944618079717469,0.12816044003848218,0.5140746730617664,0.1463655382166737,0.04112581771077181,0.014601892282853121,0.08619156667663277,0.007951265827590408,0.848846799964349,0.11559671006695499,0.019024059235245964,0.026676462341484006,0.41212949900075113,0.8219260178695806,0.5161964180817814,0.01044866371036507,0.0023733963813756054
0.6091927754394595,0.9606101782846468,0.8310623552142918,0.972362709151166,0.1384784525413885,0.6988157117358498,0.9269399605987129,0.20468876876322167,0.8652310128960004,0.9532146091031619,0.8952905895939135,0.10365874924769769,0.2604427069608979,0.86178610825432,0.7745457322610886,0.7588079053722135,0.4390339277382763,0.42948762804800267,0.49056245375077373,0.001881379569225925,0.027154925582131673,0.16847260672729894,0.9507432466940077,0.8529225521166806,0.8740885020717376,0.03661796064919593,0.13883109621049236,0.4091557723357735,0.07623962232994783,0.8828484486696462,0.8818900840153484,0.00595785759066154
0.5981968694953319,0.9977532308442736,-0.7423934270171331,0.9834758193056425,0.16123462137516723,0.7284119478258352,0.9223008354977913,0.22465581977495472,0.8938538699134069,0.5247146699882133,0.8964825672051797,0.08924650034073861,0.38404188055618993,0.7111672051557644,0.7097075627950871,0.7661070980438036,0.09067807855710336,0.949701279788703,0.018451540707602666,0.002389658143591312,0.01241341750993102,0.08939717429797303,0.044564939435564326,0.8451183031694371,0.619423085348892,0.09285206130093306,0.0935009279558234,0.3540633117657971,0.867794104884524,0.11077318138464903,0.09876789300221578,0.0028611622965050137
-0.39670825272057897,0.9830697579829515,-0.7562792950674571,0.38895980291521126,0.16123462137516723,0.9209441534235123,0.9229824340629363,0.22516324716874417,0.889875333774465,0.8663899166054447,0.8966167826238723,0.0942013395562637,0.2747383949408169,0.9889132204841278,0.7949372449718337,0.7847751900613187,0.08372516340703823,0.6123509607833018,0.010138727880664666,0.010284849468739643,0.012522278483763714,0.47571014816532814,0.08168609373042485,0.8406724541230326,0.1398928545264876,0.034530871483567295,0.09181426242534413,0.3712114385505578,0.09327181766485339,0.07464313400192651,0.6860585830794803,0.015235336988839308
-0.2257196838259106,0.5036048366148682,0.7700055189012908,0.7238704853155212,0.13743775388049767,0.5978326677983209,0.9193244249114274,0.20685547267782015,0.9370107692597449,0.503579272510319,0.9152125465085017,0.10515325259006339,0.33380604651873924,0.8517183732405167,0.8014452465322887,0.9688405669111113,0.0348365541781601,0.4328063482779336,0.006610444174160008,0.022097067584331956,0.011564200584358636,0.549474953685175,0.0061320665855388225,0.6125651164776791,0.7390141850723085,0.07263990278292166,0.0877304706784168,0.30775654109912115,0.01885532930849604,0.014868846089099996,0.22568831069251066,0.015284024171560778
0.7844398065480045,0.48268491029906435,-0.7439302759725112,0.6877277464774941,0.07951755525727403,0.7296706909078444,0.8850367896699421,0.22243059606466897,0.9395936373365743,0.45203733827113013,0.912339939234656,0.10761105799714801,0.330960476901352,0.907730500787381,0.8113658056047497,0.9757006599461364,0.023078134052847865,0.7365044574455749,0.014506321939516453,0.028658430834399836,0.010217193639494748,0.6062686541429443,0.01400142231390572,0.7408921034210979,0.7690542962503891,0.017500922646191568,0.053918955016052136,0.1575195102521933,0.7374549382263864,0.03172847108191661,0.0006035103146230444,0.01909983690557735
-0.20540082822474393,0.4906741800957848,0.7678695794272242,0.6224467785998944,0.16318792863835968,0.6763994683676786,0.9108446261978412,0.20510674369343426,0.8899311374747781,0.501887364403594,0.9102791942252871,0.10472587597992619,0.30149948169070684,0.7310077799071518,0.5945385619118794,0.727120942294679,0.7130344938444547,0.41138032578724737,0.011049329916767853,5.677875990147893e-05,0.0039832427482673766,0.46893007368844986,0.021872568913366624,0.8686006626381166,0.967653841119625,0.06680466938127785,0.040970417310858896,0.31049256855447965,0.10875984244648365,0.06850496692138101,0.2723869125492481,0.0023565529187368622
-0.2767252963434437,0.9839844532416397,0.8444603626345497,0.7499721779783419,0.15971175928294834,0.7806288600983351,0.9091529734880037,0.2250468506845288,0.8960783282678777,0.14950556298305967,0.9072278710895257,0.09562077160989427,0.49690084701792187,0.9918453714465092,0.8946774461561009,0.9669366151908534,0.7199970568987474,0.992769758411318,0.017325420441340278,0.042088413471395594,0.4444365715344545,0.5679664967030295,0.004358418429810364,0.05035266944489897,0.765972735647174,0.007924916462382194,0.21078908474825248,0.01013203631701301,0.7699247768016891,0.017081261684135436,0.8771060718921325,0.7985344461102069
0.5971414020628848,0.9700312280626664,0.732648426949195,0.9660686088291989,0.14043091735062652,0.7772620379977965,0.8168351981072445,0.2071157126250588,0.9928317218624158,0.9587295373969357,0.906964403894431,0.09548147543033464,0.5098492999278835,0.9686359384499045,0.866362736937061,0.9638934618308053,0.8454799554744448,0.7147610422243851,0.485507906606703,0.02776080443726957,0.08724949876599858,0.49692760601008623,0.052313375894098256,0.816552843684691,0.7072951531721255,0.00446446193286909,0.020363304614433315,0.628267965655906,0.03768077263706826,0.002846009134888916,0.9338826519427448,0.0036034795785146326
0.06228154924754688,0.4017596917228688,0.81412995769992,0.8127650454505067,0.1757486409412915,0.6900738669121713,0.8935519088420207,0.2052211500200995,0.948162573915238,0.873599941172507,0.9129862109568474,0.10579630182778253,0.5106986758128225,0.9080675872863292,0.8092414019910574,0.8443041675673867,0.029153963629838187,0.8025437957942779,0.03893544129529476,0.06526877217438785,0.05998722095304086,0.53254854289488,0.021548884036624194,0.7085654946504759,0.016306403740730724,0.1619531582997527,0.15224692601500836,0.3560216396974064,0.8989514992485319,0.1020271481638374,0.6772385390876082,0.005933109449895795
0.2041271951931607,0.4144995926916106,0.8546748849085315,0.8113326650131228,0.0869866887804972,0.7500521802918673,0.9081675304725998,0.21230372164184821,0.895116379030855,0.6536514677344086,0.9163638290451477,0.06165620035500888,0.25457540133975465,0.8602883919213667,0.7853533791192348,0.9712948296992372,0.5490218323910196,0.7092462477385704,0.15493292367035832,0.04460967673895154,0.015444882580034593,0.01026915979528005,0.9364000619765662,0.7985392305071968,0.6057893234266235,0.002843451363696837,0.027574471080779726,0.448409938556642,0.8643250418907402,0.4988289437566625,0.8292236282450904,0.018296784960606414
-0.2412844041765203,0.44951679429496544,0.6299711613936557,0.7457294871076093,0.1579419096881233,0.6902935928532017,0.8842559660267912,0.2060399975959341,0.8879923098682204,0.5206900865040036,0.9031984272242809,0.09360200673925999,0.5186212696422776,0.9840325302885052,0.6882253799513098,0.9691657191630338,0.04515217433547125,0.34756652909602276,0.13952946625184115,0.0003279087009317276,0.004931238123215432,0.6656976778247746,0.045143231830610246,0.6187092171097743,0.07360272065170781,0.10047679673619009,0.09521790357772046,0.21800770866361374,0.7951787092894662,0.03711748001528857,0.0022483258960194763,0.00092296838622811
-0.10972679353837334,0.9990434896392515,-0.6089489434978408,0.754735560882387,0.1713681002152332,0.9227597025644944,0.8884934358849779,0.2057848797259158,0.8938499395166286,0.9279817829078931,0.9049165261996397,0.087915590539795,0.3339024465826985,0.9908286382294469,0.7252977861674389,0.9635802809656153,0.10471771225374701,0.915542040749607,0.010204091620694192,0.008324133652473774,0.012106227460241174,0.10870443455516245,0.00394111028260263,0.8470214908571417,0.9730721103325874,0.27651870179248694,0.03257537844165536,0.3562511649097583,0.007198694608203771,0.03203492939978642,0.9645086866006038,0.015192608120016935
-0.16517125002922262,0.951645477637531,-0.7562792950674571,0.3739094323586386,0.15659232995616182,0.6697501858705166,0.8862539540828556,0.20547901958962372,0.8936369333656546,0.9332114928198775,0.891060680829912,0.08776946553519038,0.49395610074865226,0.990542453890771,0.7367244656230124,0.7665682675954782,0.43291283345333803,0.0198540431753384,0.010131714647184492,0.0005587479402336124,0.004010744699477821,0.07677514660462552,0.00476396691248518,0.8345354935176789,0.09438639163179541,0.036499705929297986,0.032552789082091596,0.3564396819816324,0.001972587868022761,0.03005020835149084,0.6773801165915893,0.015568825054667789
0.5360039288595353,0.9466456296812865,-0.7562792950674571,0.7704992548584921,0.12235910165005265,0.9135957098448161,0.9191868333031881,0.22515613490334047,0.8898588203917468,0.8846650347952915,0.9000620976621936,0.08091009273484306,0.3186864974662972,0.8688906309132026,0.7972073557818222,0.7847751900613187,0.5381578012836271,0.6123509607833018,0.010138727880664666,0.010284849468739643,0.027602230486601275,0.4581812418362673,0.08101803242926231,0.8406724541230326,0.6761934035968763,0.034530871483567295,0.16377490879536724,0.41598044708729304,0.0033895420988482496,0.13968166389045034,0.7217757674345542,0.015246243878333177
-0.16517125002922262,0.9306652208563899,-0.7562792950674571,0.3739094323586386,0.14529055396976606,0.6697501858705166,0.8862539540828556,0.2082699220307082,0.8938499395166286,0.8587710006759872,0.891060680829912,0.08924650034073861,0.38302388456151737,0.8446993682074032,0.8573824539899523,0.7665682675954782,0.419330485856195,0.0198540431753384,0.010131714647184492,0.00446714262014929,0.028080243532716653,0.07677514660462552,0.004859137290697174,0.8344914510592141,0.09438639163179541,0.03623244412112067,0.03552516121682168,0.37175739182912915,0.001972587868022761,0.15073659659416078,0.6721494959203728,0.005945260999039376
-0.1896993173104239,0.8897410101182965,0.9023841760725133,0.7499528204712591,0.16081717185320776,0.5195706323601182,0.9240587566572032,0.23777586128671863,0.939021382246014,0.429082890589506,0.9138900455724738,0.06371635832298676,0.485276990476119,0.9867384062521734,0.8696527056782872,0.9476275373184564,0.19356546376879588,0.6937042235114047,0.8361792793251175,0.060646408068350255,0.0025155318401797744,0.5677981703508302,0.6082939972394709,0.843272134702866,0.8787567361584713,0.7233056152172128,0.10896130469936846,0.012024838024545653,0.21069472383060184,0.16731151451312648,0.9527417699367686,0.920059239994522
0.6073486523735628,0.9981085923715994,-0.7473720611814983,0.3481323876199987,0.16123462137516723,0.7284119478258352,0.922104359436674,0.22465581977495472,0.893784734154099,0.5247146699882133,0.9079282584054165,0.08924650034073861,0.2962586805141125,0.7111672051557644,0.8560949016585316,0.7661070980438036,0.08372516340703823,0.9113331641573428,0.022909690012036854,0.002389658143591312,0.01241341750993102,0.10248934932728815,0.0395422245795226,0.846896527652564,0.6442259418312482,0.09129095902715349,0.0935009279558234,0.3540633117657971,0.09437672622096743,0.11077318138464903,0.09876789300221578,0.0018671957259843927
-0.10972679353837334,0.9990434896392515,-0.6089489434978408,0.748925895753112,0.1713681002152332,0.853269766816448,0.8959046933968966,0.20571167294378673,0.8938499395166286,0.9394035642199958,0.9049165261996397,0.08775006883260814,0.32791227191924255,0.9881758790080031,0.7252977861674389,0.765655797222129,0.047856356130849306,0.915542040749607,0.010204091620694192,0.002186920692313455,0.000933423797272551,0.009161970132670144,0.00394111028260263,0.860988205354682,0.06545364612131166,0.08802272496814195,0.03257537844165536,0.35655818666425315,0.8184612487456897,0.025191472006373505,0.9645086866006038,0.015192608120016935
-0.250362638758466,0.4633718563865786,0.6385088521830999,0.752710533092181,0.08810289458178938,0.8269944530390869,0.9052263264173381,0.2158779248274199,0.9153904566003129,0.5097531494727289,0.8750278048510697,0.09120645939380519,0.3099935597630659,0.8254310524045781,0.7880172193680512,0.7893032289337081,0.0015126712454573976,0.7458621327304508,0.17023980189150445,0.0004050922298232708,0.025001295736941494,0.5834481981100775,0.010226618069135066,0.587755385539096,0.8035252301239457,0.02487739214778851,0.006540681081941519,0.1755520073430643,0.17262027711840222,0.047204212352218895,0.2560255540308483,0.01903874617815875
0.46648192393703963,0.9494657234016481,0.9014418140085703,0.9736056914552647,0.10872717251178057,0.9822028984115877,0.9444176988611833,0.20900908168767854,0.997934426290463,0.9368865742966185,0.9473956223340142,0.10749530600934044,0.33019962843318573,0.9995027192346118,0.8621007373672486,0.8798563863191438,0.6890152120240793,0.8713098276189123,0.6859162278735434,0.018471753197344155,0.113524964608398,0.6208103454357083,0.04701678335144185,0.7414983861853384,0.7921471449196936,0.0012602362960365335,0.09369228961648801,0.5943358724496279,0.7825121158259819,0.5198539048358293,0.9560357683855453,0.01869388276372425
0.49765576511407267,0.9494657234016481,0.9014418140085703,0.9312220840510202,0.11109205672531633,0.9820467662984225,0.9445603568008428,0.2087685375228135,0.997934426290463,0.906862283893664,0.9412926604068678,0.09448237201213293,0.3310014033456678,0.9995027192346118,0.8073386225661342,0.962520380889647,0.6890152120240793,0.9056297337800223,0.016019641440097737,0.019967833899449648,0.17326226072744377,0.004274677247630754,0.01607997358708413,0.6721554533278981,0.7921471449196936,0.0030115421049385013,0.19467141721093412,0.5943358724496279,0.8624639046993041,0.4558489499377683,0.9560357683855453,0.01414626355035108
0.5980102139846437,0.9770833577025925,0.7483280254290263,0.7180187750658154,0.12134301533245914,0.6770078734507926,0.9234284761989581,0.21334800227922304,0.8981687668684467,0.7804664048620202,0.9144045139398849,0.06939047701262721,0.2724152837083235,0.738450273552459,0.8555857085453662,0.7849749954655054,0.5285726526327633,0.35612673924265503,0.030152896489674147,0.01110381842682906,0.05285705075821501,0.001587953726372146,0.007567870111044807,0.8447556498040655,0.8342495744506302,0.032626518182748185,0.02129189579368125,0.41416640920791037,0.09557293446860296,0.8425055886193783,0.2073674157246429,0.014574311900134855
0.24577013650652957,0.9467291628234549,0.8361157000374279,0.9748030096215567,0.16937586199068205,0.7899026722720309,0.9189586942040895,0.9734619886287397,0.969865110158631,0.9536711989015715,0.9115358487339681,0.10816201988491479,0.5741535465368722,0.9991880994800231,0.8572305213951109,0.8889470176522651,0.7093368137890845,0.9015576825126572,0.036720768760713424,0.005128903091756629,0.08026765126361912,0.8756814226910239,0.05841493332440935,0.8563480265384255,0.08623401950458559,0.11638981494892928,0.8990951976285304,0.6199044826531152,0.8950872018669974,0.8985445761452371,0.9541215322567217,0.03860370951552708
0.06351463698342309,0.5844305925549366,0.7876445912939197,0.9913885615414797,0.03874466253122502,0.9955540035139213,0.9498940533075546,0.7515632265148926,0.31878744784892327,0.13042165951549237,0.9216639122021202,0.8974821590084303,0.3687796865886309,0.9711142027995815,0.8792759972732768,0.9728412123956983,0.8582308418743896,0.6338159841201949,0.05934664540798981,0.8586625566664865,0.05419750750841587,0.5741065381925722,0.4705035441652517,0.7782308868416267,0.798691479187092,0.7516674446348074,0.903565260597351,0.23758429363283956,0.13766913069399417,0.5175313298945627,0.2914879062386784,0.9730298684722052
0.602625935693695,0.9139811499123617,0.8384393267284068,0.8640773914476466,0.14120040703953257,0.9201102799007389,0.9202017151457113,0.20427170984996268,0.8903210778035847,0.9478412973769439,0.9051324168323568,0.09893630256365211,0.2901988347807711,0.9561922749675107,0.8777853860391949,0.9972231765327473,0.03508733306503513,0.3221388165256163,0.011746938477648294,0.006874219975613733,0.20825158637356145,0.2067264007438654,0.9167967624034797,0.6180500343241658,0.8795665341491004,0.007133340666164148,0.03780932991246118,0.40655985910610415,0.13807006388224366,0.987417202669874,0.31614172051217815,0.00679048673830196
0.4677135188535857,0.47494477028979326,0.8141194798008334,0.872606462471938,0.10848993848774717,0.9270032053140955,0.944382803107087,0.20867611960806592,0.941460164062861,0.9476757518804784,0.8808031889371184,0.08734886973367244,0.332238395898681,0.8822838787225638,0.8779224309174188,0.7786611045845726,0.7119750647486209,0.8844421024683038,0.005990836923766674,0.027301628939903035,0.2254842111615782,0.04612994857238578,0.008052767991882238,0.7898064444444013,0.0840774477094613,0.0008972447109744653,0.0027574366304239095,0.6165103736246702,0.9516802303584531,0.3710616370697146,0.8742693511921528,0.012176014316832285
-0.012348502043687537,0.9362526859785028,0.8561478480998665,0.7278265292852634,0.15982387497435124,0.9416857014070991,0.9177355677804384,0.21869405744434603,0.5501013126322433,0.9404907442415795,0.937804471983095,0.7726965702793656,0.515541480981896,0.9518681876621568,0.8623934156558657,0.9716877827900252,0.5623974749399763,0.6642335878953185,0.026255055492737406,0.0538971708419684,0.018929333350820397,0.5631277216220267,0.04935224636489586,0.5514489220610235,0.11951080661963315,0.10667179177757966,0.08921384743966011,0.8433531686866316,0.7255965899594345,0.012127371675314837,0.8822596146021894,0.6016290971866786
0.15823731746641437,0.997291136520463,0.8562403195865844,0.7799964346725958,0.1722302362965479,0.9365541445773289,0.9102422011892098,0.2068126033441816,0.8938499395166286,0.5071007161206562,0.8965256700736375,0.08924650034073861,0.30294933916843114,0.8948033050457302,0.7132412769085922,0.7783560174824473,0.009153007946764102,0.898809369430291,0.028682969428094396,0.007161978711806001,0.020827228197634533,0.7970012561386088,0.0009570334726198043,0.8470214908571417,0.9966668105051949,0.031548670327797505,0.22334771410701743,0.3562511649097583,0.0033895420988482496,0.4869975253217706,0.22669284694485536,0.0006139724147813386
0.5343643133565832,0.9830697579829515,-0.7562792950674571,0.7704992548584921,0.16174283423476277,0.9280989379462092,0.9229824340629363,0.22531618906187711,0.889875333774465,0.8823227672987067,0.9001189558006036,0.08091009273484306,0.3190190438851765,0.9932335553685505,0.7972073557818222,0.7847751900613187,0.6610394971524366,0.6123509607833018,0.010138727880664666,0.010284849468739643,0.027602230486601275,0.47571014816532814,0.08101803242926231,0.8406724541230326,0.6355162380169338,0.034530871483567295,0.16377490879536724,0.3712114385505578,0.0033895420988482496,0.13968166389045034,0.761267954760042,0.015304849903670606
-0.22762211917813047,0.8447951154849791,0.8470989699407179,0.7569333331870202,0.14067682507430096,0.9783995748938501,0.907737670362161,0.22433735668737517,0.8557109033629571,0.8800500996835132,0.9150872177259585,0.1047868898359258,0.32228649300713647,0.9722398764763424,0.80743553033692,0.8134799196101109,0.04952982329326147,0.7495715427435028,0.511058056155973,0.04043318557845106,0.0017618258979388776,0.00908159621366256,0.03875652708633187,0.8539090410373198,0.050306275448907645,0.111199064302824,0.04900007361190997,0.45290991174937334,0.7485815066324231,0.9836476907320888,0.8548340494458571,0.0035597008087183413
-0.284736187015981,0.4874406614135364,-0.805952694267192,0.7499605415536353,0.07951755525727403,0.6895134591107359,0.9082348515236842,0.22374230287368546,0.9500140881424602,0.5730186164306708,0.9123405052949024,0.107686983571737,0.4635769040337985,0.7356188733896885,0.7706832782884285,0.9757006599461364,0.6356491374958164,0.7092799739484501,0.017547069704290846,0.05420138446125777,0.026213422086593982,0.6557396498960019,0.009508314511442885,0.7603564951195886,0.7913940366876839,0.026165903991535323,0.04823017649424788,0.1575195102521933,0.7351277047805419,0.06256521661111356,0.671823931282266,0.019097173685902507
0.5865857671205132,0.9546045568918087,0.913213775396774,0.7941152091802891,0.13885639387318707,0.892992065494733,0.9263855354605821,0.205873976106456,0.9160015053120334,0.8869362527402064,0.907507552092963,0.10359260669095331,0.33503330118360647,0.9850368856955958,0.7726952263453003,0.7788911325668424,0.44414734102930814,0.6156174692453761,0.019603705739408978,3.477698212907363e-05,0.027154925582131673,0.7797990423084586,0.920335717106386,0.8462957713540986,0.8050558403608733,0.006886369503745487,0.13883109621049236,0.40967084316385755,0.09667960260563557,0.8760064589718959,0.8955063712290171,0.0055307690819139076
0.46648192393703963,0.9365577884593619,0.9014418140085703,0.9735060812923759,0.10872717251178057,0.9822028984115877,0.9447801072249437,0.20900908168767854,0.997934426290463,0.9361484161345384,0.9189490180054858,0.09455253807046825,0.32997631842966174,0.9963466051399313,0.8621007373672486,0.8798563863191438,0.6890152120240793,0.7233527242200596,0.4843495175460178,0.018498210553611276,0.031092143718196852,0.08865041415423275,0.030988990061315905,0.6957086977818413,0.10105933509479664,0.0012602362960365335,0.0011862372621396639,0.5908660273319608,0.8015689905562355,0.5198539048358293,0.99879154263597,0.01866057345604382
0.14976449688932314,0.4591178128373354,0.9037283908063041,0.7453376676136817,0.16544412092383692,0.9116714129475763,0.9239698637401339,0.20883012289571634,0.9134924561102995,0.6081247324497898,0.9200225026448003,0.10496582652901587,0.22503552730133874,0.45897515702704955,0.8189699072951707,0.914560442089256,0.17052137648686747,0.6009222592896313,0.18477847764292565,0.011491275942051588,0.0557086398029031,0.010364451280440251,0.01567235654086908,0.8132477056988505,0.6297381394741979,0.020205065003677157,0.14275797469767976,0.34627514532041176,0.7625911997868406,0.8492493610122345,0.026847438988727435,0.014581166808383032
0.46285231895621237,0.9649563164564846,0.9016317541042228,0.9462788404445968,0.1060259415346804,0.653415275166021,0.8738536571536755,0.2088064430587644,0.9925206984961932,0.918064881970879,0.921574481389285,0.10819850964565261,0.33043647908473806,0.9926655731884528,0.9388296734932675,0.9934444399611945,0.8695036628133725,0.5646824534430084,0.45821616070090637,0.027562257447337524,0.1736761277963146,0.003575942146623101,0.04149889856358986,0.847142419467444,0.07782856585648013,0.0035284954850555578,0.3318006122327515,0.6126542713354658,0.016812956174725446,0.4109782969659439,0.05841361610508394,0.01887921918201453
0.5486800593108732,0.4782673384460726,0.9115071497041957,0.8374158045571366,0.16611052206518748,0.6193958267763805,0.9266464284356295,0.20547220829367638,0.8828078845467722,0.8999693539912768,0.9070833680956581,0.09382497105172873,0.36572415444430934,0.9521722292475938,0.7779965378694441,0.8175210332005811,0.05437012675372213,0.4786191393718361,0.1576918797635851,0.0023197964481791265,0.028342096835702272,0.4908546507949158,0.00926047921737378,0.6199991408414867,0.14249836206391783,0.08441864009511416,0.0915061863527599,0.4588643078513161,0.8214148766404994,0.3826607041501988,0.08038729890048514,0.005950836555058317
0.020243465279066772,0.9539601058263585,-0.7680020724460802,0.7076643066033221,0.16249067482890006,0.7199564157134495,0.917582970739674,0.2086568876724736,0.5508349393893796,0.9495551311449477,0.937804471983095,0.8282299877494416,0.5411110926312271,0.9512505403986253,0.8652385151332491,0.9716877827900252,0.003461484274458332,0.6640628701898827,0.00516473394515049,0.003885456876116522,0.006186286565129012,0.5698879155276912,0.01577484245788658,0.7587461485935467,0.11693219862243348,0.00206346211276372,0.09310714090175853,0.8439232085133573,0.7240339245232331,0.011663213046948506,0.8415573491324528,0.7185552234705861
-0.2508534902816916,0.4944442558112781,0.887446958287214,0.9535228192669218,0.09620833435327186,0.676727366512321,0.9067516960288124,0.20495482019775454,0.9286467394784901,0.7389476306955278,0.9146378013679095,0.10761621230356945,0.5159735745341074,0.9981670563384993,0.8065255311935237,0.7605157689220529,0.29099058080597423,0.7838674766904815,0.01057993440056617,0.04945482061439044,0.026039301104774967,0.030446486465348366,0.020788030679777643,0.8460968471511631,0.9120182483052028,0.10115928036349281,0.08459106124953708,0.11588217858103123,0.735841702120643,0.18341260291440278,0.9505733511947755,0.018556320574712376
0.598913574878685,0.9979307545010955,0.8548364435218749,0.7799964346725958,0.1722302362965479,0.9227597025644944,0.9223078989256621,0.2068126033441816,0.8938499395166286,0.9821375597659247,0.8965256700736375,0.08924650034073861,0.5245773921956904,0.8948033050457302,0.8583838409975766,0.7852456049474185,0.6824628274639724,0.9092067381526392,0.02317296997342168,0.007990041323199294,0.05293570186252798,0.7970012561386088,0.008251740658151386,0.8470214908571417,0.9957274429844731,0.034530871483567295,0.21574459935720516,0.3548003283071516,0.002952936437618403,0.4869975253217706,0.7502180415459472,0.002822289389424814
0.5307557663569162,0.959235466125236,0.7898680544716986,0.9459300028364271,0.12713650571332433,0.7030156685747685,0.9460230978210813,0.151276142814889,0.19442263441389235,0.9321750827018931,0.911527178035813,0.06333675574311676,0.48518572269151033,0.985213214223764,0.8651832879730506,0.9723745736569351,0.31738089933771996,0.4164552989947508,0.08517610091158812,0.05842044269279599,0.009104496741230289,0.05173750721138959,0.04966177971728915,0.02539021370476774,0.05720468155315295,0.7410639143453451,0.34259733667805214,0.009873524587417193,0.8560510925968452,0.003279407342445873,0.8871014003716307,0.9469633387871037
0.47371259932410803,0.9111296445418907,0.9102549017363009,0.8282824565354214,0.14081035831481006,0.7030256718855135,0.9202233844745311,0.20935514655723575,0.9340335371493145,0.9500921756297929,0.9136803064270504,0.10791148626883804,0.6420230239244586,0.7744128702846859,0.8702418610766293,0.813674322794311,0.6822578184399921,0.13647576537755673,0.004978299717839668,0.0014832825651074182,0.05358645352057273,0.4863771152336856,0.02580093764289145,0.820108562819946,0.08623401950458559,0.02653575247278677,0.9484703967714365,0.35398071719262303,0.8428103307137084,0.0713227375015058,0.1726513821058696,0.9225536651364878
-0.15238737925032603,0.4164080970024473,0.8474021123491142,0.7112978925765404,0.0880412898453985,0.8309429389358721,0.9108505229932893,0.21625437451325924,0.9241312359838383,0.9141327830108126,0.8740824370550822,0.10410346768223133,0.28619057386251306,0.8247006108991934,0.8039841290590276,0.8068239267902071,0.673570688618635,0.43174000276450974,0.016543672308536983,0.04196897732088569,0.037509074304184584,0.5879191529120047,0.015086388744509821,0.8462695264984723,0.8985349383307932,0.06717894438797656,0.08348812973664928,0.17596432666977657,0.7445995018270228,0.08675628183202075,0.8934015211056932,0.01855824302558995
0.20913157649780567,0.9442175149916983,-0.7423934270171331,0.8087392977528323,0.16072058626635047,0.7278605598960756,0.9223008354977913,0.2185597342447068,0.8938538699134069,0.5247146699882133,0.8964825672051797,0.08939170681146719,0.3878453924530713,0.7111672051557644,0.8691136322889754,0.7660542982994234,0.09067807855710336,0.9539306815418503,0.018446906071781836,0.00027918609076398385,0.01241341750993102,0.08939717429797303,0.04838278084866942,0.8520423338333761,0.5999486000732839,0.02988789461883499,0.0935009279558234,0.35648932207235484,0.08319089547237263,0.11077318138464903,0.09876789300221578,0.002883443951226875
-0.524620361124311,0.46894545067805293,0.8052717564771648,0.7142174342883687,0.16283914681462566,0.7044878062134126,0.93283130092479,0.2059486629958184,0.9022350797229499,0.515776744422737,0.9040379083074538,0.0984825545659069,0.2957116420852034,0.9866890891444737,0.8403327064907998,0.8556830633957756,0.7075160566278003,0.34524659283298886,0.009285206835540906,0.0037284593905595118,0.005510636017017156,0.5947863672692562,0.018490531523672256,0.6679057273890421,0.7462970110727424,0.018397300377784018,0.03687497092048131,0.4873586044889947,0.04053342212019406,0.14273706798644428,0.9014033865498641,0.01811782158041789
-0.24399584021057016,0.47746992178740405,0.83474989776054,0.7470119071669492,0.16037680072029142,0.7014522859485787,0.9232022585328129,0.20735728333016556,0.8840478966764211,0.4647489877956796,0.9074216044140879,0.0994052952726493,0.29786738091404,0.7310077799071518,0.8219079725860499,0.816320194155165,0.02580148931028345,0.4247963952838393,0.04589522495861642,0.0033388849002265707,0.028342096835702272,0.48355491536798006,0.03856038945985402,0.6197450490074122,0.7863549062541219,0.0342081985755639,0.010008522342468684,0.2595320647791713,0.734771116314608,0.07030373176930887,0.0723740817266535,0.0017830288387764377
0.5912681032918528,0.9643733074740392,0.9452937808298602,0.9853671604298773,0.12737296799062015,0.9774699604651774,0.9443412993221988,0.2088064430587644,0.9303593239549166,0.3224851941918113,0.8787487204438141,0.07562805731050018,0.33153842828563096,0.9561572890608054,0.9388985071999517,0.9971737982091646,0.8601798988378015,0.929424901525952,0.9861774767502693,0.01684669043587335,0.22733406632012118,0.8713094404108137,0.0443950300496779,0.8437292128604469,0.005020207615148875,0.00017213802112491655,0.3318006122327515,0.6223923600243745,0.8096880584688688,0.08078341179212908,0.058224088121879555,0.018005456172600062
-0.22199987418466438,0.902953817627835,0.9352473591495591,0.7351405822107412,0.1649890662667868,0.723014134885132,0.91874099238818,0.20659789256944294,0.9039790452555097,0.4608430944791341,0.9103980578851149,0.09951368970764742,0.4766907071515185,0.9731199038525123,0.654726752329134,0.9987078289937734,0.14686062180884624,0.6239181165715322,0.004401926441806838,0.001372630195121358,0.004069984698797966,0.49395147742334033,0.03954381931585807,0.6179652453934406,0.09674587640442034,0.06526712405027882,0.25211397901156885,0.44706815860423066,0.7780472747455094,0.4721878873056039,0.29465154710051766,0.0038450787272299386
-0.05068180510880202,0.41846023866005877,0.8079194973215013,0.994328511793916,0.15886948574029242,0.9970281779284949,0.910691698159182,0.21307660789060676,0.918540502484764,0.9707723982379124,0.8980091730944223,0.09397529682769301,0.3282567461038449,0.8228166817404918,0.8925804332112512,0.9541390278990537,0.7419000304711606,0.5520023109647887,0.10693690454891122,0.0036052703337144595,0.030428960383858436,0.6638622391337289,0.0009760030713316815,0.004401284665756011,0.08768832468492971,0.0021276148076195267,0.004114555653968996,0.0014156949061631626,0.8437262471984535,0.44920873438823816,0.2069598250371581,0.9857622467609575
0.010219369565165573,0.4462293835424023,0.8310623552142918,0.9960869789369688,0.1401378029382308,0.707310508874577,0.9263740323975901,0.20532099360175218,0.8837046865072186,0.9547035524379159,0.9075958923878498,0.10592007425845572,0.18479606630430906,0.8617847562240668,0.737385895853132,0.7430527961671327,0.44174887225346277,0.2272399339018104,0.21557133337942253,7.819271972192565e-05,0.24523009386490952,0.7723191835826317,0.8296572013004981,0.8462957713540986,0.6335271646710459,0.009453522337451198,0.13883109621049236,0.4091557723357735,0.0698451003448421,0.8759953620721451,0.8818900840153484,0.00595785759066154
-0.1906936510975642,0.4719475388694844,0.8717359502489086,0.7315339794859339,0.16446853885571194,0.6547427555318039,0.9000851203397586,0.20529983803911436,0.8898683241241048,0.5178182749764207,0.9100280653664681,0.09382497105172873,0.18580275870258617,0.7310077799071518,0.8171539061391813,0.7659663747239407,0.10206699857891205,0.482979637883559,0.1279355790463627,0.024517240339371197,0.05285564384550276,0.10757151705903102,0.0058557149025694755,0.6244740243909648,0.09983552215624192,0.039090204774464676,0.09182573894065967,0.4473364354713927,0.05798540270243008,0.3237122065320567,0.3324077725363953,0.0027144970025095305
-0.009277040460467623,0.9412914470955647,0.837930431585023,0.8008790654620735,0.11119804688517218,0.7805214883132418,0.9106087671417934,0.2171212269227144,0.8812863906759221,0.8841756213265949,0.906157800769905,0.1000406129753489,0.33048348547246525,0.9528869317180371,0.8604118796480597,0.7880809988701314,0.010536547500182692,0.5301250544388059,0.4864984093112836,0.026209233029684774,0.0078076600011660335,0.020219174327295843,0.0019499178895029771,0.8136679048941491,0.5828671065878193,0.0021413086783910826,0.1428159677901246,0.41663575149121923,0.09028397104466696,0.0756600999888569,0.9428227803827531,0.0005961383869286085
-0.17898285835424346,0.46788761128976036,-0.6732460074693716,0.5618131956045197,0.14345297535317836,0.5855352102732481,0.9231113581242684,0.22465581977495472,0.9141989340011754,0.9384002657078189,0.889882252405824,0.08954517926830584,0.38471958779206,0.9870751554276074,0.8617263880328164,0.9718254788651105,0.02136765624921093,0.9105909124100122,0.02774189830865892,0.0069735196177479475,0.14912509166693705,0.10248934932728815,0.001284045759638336,0.7912643466192261,0.163570054516949,0.0026590111058258092,0.017321990422863344,0.3539714289184581,0.0033722412949383066,0.1512083414794572,0.8376893389060638,0.009046629831578458
-0.3289092739848235,0.44951679429496544,0.6414461115494295,0.8442739462690846,0.1579419096881233,0.6185836438483979,0.8871477803334015,0.22575755783900545,0.8889091949835829,0.5181320633212233,0.8988232697245436,0.10559178240623598,0.5257339899719359,0.9884697729949614,0.6783222319099136,0.9625957147029341,0.048836061834438727,0.4283657325984662,0.14175981087225453,0.004420422664248913,0.4642667315060049,0.0475022941740586,0.036797955413533534,0.5862808552447033,0.10624859865507286,0.08453682538390804,0.09192020082005442,0.2718045595819617,0.858043785215795,0.03670157320736417,0.010316078337793688,0.013633767066712871
-0.2857836298312897,0.5371423965734877,-0.8084009031371427,0.7489611222919252,0.07951755525727403,0.6328549361008137,0.9082348515236842,0.22374230287368546,0.9428175212450475,0.8878717687625959,0.9122285543881287,0.10770094119686784,0.33402427420703834,0.9871026916063887,0.8112834406957453,0.9937025090705912,0.0796605242771069,0.7239029075230559,0.014506321939516453,0.028123550833805036,0.06436325452818743,0.6557396498960019,0.04798553085023738,0.7711267170289241,0.19588317773116487,0.025070799978331004,0.09334419015864928,0.1575195102521933,0.73765588875202,0.9276373552889579,0.9757073803252696,0.019432117094526347
-0.19996218769648233,0.9107220899991098,-0.7562792950674571,0.8897357731850811,0.14641450989474286,0.6702163076250562,0.8820744148949051,0.22462633556768277,0.8915322736629916,0.4549999974454488,0.8966167826238723,0.0942013395562637,0.32512826601948863,0.9570293447530943,0.8434226299562007,0.9596058907835381,0.08372516340703823,0.32123195320448816,0.010138727880664666,0.010284849468739643,0.012304063905945493,0.018519752675720286,0.02227980033508037,0.8502169866321923,0.08608376403005452,0.0185514718267831,0.030886119064764912,0.3547867490154082,0.7529523781936398,0.003218477747356348,0.982552642471306,0.015304849903670606
-0.21137897515682436,0.35751284704259156,0.8079747034994622,0.6862850627774011,0.07964891360147937,0.9725406664013969,0.943845109917693,0.2181939997333089,0.9402154634877168,0.6373348877909192,0.8897993003189347,0.10788829608522126,0.3020856109164609,0.9660901754722702,0.8551547148106846,0.9741864369036279,0.027432890653968395,0.007883116443723581,0.13881371715859642,0.01263696787439638,0.059566944291643956,0.535625001054638,0.021315247134184354,0.690481795916123,0.9064875160490993,0.02566602884513228,0.037689103662943396,0.16217268949323677,0.7701860757097226,0.9562852489747977,0.8740920319838172,0.015240170543040832
-0.2245363864209731,0.4736885483019039,0.7979855217913832,0.5901441053869305,0.1278382599504997,0.6908956260199879,0.9414833891789273,0.20693456895005066,0.9373100782222683,0.9531575085281059,0.8781905522862735,0.09582578075053685,0.32888096788863497,0.9495956673690543,0.817457155944484,0.7869632122246486,0.01494008420255366,0.7019756694115186,0.01267056128197594,0.0588060664053134,0.2406708278132275,0.07198741857054172,0.022803447320614553,0.6618256328200304,0.015826319007891,0.10232429461885678,0.08644724084381437,0.28728905974991814,0.7514249459414193,0.09351312640159294,0.14469751011058601,0.019000917925608363
-0.2164556622081165,0.9981085923715994,-0.7473720611814983,0.37305439929256523,0.1605900075539149,0.9302322818564157,0.9229438632650222,0.22474735179149566,0.8837094196105041,0.9745980817241651,0.8964825672051797,0.08970679978228135,0.5119015441152868,0.8828200333248627,0.83552384356355,0.813495328390893,0.08372516340703823,0.4910084450670883,0.021100580131870328,0.0034956436189793206,0.012397159121241678,0.5008157805644783,0.00394111028260263,0.846896527652564,0.745263497976671,0.08585600411703734,0.09350170633859686,0.37321759770415774,0.7995253875536735,0.07659675506757271,0.9750654936782456,0.001862083857203523
-0.20788495588594258,0.4509895450565235,0.8389639734933866,0.8977087883765572,0.12024908771761739,0.9547710025560194,0.8663379474706072,0.20831580048330844,0.9179864657439619,0.8807988691398304,0.8783483993306894,0.10544366823022067,0.5004407949264591,0.8510582583627893,0.7888165746920414,0.7665049399968221,0.03842892431932529,0.6036544928145298,0.0023932556600881286,0.060147095511312594,0.007970262750424395,0.5706289973903806,0.5142729268078231,0.7047971978483355,0.001288268874095,0.03097832136900044,0.1278619068285454,0.14290736438749596,0.14980532489454793,0.07830076793695766,0.04500348397779236,0.8619073407720356
0.47175291148822207,0.9992039768119768,0.8520946196052335,0.9465633187900194,0.13605840928835478,0.651186669902923,0.9448993072958106,0.22357100239606814,0.9908810905285981,0.9802310067582655,0.9142819405795307,0.1101160944546537,0.3299790190796837,0.992794838772375,0.8644382843536369,0.9975841044102353,0.8608090675990052,0.9198488416860047,0.3204331679887848,0.03930932662445877,0.16865475017353357,0.02167635078295521,0.044030990706085904,0.6748508222892661,0.646907472916715,0.0031605375259809096,0.3318006122327515,0.01363086834798849,0.8643590011681082,0.4264627470220009,0.8544304934105476,0.019443791353555548
0.13649922584661056,0.9606101782846468,0.8588475894273685,0.9670665918660541,0.1414670788738076,0.707310508874577,0.9236591870186895,0.20630434740902176,0.9454541839655389,0.9532146091031619,0.907567893327282,0.11827622175541885,0.3491425781473698,0.8598938275084215,0.7745457322610886,0.9227477536365568,0.6014648910854933,0.4131172148482972,0.48671157049217983,0.0005522696426454158,0.026761422901710255,0.11466199459017204,0.9588791456006853,0.8453461785567227,0.6297381394741979,0.03469097554073864,0.22250659711995627,0.4091557723357735,0.1077163528712799,0.905094963627449,0.944933136773008,0.0060266131238530425
-0.21137897515682436,0.3627627464180968,0.8079747034994622,0.7107387238825241,0.07964891360147937,0.97016554162598,0.9134187168034986,0.2183037958711551,0.8874793583914447,0.8082164536640069,0.8897993003189347,0.09487864695260771,0.29741295080148106,0.8697041759623857,0.8551547148106846,0.9741864369036279,0.027432890653968395,0.007883116443723581,0.13881371715859642,0.01264432079245495,0.06818301836448677,0.5587493356567773,0.0022630615479710924,0.690481795916123,0.07066328114633186,0.03437390255063426,0.05422241505085896,0.16217268949323677,0.014525074766784496,0.1263364407805046,0.693005146164718,0.015240170543040832
-0.22202673538686304,0.5464027904440912,0.633362650444062,0.7456789682325837,0.15829093265512623,0.7094415955900892,0.9262850255543738,0.2242459451887342,0.8879923098682204,0.5111934604305307,0.898794809874725,0.10574499369453161,0.5189205020900762,0.9890701724672699,0.6882185767584509,0.793626311205008,0.044201816658540956,0.07004153270522159,0.020461743019563997,0.026558480818511122,0.09453583492368905,0.5566480259762641,0.020988576324271445,0.6203341858691345,0.04195974438712068,0.03532805642510646,0.08667680858705899,0.2718045595819617,0.7904014572664942,0.05562262441452431,0.1836807878752506,0.0014455886092504065
0.09971015328478877,0.3732034915746561,0.8863395755299889,0.7281815084521494,0.06431733117455608,0.9468305810497644,0.9318468810828412,0.2229691970548225,0.9467386727733159,0.7606280743457002,0.9260757641340108,0.10121539919631167,0.49707049947410437,0.9934458636885085,0.8033113857547356,0.8135706629496418,0.052216027708304476,0.9767200673805982,0.5467877629403595,0.01180433228556681,0.0063142316772565625,0.6639219458310156,0.03915563061711515,0.6590678466626598,0.09752822754766599,0.04558547403876491,0.01735604363188409,0.21590704880725362,0.8552191542817601,0.9354324558237985,0.8756214332039033,0.01854801417313197
0.5672756941908778,0.971813497548599,0.9464470832107659,0.9538149319823769,0.10721228552737802,0.9571072469025417,0.9444176988611833,0.21335916756856393,0.9184177509875184,0.6576129719489101,0.9186266206304983,0.0651710696462321,0.3762731819777067,0.9409502147653903,0.8497933048017354,0.8816427483985593,0.5990929149453033,0.9264494392210856,0.6996007695570762,0.027060145629556262,0.2392067740829597,0.099721044001636,0.044030990706085904,0.8009708264092017,0.7503653004422676,0.002326896138303773,0.07676224249768587,0.6165103736246702,0.8032451964446962,0.33084989058687897,0.8707824861347773,0.01734194424373653
0.6025707772774024,0.8894906264212218,0.9014418140085703,0.9736056914552647,0.16115255836320352,0.6827151131637019,0.944037062675416,0.28465735891260063,0.997934426290463,0.9513620357133793,0.9019257975567335,0.10506900845940959,0.3342872671934839,0.9455311289303799,0.9095514811244932,0.9274388494918537,0.6889879496812689,0.9056297337800223,0.5060322520462442,0.019915600133173755,0.17326226072744377,0.012295673460480105,0.04501163554718614,0.6970216498245418,0.6381222080888613,0.02065027089583458,0.002816349970599874,0.602900843279629,0.7827546123011884,0.5198539048358293,0.929997718417283,0.9934836768924962
-0.37322491558219717,0.48736497803396645,-0.41521823637309835,0.7614816608640703,0.1660613424380532,0.6009934365597365,0.9244134361908296,0.20533338538613266,0.8881420010891595,0.5367955045692606,0.9140029323204972,0.09370515432094713,0.27157030139617633,0.9043091478549781,0.8109912317008766,0.8199516344930214,0.06571043212019148,0.448633228441432,0.004210073447973833,0.0019376246090602664,0.053070662009567476,0.5824411161887775,0.02254720515204251,0.6251110574611036,0.03949317676983155,0.045531692259344586,0.11746574892140288,0.4412384773256415,0.8069018539248171,0.057205202844219365,0.9311033873186396,0.015314763028743421
0.5158926861805823,0.6783866026166229,-0.8854286764197993,0.9670991918061317,0.14278993357086703,0.8805322004702406,0.8896803320303025,0.20501219878980656,0.8942840448680847,0.9805700063425652,0.8951275234713126,0.08875564821675423,0.33638644376064114,0.984243242506927,0.8460082840898018,0.7906073000488617,0.016575066651021875,0.7000195700287253,0.006531386676945808,0.008185125473893669,0.010862077716785046,0.014137217279031174,0.004493095336835355,0.7383268252619645,0.7677337700907851,0.00793336763592667,0.09065563351360792,0.3493481703647272,0.9892342975483883,0.019223657341256563,0.8930141700685391,0.012187290824019195
-0.20740831798253723,0.3748459752223882,0.8212083617026014,0.9961591897454529,0.16044536234203516,0.6796937870864043,0.9379456438460981,0.20491974732979715,0.887473585871124,0.9885325818514216,0.904063864801356,0.09354501237287871,0.3499120889576437,0.7538222648669607,0.8509772378927164,0.7633503271991444,0.08075017562485282,0.5226128058595659,0.030451736514981204,0.023686640166456403,0.005006768992953827,0.5923873946919856,0.006849021904918959,0.6196493646045835,0.015850957550098566,0.006178158855820036,0.05146812643415064,0.2354335982772982,0.7549238792924038,0.38657766883274114,0.8258227995660555,0.0096830902509589
-0.22762211917813047,0.1525661492935882,0.8470989699407179,0.5742935409903117,0.14068665068056316,0.8787956325995988,0.9232437390835766,0.20773733949985562,0.8875210580798946,0.873345022820783,0.9243142292518384,0.1047868898359258,0.5027333384661226,0.9722398764763424,0.80743553033692,0.8135706629496418,0.10382149191855583,0.0214629554703836,0.5458939623469977,0.009833838148667274,0.0017618258979388776,0.0030912044821751195,0.03571675467468345,0.8450465822421549,0.050306275448907645,0.005771009603466165,0.03578372036197049,0.3015639156709362,0.689812495919285,0.9836476907320888,0.0006306179803439171,0.010024722328819385
0.06821968651783368,0.9756702664611886,-0.8097394849763124,0.3738312993725846,0.1549880966822388,0.6883441850753991,0.910984808230675,0.22287809135041883,0.8938499395166286,0.9332114928198775,0.9103630919260932,0.10559079681884681,0.4986410466670119,0.990542453890771,0.8645362456818343,0.7701747056554231,0.8356722033875393,0.4718955848318432,0.1416296474612872,0.004095842454110984,0.028332334520324992,0.0496101039528094,0.0046394521758648145,0.8353249908192205,0.1530499379817859,0.03480553283020928,0.2612528322981448,0.3711235647918615,0.0049973155509278055,0.2126849353652644,0.8951274602641031,0.015568825054667789
0.10102558745490237,0.30923215512952035,0.8838932192380785,0.9685062941299952,0.16346739203916846,0.9467097219342347,0.9241163025603248,0.2229691970548225,0.9467386727733159,0.7317495868485917,0.8858378305784642,0.1375851350489048,0.37236076811177804,0.9934458636885085,0.902997452802726,0.8135706629496418,0.8293439384749118,0.9758449785167101,0.533169075081775,0.013729391103934466,0.08624576794651823,0.6118610528065506,0.05427886470648342,0.8341331752130803,0.9481471659787573,0.0644737459485657,0.03043470851180646,0.2878034586809612,0.8074080858426146,0.01793933648344512,0.8939898741280174,0.9761170335597009
-0.040893791408534,0.41371254834664695,0.6385088521830999,0.7188006376934415,0.08780399892476883,0.6814163957326898,0.8656119650573616,0.2162065660040678,0.9138482901656345,0.5212012134171224,0.9618817840060958,0.09120645939380519,0.3825128057870544,0.8697460151499102,0.7300163660280166,0.6885728175176642,0.04556244130651027,0.10324201063925505,0.0037106381176502667,0.03926163072101256,0.033492489710323856,0.4489391139251542,0.012562748186407785,0.6611676624023143,0.01254485581545351,0.07449747986722415,0.024383877494007167,0.17818793681669734,0.1512501938323472,0.047204212352218895,0.0013872653013452113,0.019369621054643044
-0.2274953149759653,0.9830697579829515,-0.7562792950674571,0.7659028270576484,0.16123462137516723,0.9227597025644944,0.9229824340629363,0.22531618906187711,0.889875333774465,0.8663899166054447,0.8966167826238723,0.0942013395562637,0.3186864974662972,0.9940994546886668,0.7949372449718337,0.3717106605088879,0.08372516340703823,0.5476439924702657,0.010138727880664666,0.010284849468739643,0.012522278483763714,0.47571014816532814,0.08101803242926231,0.8406724541230326,0.6761934035968763,0.034530871483567295,0.09181426242534413,0.36097610327089913,0.0033895420988482496,0.13968166389045034,0.6860585830794803,0.015304849903670606
0.16096126222143817,0.9522515264705522,0.6810932133711416,0.8796791787708724,0.09159078719897203,0.7107538056361301,0.8680241138262738,0.2389522554975021,0.8959998373330146,0.639821630227675,0.8952014039895301,0.08929274580202488,0.14618811662062312,0.8271484567024416,0.8422741940587175,0.981227800468912,0.0392417630667542,0.432318976920394,0.2169084549205066,0.0004800475533032478,0.005353307665053785,0.013495216483210615,0.012602646987677827,0.5916179985450106,0.024230382579731813,0.015544328460358529,0.11271377687122038,0.39400800699969474,0.7685486453428577,0.6362972824070727,0.21993075028890344,0.009357999249179766
0.14976449688932314,0.4591178128373354,0.8347841483683441,0.7068625122388295,0.16520463650888575,0.7543874930097909,0.9260624715469375,0.20883012289571634,0.9144874248243329,0.9074389615392194,0.913055082835357,0.10496384898112958,0.38127675428683827,0.9541497475016372,0.8264575405161997,0.9993711000337469,0.5419110457224232,0.6009222592896313,0.09905883219559933,0.01087970784580573,0.058162890772129223,0.0158532782439465,0.029897808875360518,0.8417248213709612,0.6297381394741979,0.11919214103071822,0.005407046458609482,0.4075911338606614,0.010488504206846074,0.9024922212203423,0.8450917525538882,0.01701813069438208
-0.10972679353837334,0.23266520334812474,-0.6089489434978408,0.754735560882387,0.1713681002152332,0.9227597025644944,0.8884934358849779,0.2057848797259158,0.8938499395166286,0.8839110906643879,0.9049165261996397,0.087915590539795,0.3339024465826985,0.9717804489642716,0.7252977861674389,0.9635802809656153,0.10471771225374701,0.915542040749607,0.010204091620694192,0.008324133652473774,0.012106227460241174,0.10870443455516245,0.00394111028260263,0.8470214908571417,0.9730721103325874,0.35227597090445445,0.03257537844165536,0.3562511649097583,0.007198694608203771,0.03113087579479574,0.9525433252846451,0.015192608120016935
-0.21137897515682436,0.4728240206056409,0.7856277791149067,0.7262905449570911,0.07808545245213304,0.7570369858213642,0.886005466492982,0.21818794276312314,0.9415626941329505,0.901122568758115,0.8968599998804822,0.10814698698387416,0.3070694145656719,0.9790549757930502,0.9293200215850436,0.9779567599680264,0.11881224032087023,0.6403608886105951,0.13657102616846895,0.023051817529600737,0.018681158024181195,0.0008585532080885305,0.04107769643679111,0.8211211756492478,0.08395293715588747,0.03405354538013282,0.1310566991233996,0.1615009007927575,0.7723816698899262,0.9910552391349111,0.005893404432489868,0.01921702737903468
0.5908614819567765,0.20775472378690932,-0.7473720611814983,0.9834758193056425,0.16264376711395484,0.7284119478258352,0.9049701026722878,0.20526614606754917,0.8938499395166286,0.5247894490145045,0.880148364416561,0.08924650034073861,0.3804235873505947,0.7111672051557644,0.8691136322889754,0.7662225550980177,0.08372516340703823,0.9616635298215871,0.009889127382272132,0.002389658143591312,0.012403943517432209,0.10248934932728815,0.0502298552194141,0.8074671789557637,0.638304886347195,0.0830422027229451,0.0915617314934751,0.3540633117657971,0.2723915842410894,0.11077318138464903,0.09876789300221578,0.0028611622965050137
-0.20521094072450657,0.9467368658818074,0.821149484850126,0.8029434132119844,0.16170032073887372,0.6308498074630657,0.9270076423682316,0.20669801421188028,0.8870654635473615,0.860632905516464,0.9164326895230642,0.09038583266027438,0.37679236242773667,0.9910585006431274,0.7376397852252062,0.7420309917961625,0.43561065965337364,0.486538328895488,0.14337026803014774,0.012471246430720312,0.02260455476329519,0.48235413560688056,0.005102145603275399,0.6051580122294298,0.11479923010424142,0.040789951458159494,0.11175897019430715,0.4384123590111801,0.809219953271539,0.9458682225075192,0.04332637661428268,0.0037336967996135177
0.1354039986206086,0.9351922000976329,0.793202042099154,0.7492665123239347,0.14177697647996612,0.6745167659223895,0.8853818339865265,0.21757240285730414,0.887857825870785,0.8660252159491248,0.91637151134826,0.09374410859211982,0.37900481599092917,0.9844446708742722,0.7525712317339988,0.7944618079717469,0.8505598568303907,0.7924397557446035,0.5373184228533476,0.04112581771077181,0.05733217404393347,0.016128811798769238,0.0407260427322945,0.6225630212748607,0.08548216406376546,0.02701692550338273,0.1462323039568213,0.3127526616128704,0.845197565194868,0.4139298379078754,0.35848417573670277,0.0011736923688960305
-0.6288725731900195,0.3414846963335546,0.632108229909617,0.8144440566220749,0.08418421917790891,0.6949767113654651,0.8336894275877981,0.2060597147894529,0.20349942647829836,0.8969573480598378,0.9099419333498563,0.08525747085058558,0.4975307559633726,0.9247434733718978,0.8604481475234895,0.9827065322190025,0.038562488176890786,0.41643361212306046,0.017673739516483766,0.047258725866910975,0.05143282639262526,0.0266490877947074,0.018410805542254424,0.019998330257331817,0.18380524386580493,0.06328655891111773,0.0059943018328400405,0.0026225553364262466,0.08254444224418958,0.011573132348840366,0.7797343030221278,0.9883295497707383
-0.2032797496315228,0.48253752962434004,0.9746987054210835,0.7119028710753412,0.14110206284473284,0.9718719592984937,0.9502379342764754,0.20664421318944723,0.91228416846472,0.7798764349319831,0.9047836172188367,0.10687186061228847,-0.6037323982169339,0.5327903776429496,0.6943708452457215,0.7584543027539359,0.6805953573365784,0.5633214054394484,0.15932331319997448,0.03848524671502479,0.21660972321104285,0.5849537798989025,0.18714708517020656,0.8483904905603826,0.6814740838584249,0.0913369922154513,0.03486726177378092,0.18069584893777446,0.017360851059089397,0.11040218393121842,0.8685020752752647,0.020881949841568458
0.607025948235145,0.9890922411820868,-0.8422560525764643,0.8966832231674916,0.16248586858031744,0.7284119478258352,0.9245161937058853,0.22559946023731578,0.8938499395166286,0.9452559732697259,0.8814883424152838,0.08924650034073861,0.38404188055618993,0.8994692026108418,0.8691136322889754,0.7711731499447417,0.538212096060474,0.952639280023011,0.018446906071781836,0.002431565098194281,0.03829683476250001,0.10468301430333747,0.04951168317170916,0.8468628483291355,0.6705755534380877,0.09134423692043542,0.0935009279558234,0.3540633117657971,0.9048101017588157,0.11077318138464903,0.10222512713427673,0.0018168982662001157
-0.588931661711742,0.44719432838489764,0.909195900193063,0.7281334844090075,-0.0011444750995486253,0.7026126958116342,0.8827137387876287,0.15926365210849425,0.8904389051029953,0.9608275853232214,0.913679550330058,0.03040833898404148,0.4905149350636849,0.9599154545659943,0.8011026086678945,0.9681436291858966,0.46742756881221537,0.7085204531409416,0.002339015370740105,0.04136032839175748,0.021701860755970928,0.5625847495903864,0.008158992356250498,0.019205387999814506,0.04167273277367495,0.0033450615736112382,0.03107828677796047,0.011615446711267241,0.8537560537589127,0.009761638816503639,0.24569631171877993,0.9961268113759457
-0.20521094072450657,0.9467368658818074,0.8371871036801928,0.3679037536748641,0.1671341649722304,0.6308498074630657,0.9270076423682316,0.20596049979591471,0.8870654635473615,0.876370629128179,0.9102409764610623,0.09038583266027438,0.3295471745650702,0.8916404914105817,0.7762041753986685,0.8093671965115488,0.25042235601075447,0.8719407470350142,0.18954087955768895,0.007309508677080511,0.062204382994822144,0.6543543204057246,0.005102391658702249,0.6051580122294298,0.13294127216361407,0.040789951458159494,0.05713551508745057,0.4384123590111801,0.008867637676540141,0.9623194431895531,0.04332637661428268,0.0037336967996135177
0.5193251062511997,0.9421344719497492,0.914209745069187,0.972495009736149,0.14232942064128823,0.9754412129879121,0.8816768324090248,0.22144305752826274,0.13367495210932706,0.9092771889670626,0.8973422230660218,0.889199853939665,0.4825710998301242,0.959372435130238,0.8402142987727981,0.9815818653176636,0.21982458536506572,0.6773813742712069,0.06134592621744395,0.0016673563465257665,0.08160704735161256,0.738245490300966,0.016890878704006233,0.6103656760451686,0.6354117354971808,0.5672766758661973,0.0816573237943291,0.5838567024254702,0.09953533531170788,0.0759640532943712,0.9176080243012138,0.577509173557573
0.5297690562063655,0.9160843946750212,0.8384393267284068,0.8640773914476466,0.14054526942072806,0.8829498614325845,0.9202017151457113,0.20427170984996268,0.8819911344420625,0.9398935848288554,0.9041502889736626,0.09893630256365211,0.2901988347807711,0.9867683030636607,0.8861213784276866,0.989199993101018,0.03508733306503513,0.737497793687111,0.5271483826797074,0.00966612976956688,0.20425513253307098,0.2067264007438654,0.028874549264010785,0.6180500343241658,0.8795665341491004,0.006076874118384578,0.03780932991246118,0.405760862914153,0.13807006388224366,0.987417202669874,0.31614172051217815,0.00679048673830196
-0.21137897515682436,0.35751284704259156,0.8079747034994622,0.7107387238825241,0.07964891360147937,0.975291294905106,0.9325625212785639,0.21812673778751845,0.9402154634877168,0.898687721298086,0.8897993003189347,0.10788825109059026,0.3020856109164609,0.9878965642576081,0.8551547148106846,0.9672032344477326,0.027432890653968395,0.007883116443723581,0.13881371715859642,0.01263696787439638,0.052981762053405115,0.560753138516828,0.021315247134184354,0.6908027519082924,0.013767088633145685,0.03437390255063426,0.05490908316823282,0.16217268949323677,0.7701860757097226,0.36293527399176717,0.8178631292551749,0.015240170543040832
0.6194990420464614,0.8696479310463195,0.8333202288572802,0.9649432819463472,0.11362168070257299,0.6820882879491512,0.9150353981443394,0.20683740768400213,0.8917103669962606,0.5010106105643319,0.9154385007208331,0.050892472436357056,0.3849931041972743,0.7508441022299396,0.8438420111533602,0.9927876707724711,0.07992460861661438,0.7614704349158673,0.04076789442990651,0.010978717142288897,0.020114604814711026,0.10329183751494445,0.02586958533425213,0.7459772816591013,0.7593916178047738,0.03355359174240147,0.005106619267206319,0.3540843863965729,0.06758816296469977,0.3533899682355003,0.714654396275456,0.01741996198974316
-0.004492230448296566,0.47723348829257234,0.8275766957255946,0.6660964377596158,0.16157792759580378,0.7850252035719032,0.9198330571139753,0.20606113616739558,0.8947464341845777,0.9477150389485971,0.91508784298743,0.08527818870346292,0.37726581364878603,0.9124625740489732,0.805243603386961,0.7632244245446695,0.4428713516338697,0.4488934403086226,0.1665412806043832,0.010635557210749456,0.0526124647318452,0.25695865861602396,0.0457912224185775,0.7936781319335301,0.6969428240484346,0.06578652772210662,0.05480849949304722,0.3667247099714108,0.8215152433202515,0.38319100082738405,0.0403151078209924,0.0020711536231999275
0.08904784316602615,0.9549655129299375,0.899440310711738,0.7447866501669747,0.060133038010998785,0.700932609942738,0.9227640117049658,0.23889844427126633,0.88264748990167,0.5138338264640676,0.9173445773901018,0.07607120664083823,0.29999280109090565,0.8223207304845924,0.9637515393370224,0.8092020540994209,0.6773289499539631,0.8626427691929477,0.0025620017282202007,0.0031313666081229166,0.05312806769058437,0.029375394283957357,0.004427391967018567,0.6086720742919949,0.8844238471868827,0.02024288579080455,0.04847375692740113,0.26241642693146866,0.075020904183835,0.49046477894710716,0.22766612272962222,0.015112247465175728
0.5906434822964918,0.896347710999341,0.8193952161928375,0.9833053557043915,0.16248586858031744,0.7284119478258352,0.9381656019760544,0.20537782098097432,0.8938499395166286,0.9826584040748825,0.9114505058797837,0.10346656980478612,0.38404188055618993,0.9866451944934643,0.8131026072411562,0.7662225550980177,0.150480140492462,0.9525580295697782,0.038389850976397744,0.0011929396232354898,0.012103806803413953,0.006093762026346039,0.032009834378235166,0.8458021449206637,0.6705755534380877,0.00525863660260438,0.0703857726784265,0.5814388376263021,0.8930809795937361,0.11077318138464903,0.05754702481177462,0.002789084237454508
-0.22762211917813047,0.1525661492935882,0.8463888780762729,0.7314721978534212,0.09761852844254329,0.9225271181472252,0.8880084693231353,0.22097474477059065,0.8967067452403277,0.8800500996835132,0.9152620929019635,0.08729827500908253,0.31872854868956724,0.9722398764763424,0.8114049725587568,0.7606276484137714,0.0353351741984893,0.02110245492130247,0.522708806453185,0.006566502000175809,0.0017618258979388776,0.004564037601570203,0.03875652708633187,0.8428510117393999,0.050306275448907645,0.0014349313489077451,0.03669405724091992,0.3015639156709362,0.7117904169097191,0.9847812472145289,0.0375503288788029,0.009827305462486325
-0.571813243270506,0.5800678473026547,0.8354729473920762,0.7443013726071622,0.16249832241661635,0.9478212799844835,0.9303966062048389,0.21346345812531287,0.9010889224966253,0.9051510628118826,0.9138498553275999,0.0637308537434373,0.48380453306767884,0.9867384062521734,0.832514305605503,0.9715910708081361,0.6844907655988555,0.8998932781584591,0.01275823821311732,0.060018175939247936,0.8981801147701701,0.801601282050647,0.27460185353226524,0.044043805436976446,0.9294197912862793,0.7175579588052705,0.21455817143538042,0.01125816322297428,0.8276088822780219,0.5317522909428739,0.22116672331925083,0.8902802001804068
-0.147073792223111,0.9449270945437589,0.9727592612748728,0.9738210767584827,0.16100680400372436,0.9777675840810228,0.9211581383663172,0.20502299991632006,0.9041601769005218,0.9614217033948741,0.9080341579410488,0.09410649562476328,0.3009416397861004,0.984469580397261,0.864628727150048,0.7599346965928201,0.05287759179282009,0.8617617962457897,0.3730819680989115,0.006599564422560863,0.0029050775549953316,0.03320332014178479,0.010129990414794465,0.7868116829691076,0.9761350796833992,0.07986338622282554,0.17449821019388953,0.6556899383301765,0.9269128831540957,0.3949890169950274,0.09122727555129151,0.0027156051850620276
-0.19233703005325245,0.4569527608766611,0.9291381602739973,0.7084587189683963,0.164238075214758,0.7920856026077004,0.8921631601817204,0.21156318566642918,0.8840478966764211,0.6126972943081509,0.9075037311703725,0.08059001594356104,0.3384876320787237,0.9250946907721918,0.8537853704036357,0.9873517037710988,0.03529371958489774,0.017058113439141764,0.06089128262178442,0.025210915850111076,0.021316407991266256,0.6104182688175896,0.023002204613101436,0.6197450490074122,0.8196972106231211,0.04279439705049326,0.14240872894913595,0.26575758876237565,0.1474091119289185,0.9020291281349245,0.9624135555252333,0.012503057009052162
-0.37322491558219717,0.9348299464565919,-0.41521823637309835,0.7614816608640703,0.16605292744548067,0.6177894512019895,0.9244134361908296,0.20572111365817283,0.8881420010891595,0.8618449542809978,0.9182666873737926,0.09370515432094713,0.5000092085919968,0.9947827117151833,0.8109912317008766,0.8197205738454255,0.06571043212019148,0.7651916512501613,0.004210073447973833,0.010450961813425415,0.053070662009567476,0.5824411161887775,0.02254720515204251,0.6251110574611036,0.6517153928711281,0.045531692259344586,0.11746574892140288,0.4433135658746641,0.8069018539248171,0.14185822460886321,0.9311033873186396,0.015314763028743421
0.5906434822964918,0.5478970395008663,-0.7473720611814983,0.9834758193056425,0.16248586858031744,0.7284119478258352,0.9049701026722878,0.20526614606754917,0.8938499395166286,0.888810088790823,0.9143233295756915,0.08924650034073861,0.38058139360458276,0.7111672051557644,0.8691136322889754,0.7662225550980177,0.08372516340703823,0.9616635298215871,0.018446906071781836,0.002389658143591312,0.012409260475052978,0.49254442408992893,0.04951168317170916,0.8469000215039133,0.6705755534380877,0.7050555825341502,0.0935009279558234,0.3540633117657971,0.8451693637793398,0.11077318138464903,0.09876789300221578,0.0028611622965050137
0.15763408122276013,0.5389082253467025,0.752138762760244,0.7445722854628288,0.12136616946107523,0.6523229887454425,0.8988844873632444,0.21804597773882636,0.8955273278584781,0.7806229196266237,0.9144045139398849,0.08684583685057184,0.5184369267430158,0.8797815593873345,0.9160119793530977,0.9705543719791511,0.5391141680183857,0.6471380428543635,0.01092205186318344,0.011148473183877385,0.05285705075821501,0.001587953726372146,0.028665854955134004,0.8521100109186464,0.951366008189741,0.03272796043419512,0.2323727261944643,0.43972128392264054,0.7973802918968236,0.8931815104317737,0.0032873632199347247,0.007457681961670515
-0.5808705816665971,0.5478386317849487,0.8756456259771993,0.8557068135506831,-0.009403798786092474,0.7015839216839064,0.9227601414490278,0.15749407420067157,0.20222909261620164,0.6637916587617482,0.904169194525959,0.06140377093883437,0.4713483314538687,0.9867384062521734,0.7937888209800879,0.9683965125396071,0.6937434447986663,0.4164552989947508,0.07262098578112791,0.05996390869476584,0.015282849280284245,0.5691275420342559,0.016742891295578044,0.013053291486192947,0.7917236981792777,0.42179084967616554,0.07270187036494896,0.014802382979956674,0.8529681592853404,0.12710884053034396,0.2919724115573568,0.8806930438278096
-0.286099434781993,0.47338939030597715,0.9864570317570782,0.17270483843237205,0.1424811080044027,0.8922693893989806,0.9189040435093825,0.20500811561742466,0.8913625086006317,0.9467642445865635,0.9041341300424444,0.10535386967522792,0.48273923727029155,0.9739548442569553,0.7842749220431919,0.8810456146472888,0.04652098262347342,0.9268980215283598,0.011470821996048208,0.012846974195538857,0.06111545029781851,0.11015760374800047,0.032407473258573696,0.6827474059474105,0.9275664033114324,0.06385718982099708,0.0043828866415658845,0.1654381483111022,0.7150679641705873,0.09566066836532697,0.9404554918910208,0.0037377529318463505
0.1438244229529293,0.8580584939977192,0.8446453461688449,0.9693910957299612,0.1416788972063872,0.9382798807817208,0.9241521832177964,0.2084797501692482,0.915529748998324,0.48465640532925225,0.9366725329575821,0.10853967116087847,0.36665551494264165,0.9593256213372029,0.8710257223248338,0.8172777083477856,0.07992460861661438,0.7001874787888904,0.03320895090735493,0.00857752962721289,0.20690317113837656,0.10009826544940836,0.0262811631680141,0.7190928077697848,0.0602097534103318,0.03906379789774576,0.09101867089990356,0.3084298473531532,0.8129318060235939,0.0185250119132373,0.8356352990863875,0.012418937564247308
-0.5896820546769422,0.41549797602201244,0.8520100769359356,0.7289539075110645,0.16725467589672682,0.9922993199581214,0.9182712593584892,0.20483187781421822,0.8310874810514498,0.5196567389919653,0.9137185069159547,0.17996132044024826,0.4841572275572922,0.9867384062521734,0.9046843350622711,0.9905008125171779,0.6779877665122492,0.2537328251494934,0.01637519159861661,0.06009228043508537,0.061456761832687945,0.5689997444873283,0.02017823802616305,0.031037056427639542,0.7861860358666077,0.05884946400911004,0.08559368225713804,0.007171001982513345,0.02150238880162908,0.02959445438658158,0.8603628610974864,0.8648061311557595
-0.032131570078884564,0.47904603346260677,0.8294395234974916,0.6516127312904432,0.14327014952032316,0.6798247742440499,0.9233998417563344,0.2072912562177602,0.9299768709340911,0.977788660858256,0.9100868160097522,0.09126561785574985,0.2255036475450311,0.992716950152072,0.8090231915296047,0.9998499043928942,0.27566913313449337,0.7730070738521682,0.17574865642216284,0.023839529344507636,0.003949194106572748,0.6951219483808821,0.028552966086339542,0.6314277417484597,0.9556773832087296,0.0155815322948628,0.1426695403097558,0.4374434016882671,0.6354783481588474,0.8602515772352644,0.8471632151908175,0.01302636385219767
-0.2049477432219001,0.44749123609515634,0.8349989729594286,0.5774302477839325,0.07892035366554544,0.7192516894874977,0.906671873719882,0.22238225909450224,0.9350890621547558,0.9036203395252856,0.7803147248098721,0.10465458137149077,0.3189189090281577,0.8297040256685262,0.8804452956529313,0.8382404829367844,0.03953103471646974,0.7433581167040756,0.015110081305097105,0.024968775224962193,0.051907876541477764,0.5686935885119426,0.021123148685429013,0.7232643366614826,0.03349288993063815,0.022545087161147448,0.04073984446919377,0.17339855703913742,0.019442941352255938,0.34762587962517705,0.9945086955539393,0.017819842296245423
-0.22762211917813047,0.14934542016779906,0.8471375589893142,0.7572434683791939,0.11241485666982673,0.6886632978169885,0.9102223197101003,0.22114970994565825,0.8980863084069146,0.5336497211934459,0.9151696996963004,0.10347745510895054,0.31898839244173427,0.9722398764763424,0.8364075242387907,0.8136292574556672,0.01449060247100284,0.8795415464595551,0.025625228737189643,0.03099178165870759,0.0017618258979388776,0.23393698910041097,0.02032232549661364,0.6575437773287092,0.0029043644382746175,0.005931399293769105,0.044407268508812825,0.3015639156709362,0.689812495919285,0.9679233934767367,0.0006306179803439171,0.006306698221663158
-0.04836888674918903,0.48493079629255853,0.898535843527475,0.8442377851886983,0.1591878670543112,0.5978326677983209,0.9245611927662918,0.2107356818260905,0.8902823733684513,0.8823590330042141,0.9160624408118637,0.09356113446369094,0.3840864860256024,0.846833255727345,0.8139723130856934,0.7654266648606376,0.06568609011972104,0.9160782127293698,0.009715718649203245,0.0011075996739415394,0.053070662009567476,0.08232251328694451,0.036647516768791896,0.6328914360373412,0.12088719480721025,0.045531692259344586,0.03672981878093273,0.2120313887391353,0.8166515894407776,0.45716604516360776,0.04290676325551107,0.015951326512187614
-0.004492230448296566,0.47723348829257234,0.8275766957255946,0.6660964377596158,0.1587003247506229,0.7701790848897362,0.876075415403108,0.20606113616739558,0.890114603245737,0.5401512068304376,0.9128703815239365,0.08527818870346292,0.3438376094785207,0.915388341183531,0.6781172350071258,0.7632244245446695,0.4428713516338697,0.4488934403086226,0.1620899914982179,0.010635557210749456,0.027307579233843794,0.25695865861602396,0.0457912224185775,0.7936506553829435,0.6969428240484346,0.008898864720480047,0.05480849949304722,0.36864543891205537,0.12588709300765233,0.37806942408879574,0.06215284823297412,0.002250447894906308
-0.031416267136672574,0.463233213768758,0.8210082354734639,0.7400065170666521,0.15871442844393288,0.7243701042613582,0.9245391154295878,0.20800733891086012,0.8840478966764211,0.48408972802940686,0.9074216044140879,0.09283110363098046,0.4663806890508534,0.7333752613766379,0.6577320765443524,0.7680196693243292,0.17220208980428253,0.691007540491115,0.02491761351793788,0.002660079601588471,0.00730448647462599,0.48355491536798006,0.02365502502808569,0.6291476900584975,0.07987961606158983,0.051275191348860626,0.09146888609693214,0.44754040065359235,0.8117760145043275,0.07020557810828892,0.036429998158013885,0.001780383560173582
-0.28823460399163836,0.47332098516080834,0.8269191349612623,0.6200927218528097,0.16983141291668996,0.8964387472964155,0.8956094456525706,0.20500811561742466,0.8851290717511103,0.9449346433347874,0.9151841968735579,0.09532237340635581,0.3725598797044449,0.9698948349769212,0.854187354283132,0.7570861954281772,0.016575066651021875,0.35511082088595786,0.0009901404369162259,0.007050115602270257,0.05000778045962897,0.5029780459398936,0.003937801359408993,0.5962542887037515,0.6360412821834914,0.007853668648353351,0.05563213023040044,0.4473038925955182,0.01840747737294665,0.002192214412168228,0.6506701076198802,0.01778991184716562
0.0954951671670179,0.44919552085817066,0.9075645422591281,0.7457294871076093,0.1579419096881233,0.7094415955900892,0.9203602276304292,0.20739306835263926,0.8879923098682204,0.5206900865040036,0.8987946384301069,0.10450744382545521,0.513634081977563,0.9894746183492359,0.8057724233281992,0.965467569244879,0.05093733424200508,0.42305300750861996,0.14175981087225453,0.024370282929496247,0.09453583492368905,0.574411080281364,0.02080905929436673,0.6203341858691345,0.6549833434930702,0.10099483101171337,0.02589130107276441,0.27171699856026604,0.9614661789561519,0.026783871093455165,0.057038202872633836,0.019169778705812768
0.24577013650652957,0.9467291628234549,0.9702795938896502,0.7463095322929519,0.1588807468636563,0.6612906530722119,0.951555210982089,0.20012789775499226,0.9957863651096369,0.9633841813312538,0.9115358487339681,0.10810063119907819,0.6364325050304153,0.9005074616492489,0.8384751146035015,0.8955441434457572,0.45123459642022384,0.784397886338055,0.04629241107471882,0.0027165584304450416,0.052703813697945495,0.06406451866679676,0.015364744701954177,0.848610848779623,0.7385668985500112,0.02653575247278677,0.9756379353151537,0.61280771830435,0.9881642057917197,0.9447881585200505,0.8680014327815196,0.020900729083534162
-0.04403372157109989,0.48493079629255853,0.8742706999600617,0.8414815377907278,0.15841824434981627,0.5978326677983209,0.9143226273561222,0.2056669948173583,0.8902823733684513,0.5601379325315768,0.9160624408118637,0.09370927684518145,0.3840864860256024,0.846833255727345,0.8144120992419235,0.7654266648606376,0.06571043212019148,0.37320090934277916,0.009715718649203245,0.0011075996739415394,0.053070662009567476,0.08232251328694451,0.02035881406656357,0.6239109668240502,0.12088719480721025,0.045531692259344586,0.03672981878093273,0.2120313887391353,0.8166515894407776,0.45095620953459226,0.04290676325551107,0.004967433603903231
-0.284736187015981,0.47336976041414397,-0.8084009031371427,0.7499157249601004,0.07819441948128948,0.6895134591107359,0.9082348515236842,0.22397484201213283,0.9395936373365743,0.5850424731198375,0.9121821414562334,0.10475889817038278,0.3349430450746302,0.9768333690916302,0.8112834406957453,0.9603983698473141,0.6619237635863748,0.40806663321190056,0.003429549586703995,0.02043064015450636,0.010217193639494748,0.008356008645433788,0.01273078498168706,0.7718179881277024,0.6055280812522125,0.0187171131717686,0.003336079983548547,0.1575195102521933,0.7374549382263864,0.015915830742823517,0.671823931282266,0.018789104905454455
-0.22762211917813047,0.1525661492935882,0.8470989699407179,0.5742935409903117,0.14068665068056316,0.8787956325995988,0.9232437390835766,0.20773733949985562,0.8973375282179524,0.8847846867180775,0.9243142292518384,0.1047868898359258,0.5027333384661226,0.9722398764763424,0.80743553033692,0.8135706629496418,0.09243203311725509,0.0214629554703836,0.5458939623469977,0.010458006666032048,0.0013805211373991329,0.0030912044821751195,0.03571675467468345,0.8450465822421549,0.050306275448907645,0.005771009603466165,0.03578372036197049,0.4400173677474588,0.7210033352132883,0.9836476907320888,0.010310992979970124,0.010024722328819385
0.5343643133565832,0.9466456296812865,-0.7910577617365548,0.7704992548584921,0.16127511390373594,0.9135957098448161,0.9192148483683118,0.22443889797942737,0.889875333774465,0.8823227672987067,0.9005598339854894,0.08091009273484306,0.3186864974662972,0.8688906309132026,0.7972073557818222,0.7847751900613187,0.9231219091167547,0.6123509607833018,0.010138727880664666,0.0038717547788320694,0.00677561883347234,0.4581812418362673,0.013459777631030175,0.8407050642330262,0.6761934035968763,0.03452970994780297,0.1580396670819581,0.3705921877001927,0.0033895420988482496,0.13968166389045034,0.7217757674345542,0.015304849903670606
-0.2943484045082545,0.47834777169077985,-0.49278414462280606,0.9670991918061317,0.14278993357086703,0.8059407585944524,0.9238832880241422,0.20450386779683705,0.8943379543737427,0.9798056682870797,0.8951275234713126,0.0942418001188837,0.3725598797044449,0.9853414088718347,0.8477050300585188,0.7860123785441616,0.007799519609187178,0.7015747948655567,0.006550318279664513,0.009964662289789471,0.001852818912969496,0.010062580867871995,0.004493095336835355,0.8463580877055373,0.7269515531804738,0.00793336763592667,0.09103777717535816,0.3490413433926988,0.6894247746860498,0.01688730415406,0.8940439186585324,0.012187290824019195
-0.19981368473227995,0.49494079235822486,-0.8174424100076565,0.7951862164416541,0.16516567588541303,0.9956400241399062,0.9259657397586073,0.20535205747307186,0.8902823733684513,0.8516470202181188,0.9111305592236066,0.0759021222639989,0.40708199161836334,0.8520859171785662,0.822597530338383,0.7883535401496065,0.08162039166873736,0.457102891546053,0.16844320705225618,0.0019376246090602664,0.004274978929542345,0.6296381706200453,0.022521366749604206,0.623746461806955,0.13098067586745427,0.04434001361068408,0.11746574892140288,0.2120313887391353,0.813852379394371,0.014868846089099996,0.04290676325551107,0.015314763028743421
0.7844398065480045,0.4697591516584017,-0.7439302759725112,0.7112936222200335,0.07951755525727403,0.7923363818132563,0.8850367896699421,0.2203627370736606,0.9395936373365743,0.5864484463331594,0.912339939234656,0.107686983571737,0.330960476901352,0.9053407787671105,0.8115138489220743,0.9757006599461364,0.023078134052847865,0.7375729278001777,0.014506321939516453,0.028658430834399836,0.01011742707236893,0.021275473518311716,0.01400142231390572,0.7408921034210979,0.731515948001235,0.017500922646191568,0.09383893741624402,0.15521954164395063,0.7798290948950861,0.044892392218867955,0.0006035103146230444,0.01909983690557735
-0.22762211917813047,0.1525661492935882,0.8463888780762729,0.7314721978534212,0.09761852844254329,0.9225271181472252,0.8880084693231353,0.2219803703033475,0.8967067452403277,0.8813242305977566,0.9152620929019635,0.08729827500908253,0.31670521645009886,0.9949003749357397,0.8114049725587568,0.7606276484137714,0.04534595570568789,0.02110245492130247,0.522708806453185,0.006566502000175809,0.0017618258979388776,0.004564037601570203,0.5438208667189083,0.8428510117393999,0.9566694673972103,0.05344436816391457,0.08389388889424901,0.3015639156709362,0.7117904169097191,0.9847812472145289,0.0375503288788029,0.9554413125299015
0.5251610195543889,0.5366890490559457,0.9059944437805423,0.725191222207071,0.25959182790158086,0.699110571518312,0.9230104880097353,0.21334351178253008,0.8871929263317775,0.9122017892495367,0.9188740347779646,0.059628792298198285,0.3744291638694997,0.9785741559593705,0.8125373291845057,0.8804683476094195,0.4675305685838552,0.5883335749060353,0.5155014822096685,0.052794748635051396,0.02733414038079412,0.8163147000736284,0.03326442631712298,0.6829917446636038,0.08778806452874265,0.3336548875964922,0.1663163202118477,0.01265706783086329,0.8228256891091352,0.03712077466826255,0.05457919309787557,0.9550649380928456
0.602625935693695,0.9139811499123617,0.8384393267284068,0.8640773914476466,0.14120040703953257,0.9201102799007389,0.9203549607855526,0.20427170984996268,0.8919668140857218,0.9478412973769439,0.9051324168323568,0.1057650970213476,0.2901988347807711,0.9561922749675107,0.8777853860391949,0.9972231765327473,0.03508733306503513,0.4109539003750778,0.011746938477648294,0.058349573047069114,0.20825158637356145,0.2067264007438654,0.9167967624034797,0.909517297243555,0.8795665341491004,0.007133340666164148,0.04035701999857408,0.40655985910610415,0.13807006388224366,0.987417202669874,0.31614172051217815,0.00679048673830196
0.6001585943641728,0.9365308392354379,0.8402739650189475,0.9621196937482716,-0.008699311592069214,0.9740000203771716,0.8700548991463781,0.2862954633080373,0.9316401484380794,0.913676949587752,0.9413547018127804,0.07470913397337382,0.30053377078749965,0.8938662476854645,0.8219063016520365,0.9742994332516843,0.5603518143031806,0.41642262157027676,0.32798827543046094,0.017526801317510957,0.023344552277521503,0.11147330979419137,0.009740334398011096,0.6942221000269969,0.2138458845792926,0.04980756672479178,0.00022911311144709068,0.7038021674399891,0.1631071884072981,0.2649395446016068,0.7565347984920524,0.0006368764221571666
0.2583698066452066,0.9546045568918087,0.885337780556095,0.794176696528421,0.1392156678005351,0.892992065494733,0.9263855354605821,0.2058636671933657,0.9196301456602267,0.9532146091031619,0.916726426053533,0.10359260669095331,0.29590396012151265,0.8108805548541852,0.8624923426767678,0.7043455781171981,0.43399034762304906,0.6564112929086072,0.48557072787240885,0.0012339214577959702,0.02486976217031104,0.7769631737843575,0.920335717106386,0.8462957713540986,0.8050558403608733,0.025119174364135112,0.13078658224379416,0.40967084316385755,0.09667960260563557,0.8760064589718959,0.8955063712290171,0.00595785759066154
0.11997948194446602,0.3674185162557876,0.8749587601434582,0.805205058130745,0.17515516459818065,0.9945529608018704,0.9160901673233487,0.20578565901379361,0.8910237168865891,0.9714436996644886,0.9079764981281901,0.0995964397378303,0.337871227269194,0.9514867986233566,0.8067752771060931,0.7846580361523265,0.06683131057399996,0.48925978210961907,0.14885151710699046,0.0006521494220795305,0.016876705644996395,0.030090020544093432,0.03965918010989375,0.6739920751511719,0.9687215690557782,0.08660408808114632,0.2655085827920589,0.29238629728709314,0.8214958714654881,0.5395033382291017,0.7598639997921011,0.0014045547382343648
-0.2613594575854329,0.9791804269888165,0.898895954343758,0.7033456587673022,0.24265075336161784,0.7072626260343917,0.9079924283187856,0.20748493074493168,0.6154065830753565,0.9738341570293685,0.9542279029432166,0.7741154311384019,0.2998901636907611,0.9700703418797074,0.8420887581367482,0.9659657761626161,0.1941086021236762,0.3358978567393787,0.020096926911911672,0.057222262313090924,0.04904330829867296,0.565360163451819,0.004380104234754031,0.797847260578154,0.6382089870782697,0.11218274098998843,0.06629980026607749,0.19886023663606606,0.7988932455580106,0.020363776362783866,0.7338315146889581,0.01802945719632023
-0.06469899859074835,0.4637606692652297,0.7950936807634462,0.9664118139235047,0.07438736458427546,0.8508963121863307,0.887415713305278,0.21892983509865632,0.9316200946575518,0.9254225797043182,0.9065138567268681,0.0877139284791184,0.508325961646811,0.97553645525281,0.7912034442236555,0.9759196010966289,0.5771424677936566,0.4467239258239083,0.006718246532931252,0.05298282078457665,0.05609938013400251,0.5612393841862449,0.022497101588092518,0.7193793945016105,0.9352035836928994,0.11139505099820887,0.10746211107641496,0.22280864437880216,0.9035516135398327,0.44317107092244856,0.8849841519000079,0.0097220621595161
0.43536739197924157,0.9795880492174386,0.6429244102285083,0.9827494404472346,0.09764607618067547,0.8201154327326774,0.8450914408384271,0.20875732988129286,0.8776565965526898,0.9645260952773544,0.8996235760976752,0.06132153898004378,-0.4793846009332259,0.7282234366538797,0.6825111642391815,0.42540456329220644,0.5970551243922421,0.8657882922414696,0.11905130271335912,0.027106254800662276,0.0862833186208552,0.06516316331400562,0.020041476488892096,0.8469727120887962,0.09059386310983863,0.0012195195337259546,0.036761540004393786,0.22290960420789713,0.07846623618395959,0.06385061965665628,0.05794252705096509,0.012394940973988893
-0.20274246483832864,0.5125925998117029,0.8741260176591359,0.809458873380836,0.16147724427467594,0.7107114604271049,0.8860758338276796,0.20659789256944294,0.8886190631340549,0.4682640197124034,0.9102926051441236,0.09285919673591345,0.51122541180069,0.7551157599931989,0.7713170394184914,0.7545991046490087,0.18145315494081807,0.5407545219366331,0.5415389295605991,0.009518151136447472,0.0002966537392333282,0.5913747780723849,0.07909307527594941,0.6202090084798668,0.09279289481019319,0.09422049589089132,0.05924199059869109,0.4347324918932022,0.028643978432411288,0.13447905304103988,0.9411258397460216,0.003143732786719548
0.46648192393703963,0.488482484458497,0.9595332864781868,0.872606462471938,0.10845050056102187,0.9898523722860648,0.9444459258457497,0.2087673404885102,0.9948566441656133,0.9637086648144003,0.9017312144067331,0.09541483181841921,0.37254287225519617,0.8822838787225638,0.8403508121418987,0.9765609507085014,0.7119750647486209,0.8884977291968319,0.005975012666104978,0.027301628939903035,0.04060875772915622,0.014703860516983858,0.008052767991882238,0.7898064444444013,0.7379738013907966,0.0076088099496604555,0.0027574366304239095,0.6165103736246702,0.9739088869576603,0.3710616370697146,0.8742693511921528,0.012223298176786138
0.08184821366230863,0.976144702916363,0.87037781510306,0.9485049828798285,0.22855885277335028,0.9669851436260759,0.9154441046538051,0.20866207329689496,0.8862256837212643,0.9457634759709983,0.9102440591809332,0.9647644264929366,0.38579287784162686,0.9646503254362195,0.788103164075704,0.8252430213698524,0.3515699194506937,0.49515705823365497,0.5310026475982104,0.8666128126874322,0.013680623276919254,0.7216397034333137,0.010284904910334066,0.588038410874921,0.6642517227656675,0.09926691502444275,0.17527828517980135,0.1765661276597282,0.8976949815211841,0.8717127017325592,0.9279780671739639,0.014656945760168667
-0.20755209758304602,0.41314187802782615,0.9138884301208574,0.6143932970417335,0.14029648397480646,0.9890044960689329,0.8888079132744331,0.2071573713290329,0.9128733464801506,0.9096306746657998,0.9051514913604267,0.10418137457688412,0.3274170971491817,0.9436000513726607,0.09365565109247365,0.9669691013891851,0.11199434471236887,0.6687860249986952,0.025188639514560962,0.027146975083419584,0.05640974084997981,0.15026690260811484,0.013304320140531803,0.6832710720488085,0.04999347136225163,0.035207274104105735,0.09731763069317013,0.16967384618965256,0.02730595426785909,0.0881796014226251,0.968689243949817,0.0011586733019478999
-0.6550237602587294,0.5396485409220837,0.9222336500953859,0.609957261924915,0.15619960085327192,0.6278881206630622,0.8831998245872589,0.15926365210849425,0.9123675531363038,0.9632203462053293,0.8117347925894582,0.9153473134330175,0.5353860574705496,0.9617902066049715,0.8797814463751414,0.9557080708514429,0.02531422348601814,0.38045282559028293,0.017325420441340278,0.05865628637349721,0.18052401105234325,0.5683750945078894,0.09015420835191636,0.738308144338605,0.9493069458678329,0.0759400924793025,0.013101326524782943,0.02043664157697772,0.1449140989660547,0.009102022532361035,0.2433715069748288,0.8754989261512722
0.5923022777488915,0.9739854942567403,0.904185500607034,0.7522193832451463,0.16028402726673152,0.8053001580058172,0.9251678206760227,0.20325137651669015,0.919918464900823,0.9634071763740892,0.9185030530877244,0.10478321261835861,0.5215534262955019,0.9639169398137065,0.8484379464727152,0.8382248560854425,0.778907821303158,0.7829708990574035,0.5118781921720184,0.008518174171559093,0.09886218724145512,0.09831372541900632,0.008138570961073888,0.8426993701185895,0.6351337886444003,0.18426828409236184,0.06503337946492191,0.6431437560618704,0.0044064687040815675,0.4623201826374903,0.9837609750593334,0.0027609342862369127
-0.021196215057680393,0.40989199558961587,0.835027508543015,0.815641160408219,0.0778204834851521,0.701756548810168,0.8804972101298957,0.21807311084892872,0.9142481521396021,0.6537924929058878,0.8854819693710793,0.10445483776124918,0.3862866880876559,0.805005818877844,0.7309097184178863,0.8161835604670259,0.24130100839617546,0.4073860893248076,0.5976810282160546,0.042956675172282494,0.026208967873180715,0.02244581415749161,0.030167471360417697,0.7973837856174335,0.9537519804837866,0.010693970478517091,0.14172553515988964,0.15948753765380264,0.007587793074901851,0.5592293676943583,0.032356629747618604,0.011688819581076478
-0.04342715927305234,0.4711153797859668,0.7774584206578199,0.979789265534601,0.07566024215543615,0.709617076322016,0.9189433853644073,0.2188856160884207,0.9383788900784455,0.5179653141235727,0.9144480413706084,0.10010583670566561,0.34676492755958993,0.9748240800587111,0.7894510732616102,0.8054739483921525,0.1507123722437963,0.707437825787701,0.015534460218414176,0.056459302735927405,0.024127224572446655,0.5731886599747539,0.006449799715979691,0.870106721338535,0.5940011714632835,0.1777876118268385,0.1510528769714577,0.1759223796831074,0.9984455423433374,0.3339165960882544,0.8250330461479158,0.009740946165825434
-0.20860063744820415,0.4125515651942039,0.8377174110325025,0.57705864365729,0.07951755525727403,0.6988245258934329,0.9284005818805646,0.22356055732521773,0.9391736551991964,0.912953951410014,0.9135703884759995,0.09912352250571708,0.33583248402231014,0.9241289282381266,0.7989460730898914,0.8375883811436133,0.050467253754906904,0.764689479368313,0.006876180924632158,0.012614343831461112,0.005913659470598423,0.546919850031266,0.027348535678697036,0.727114384507672,0.7368931689399361,0.18925660401157293,0.08373288132613152,0.17524882166691996,0.7392370197715059,0.9357712429383622,0.6664447165285738,0.017182379247474424
-0.22127726862632796,0.47698822746647596,0.8760887064361258,0.7572434683791939,0.09846042643006879,0.93568635012078,0.9221576062923516,0.22095928078096558,0.9152963845003561,0.9124788857814582,0.8988888725317349,0.1047868898359258,0.45330544191389727,0.9722398764763424,0.80743553033692,0.9657827729287232,0.6280939779666415,0.0235762238709262,0.12024465213975295,0.04013144068814833,0.0016078817881764783,0.010006003671215236,0.02821566252623821,0.8436370383266727,0.6400892961962756,0.005529350416361795,0.0005238446260638791,0.3898909739590312,0.736598231955627,0.19249720406327275,0.0006306179803439171,0.009827305462486325
0.14452426216336636,0.9553602849121471,0.8444897379052806,0.9966580070102773,0.11320199861416178,0.9403487635182489,0.9416256660085525,0.20769251808386271,0.9169202726221829,0.5927437610012131,0.9144604647939227,0.10853967116087847,0.3842276308333667,0.9593256213372029,0.8710257223248338,0.9975064282590191,0.07992460861661438,0.7001874787888904,0.0328554754856079,0.00857752962721289,0.20690317113837656,0.10009826544940836,0.03876251776098353,0.7459679637427489,0.6253382218226321,0.03906379789774576,0.09101867089990356,0.36252501332034165,0.0662839343138617,0.9196819166800292,0.809897844616447,0.010087459199473132
-0.24764276755399,0.4255583233897267,-0.7948621646171019,0.7610197876945024,0.14181820073456258,0.7067274318009751,0.8867595009200057,0.9477015610558633,0.5746436619560663,0.9276808406998249,0.7883834080755819,0.9536896222592995,0.33230947460867594,0.9582049020126135,0.9177602530421377,0.9706603071375567,0.04144768127783262,0.7883395098398874,0.006857919389178152,0.025502154950303772,0.010247592342854144,0.010663223844807598,0.014771727695977295,0.3533533716947178,0.9478989611094392,0.029830604533535317,0.040648916845916844,0.1612968730546549,5.578379257925592e-05,0.004468720662254733,0.35703449299187273,0.019092245018368672
-0.588931661711742,0.4597496636060431,0.7700920273174036,0.609957261924915,0.13609233920021185,0.6574593235398141,0.8969760880595241,0.15926365210849425,0.894487999050819,0.14950556298305967,0.9341162074771004,0.13167272212275524,0.4005323079707761,0.952977183895217,0.880867696677653,0.9874145225750669,0.025526610545306357,0.7277328892533425,0.017325420441340278,0.060098942641522296,0.1822247816435566,0.5680314363770183,0.0490124300939865,0.029196675138194073,0.04167273277367495,0.9322054955621213,0.021155977047808312,0.0026225553364262466,0.7698372647560581,0.007312329642052674,0.23211668085052733,0.9254488403292884
-0.009277040460467623,0.9412914470955647,0.837930431585023,0.8008790654620735,0.11131412079895539,0.7805214883132418,0.9106087671417934,0.2171212269227144,0.8812863906759221,0.9225295594555987,0.906157800769905,0.1000406129753489,0.3321956166984158,0.9529231329114288,0.8604118796480597,0.787393093697873,0.010536547500182692,0.5301250544388059,0.4864984093112836,0.026209233029684774,0.0078076600011660335,0.5530086058599206,0.02798511376027728,0.8136679048941491,0.5828671065878193,0.00468099681139685,0.1439336106762119,0.41663575149121923,0.797091577191218,0.0756600999888569,0.9428227803827531,0.0006172631577706899
-0.3804613130473593,0.467647707248126,0.8185562061484849,0.9619826772430685,0.1593042619083429,0.9864178167334803,0.9277043377429933,0.1687039690256872,0.6287417597571426,0.5904759769455112,0.9061052758069218,0.9218554908976435,0.3584535066907578,0.9866478915804886,0.8382241476817563,0.886535171709163,0.06022300878373843,0.18975395757439278,0.002192683832902914,0.006776889370618183,0.0037129467305428814,0.5553855608090933,0.012517323648797107,0.10045446885941756,0.7940758131774529,0.08923274664605604,0.14562101997851867,0.30176036287418606,0.854381371993107,0.02297378142179641,0.3915239709792528,0.2095341830538704
-0.2508534902816916,0.4944442558112781,0.887446958287214,0.9535228192669218,0.09620833435327186,0.676727366512321,0.9067516960288124,0.20495482019775454,0.9286467394784901,0.7389476306955278,0.9146378013679095,0.10761621230356945,0.5159735745341074,0.9981670563384993,0.8065255311935237,0.7605157689220529,0.29099058080597423,0.7838674766904815,0.01057993440056617,0.04945482061439044,0.026039301104774967,0.011565573172317377,0.020788030679777643,0.8458110522469318,0.8802344723197255,0.10115928036349281,0.0016218084159049934,0.11588217858103123,0.6710283741413094,0.18341260291440278,0.9505733511947755,0.018556320574712376
-0.5998375173354861,0.9425231729272932,0.8212083617026014,0.7244284747677081,0.14318658335566706,0.6835767930785004,0.9193461982089549,0.21415717015431746,0.8876693960042861,0.9604177204230563,0.9103032898011457,0.09434980421450061,0.3161815428081977,0.7571852509750093,0.8403586017021938,0.7570047534706678,0.19353873184296677,0.748327355553911,0.16633633083563762,0.023829410825411915,0.005040687977594811,0.47692189502306054,0.08942955158200883,0.5918048906319426,0.02910810972062472,0.13949989942766142,0.1245416156194823,0.4374434016882671,0.8519969202198118,0.12378032098572184,0.20024157807554507,0.009837081634847384
0.05989368357252696,0.9962382255557696,0.8384951227059302,0.3904529980218206,0.14313574707494608,0.8607780551114917,0.9115914253081882,0.20682688160061047,0.8879654244400353,0.9578225043666455,0.8965256700736375,0.08914040680566378,0.4093058570987472,0.9883855677998987,0.8264852543064005,0.7895347223189525,0.39550789058642266,0.4245248709306617,0.001354754062630359,0.00424387103279235,0.028504370904614648,0.9378482022462356,0.004536649035933559,0.8504658992101819,0.14791768469065614,0.022415308334531647,0.14217575021103934,0.35810399589906017,0.03968825524436519,0.9329703528751272,0.7476424882512296,0.0006139724147813386
-0.1839004332250529,0.4711824810415038,0.42847222319143524,0.7490568653524451,0.14190401962490853,0.8611296839485345,0.9274136133903885,0.20726556406080376,0.907497258546209,0.9124185240556287,0.9034837438648351,0.10509739754672592,-0.48514350612681334,0.7430100452381819,0.7326112187502197,0.7894976661850006,0.06425957924741979,0.638629191863443,0.014985678884500364,0.049883461094819295,0.15369651373098173,0.4426908685320203,0.037440170436708255,0.6971093522790208,0.0965304623976721,0.03903282021253104,0.030706376337462607,0.1552140911065633,0.0018010948268061822,0.9270104437972262,0.04548916178815211,0.002655100311227504
-0.20065081753585273,0.40770937129471296,0.901550563405832,0.9681671554029793,0.08156972760185084,0.9623396887321186,0.9181760360272555,0.21741738501007418,0.9179434731811658,0.6449330837868835,0.9049014686258304,0.10756382326953176,0.4802209163406672,0.9540959820205911,0.8193384934439593,0.985455945213014,0.6891671582185336,0.43632055502138434,0.650186121941541,0.09749742600655745,0.22468362405742404,0.43712507717276017,0.9629626293429836,0.7907547123429891,0.9695773505769204,0.005834366590397266,0.2746892679187529,0.17458042928890447,0.8685689825363359,0.9837274821924852,0.9293689917035884,0.0064759068154618665
-0.29589148411149246,0.4601624078114573,0.8524807807524483,0.976549312091087,0.14289329488925712,0.893090122569676,0.9248333943094915,0.2076627423362762,0.8930050036463738,0.5224086904063296,0.9099002245012338,0.10334787278682048,0.47783113290072843,0.9699258260896662,0.8483621731798262,0.987962612156403,0.18010187843160225,0.4279674466443636,0.00876669932318393,0.007354122317443645,0.490873267946714,0.588832997382573,0.002871257909391237,0.8530723921488289,0.10998621582155155,0.4478084004416477,0.03788926122198512,0.3451487865280717,0.15228179395353414,0.03216314935254356,0.633015479965532,0.000578501399137038
0.5051005986741813,0.946369372990496,0.8592213591672333,0.7296465557785997,0.08324442540298636,0.6848289515421712,0.8742609175706655,0.21601600901983817,0.9769566103456803,0.947776693839528,0.8884015517309798,0.09272390969684141,0.4945795204997096,0.9723861463570309,0.8079718860433194,0.9669550174087391,0.35685593344693733,0.42464861024556727,0.49631159596717056,0.02027502471540442,0.10409887607052022,0.04042144337151177,0.0448446768645062,0.8552305364830667,0.9716604821047494,0.0725781825932331,0.0030715439641297443,0.41203856230272967,0.08681237474563297,0.49687391128962966,0.7087127889354518,0.01312907752851981
0.10365417508115134,0.47338939030597715,0.9864570317570782,0.17270483843237205,0.1424811080044027,0.8922693893989806,0.9247255733368035,0.20503712775666447,0.8921968956250402,0.9467642445865635,0.9041341300424444,0.10535386967522792,0.48273923727029155,0.9739548442569553,0.7842749220431919,0.8810456146472888,0.04652098262347342,0.9268980215283598,0.011470821996048208,0.012846974195538857,0.06111545029781851,0.11015760374800047,0.032407473258573696,0.6827474059474105,0.9275664033114324,0.10664105107474806,0.0043828866415658845,0.1654381483111022,0.7150679641705873,0.8334256023156993,0.9404554918910208,0.0037390816766755884
0.602625935693695,0.4712085411306375,0.8338560576785964,0.8012849594689025,0.14054526942072806,0.9226666657478868,0.9202017151457113,0.20427170984996268,0.8785442386719297,0.46871399323093466,0.9047696188852328,0.09893630256365211,0.2901988347807711,0.95775966344166,0.891674358225903,0.9972231765327473,0.03508733306503513,0.3222070342977288,0.011751742354200293,0.009585470118225348,0.21514113027292167,0.2067264007438654,0.05307869404580168,0.6180500343241658,0.7563286429401923,0.006076874118384578,0.03302432328727565,0.40671930135335616,0.13807006388224366,0.9936153417985119,0.31614172051217815,0.00679048673830196
-0.28514852597937435,0.4494265864331297,0.7750821265714375,0.8103935734530002,0.08051332247680534,0.7846179007273376,0.9201537180239617,0.2044661683238278,0.587199496922479,0.9862299282189363,0.8524427586114223,0.9701427804447254,0.46363842485967316,0.9902715510131987,0.8032774323143891,0.9759551722506448,0.02249525423466077,0.7723004166881055,0.5742922900315176,0.0027803434827591046,0.0053942024374955926,0.015895051394847093,0.03963716965224167,0.023576759024079574,0.719875690950752,0.026345932380286582,0.03934866386006013,0.12879967228908634,0.027768805509756522,0.04711577147842091,0.961218816077999,0.6447912445933929
-0.032131570078884564,0.47904603346260677,0.8254739757606859,0.6516127312904432,0.14707618653641857,0.6798247742440499,0.8553404534641716,0.2072912562177602,0.9299768709340911,0.977788660858256,0.9100868160097522,0.09126561785574985,0.2255036475450311,0.8699428385805078,0.6930898451007517,0.9998499043928942,0.27566913313449337,0.7730070738521682,0.17574865642216284,0.023839529344507636,0.003949194106572748,0.6951219483808821,0.028451016869781052,0.6314277417484597,0.9556773832087296,0.0155815322948628,0.1426695403097558,0.4374434016882671,0.6354783481588474,0.8602515772352644,0.8471632151908175,0.01302636385219767
-0.021196215057680393,0.40675659228652167,0.8350283461498387,0.8127053051648934,0.08109711552699572,0.7027387676259238,0.9083950076209756,0.21774316444726882,0.9152459858080007,0.895054142281793,0.889174015197407,0.10522318322716634,0.3846795126705909,0.805005818877844,0.7365921414563823,0.8165455692658087,0.24130100839617546,0.4626606013276905,0.5448895652642243,0.04319336865744372,0.026266191149321612,0.5222630603817615,0.030167471360417697,0.7909440513417204,0.6245665391110702,0.021323199221727797,0.14113739430901118,0.15948753765380264,0.030633645515848296,0.1417472759132848,0.6645509055625615,0.011548835519302393
-0.27918959302056295,0.9606101782846468,0.8351725635360304,0.7118209897247081,0.14063705526098835,0.9694207096696424,0.9248134807819394,0.23967040751566002,0.9402398087284419,0.9579972202587804,0.9084195940611459,0.9667803832648403,0.2975657629913191,0.5089866603013102,0.8650383421524653,0.765508139846875,0.030347480467253524,0.6321072268206798,0.13175712862697897,0.02419940184885205,0.020730686382102015,0.05552096263199861,0.9480467780827271,0.6802814211941226,0.873484097734566,0.0021928071834156834,0.004253132631929071,0.37815346471137223,0.8436605111494965,0.9881770887331046,0.29840415943888776,0.013410670495448529
-0.20740831798253723,0.47679196940635565,0.8192271412900879,0.7470119071669492,0.16178149337607373,0.7910709704726413,0.9245860342881622,0.2074389932656316,0.8840478966764211,0.5405456653587968,0.9074216044140879,0.09381633408053168,0.3356677118063728,0.7310077799071518,0.8201838371593348,0.8184675043792361,0.02580148931028345,0.41911131946859803,0.04589522495861642,0.0033388849002265707,0.0282185140628187,0.4835326722510631,0.03855651481938109,0.6197450490074122,0.6337413444510503,0.010165512090205395,0.010008522342468684,0.45795639318447745,0.8109827691919218,0.07030373176930887,0.07243595709309045,0.001780383560173582
-0.04403372157109989,0.48493079629255853,0.995484059854812,0.8414815377907278,0.15841824434981627,0.5978326677983209,0.9143286164517891,0.2056669948173583,0.8914211763457982,0.9241072101317711,0.9160624408118637,0.10544533194215075,0.48605490576813454,0.846833255727345,0.8144120992419235,0.7664897365137798,0.06571043212019148,0.9160569030939747,0.01142494102540688,0.0011075996739415394,0.053070662009567476,0.08232251328694451,0.02035881406656357,0.6239109668240502,0.135105640366866,0.045531692259344586,0.03672981878093273,0.2120313887391353,0.8166515894407776,0.45095620953459226,0.04290676325551107,0.004967433603903231
-0.21193226607601218,0.881365400714841,0.8509934781249485,0.8632591488681776,0.19685465670545357,0.9222323508769688,0.8872395147341099,0.25571869615275444,0.5183284184511153,0.9868948165213096,0.9110632888472947,0.8633689896524879,0.3062080536693411,0.9032895521991722,-0.8846611509609765,0.7757274043110991,0.013538505212811677,0.7671782321066893,0.21837003549236908,0.06845656091276012,0.1946579876833718,0.574129372558136,0.05018675709023416,0.08290833992171526,0.9146860115740327,0.0934746731866212,0.09078283580373588,0.8479205258440017,0.046443843612927804,0.3290490728535951,0.19225114334836463,0.01850876452959019
-0.06311440220248615,0.9536817226827697,0.8336268313444638,0.7343080210822334,-0.005526585838788595,0.7361110821162257,0.9309344286591228,0.20756344660496623,0.8936929174316126,0.6505160836378634,0.9148962900451875,0.057410802891261256,0.48380453306767884,0.9951904705846344,0.7874652135974917,0.9721366078883649,0.4795109135204946,0.5927308972722458,0.0027464927477059836,0.04969926973948049,0.20066986734621328,0.8214685204293641,0.9684954421154459,0.01276004206663095,0.05866950599158134,0.10911336579754129,0.15138545292972738,0.010473163583791186,0.0078038122979769975,0.4787130743879494,0.7152584266479796,0.8690248796149661
0.43608549174175304,0.9437037318709958,0.8233726203978857,0.9970152955556298,0.16147724427467594,0.801303660343281,0.9221874642201465,0.20659789256944294,0.8836403427194313,0.45585086463776364,0.9102926051441236,0.09441213911041818,0.3151435423484426,0.7628860969031184,0.8549755054121958,0.8682082896226219,0.15766560169407806,0.5330207148918188,0.5289991515562833,0.009518151136447472,0.09193995250343263,0.5695080236377154,0.0015666239366655121,0.7347634007824682,0.09620628192626483,0.07581397033747034,0.15038628403389018,0.4473251387791307,0.6837925985356984,0.38657766883274114,0.10153161195050259,0.001657935398199843
0.24577013650652957,0.9467291628234549,0.9702795938896502,0.7463095322929519,0.1588807468636563,0.6612906530722119,0.9534856032162897,0.20012789775499226,0.9345078059318621,0.9608534923502091,0.9115358487339681,0.10810063119907819,0.6364325050304153,0.9005074616492489,0.8384751146035015,0.8955441434457572,0.45123459642022384,0.7413224593386784,0.04629241107471882,0.0016415226766494492,0.052703813697945495,0.06406451866679676,0.015284922922441123,0.848610848779623,0.7385668985500112,0.02653575247278677,0.014357690199846174,0.61280771830435,0.9881642057917197,0.9447881585200505,0.8680014327815196,0.013097736737341659
-0.20798950692887713,0.4757063097896518,0.7965039849570787,0.8029434132119844,0.16094876048766155,0.6768355002755994,0.8860758338276796,0.20661457921050969,0.8815488230589281,0.4682640197124034,0.9102926051441236,0.09285919673591345,0.2786833784368856,0.7477988934621735,0.6460269163217799,0.7346684027347518,0.09751845537711226,0.5349021112285174,0.1707107141204507,0.009518151136447472,0.005006768992953827,0.5321004322160593,0.00159607138232787,0.6393663531430023,0.09375460179095957,0.009547948558616251,0.04442564268844447,0.43902583888977026,0.7372009374718325,0.06323625366650742,0.03627587007984179,0.003143732786719548
0.7052419694857257,0.968231765267767,-0.7339301881337422,0.8810583811806655,0.15655182547338317,0.6697501858705166,0.9108732176172897,0.20820582385500594,0.8938499395166286,0.9403220079584981,0.8964884601457928,0.1062408243556919,0.38101790015869114,0.990542453890771,0.8581309420305633,0.7843746714207553,0.0443858869056645,0.9062350411911322,0.008613606969625594,0.00907131123104941,0.02881923428933888,0.4750637116049499,0.0032717600213758077,0.846896527652564,0.9734214211610368,0.034530871483567295,0.035419833117549995,0.35568296033480035,0.0028223622435287754,0.18625862371691276,0.9042044963697147,0.04768147928593216
-0.6489533050695122,0.36190452130391476,-0.3951301521933789,0.8622248953433999,0.14006228103637375,0.6952407664401831,0.9084390271257838,0.21152884873744285,0.20349942647829836,0.9539571880846468,0.9150334938508946,0.9677083887480165,0.5052384104375508,0.9867384062521734,0.8078129603453806,0.9395515894902857,0.023899645265006833,0.41302525829431086,0.002395733591955218,0.049245441873491454,0.4440528351210633,0.6543100792796708,0.01472550788377951,0.6810332387555679,0.8682985094876732,0.025145385703836176,0.09460269225183687,0.05412012765545421,0.04610980331389242,0.07407960526591101,0.8934199557718933,0.8387638108695137
0.4418499765761047,0.5000172271717617,0.6978220526601395,0.45440405886272817,0.15676167452095127,0.6697501858705166,0.8842040097746086,0.2082699220307082,0.8938499395166286,0.5100556818789803,0.891060680829912,0.08924650034073861,0.5141180685351328,0.9874654681892207,0.7962259134838117,0.7659173455100753,0.43166570112052516,0.6040628096264102,0.010131714647184492,0.007990041323199294,0.006524636268631358,0.10248934932728815,0.005025897144129385,0.8210849786562808,0.7245271297374147,0.05658996791175299,0.03541265323365426,0.371585153826717,0.7326024243274087,0.15441845448854025,0.6773801165915893,0.0010896645132464182
0.024319640267608023,0.40675659228652167,0.8091801461802492,0.953239536288804,0.08175690559907818,0.6747992053282168,0.9083533758338592,0.21774316444726882,0.9901428951996554,0.6659355664654428,0.8020811509255337,0.1052033345978268,0.4856791207735761,0.9857691538634523,0.8598905647689508,0.9674054281414545,0.21993280568788867,0.43571263434348034,0.01786614153776167,0.033367421626571046,0.12208192257192477,0.022041569657934773,0.0037312548446933984,0.5897753088840824,0.6277934175217763,0.07284184584206449,0.051568155827306644,0.17621934184453744,0.8759181302063084,0.5286626006202421,0.6857250086100002,0.011548835519302393
0.5920586492646331,0.9606101782846468,0.8503638564746326,0.9632867985345239,0.1405075753078605,0.9977644914473989,0.9248134807819394,0.22352165992099268,0.9400267283017785,0.9532146091031619,0.9105476972779136,0.10613651777505284,0.5082091335028133,0.9867602212174371,0.8679598817468449,0.9972336790650734,0.030347480467253524,0.7794115108578002,0.5434002979907415,0.0021824314543889205,0.20425513253307098,0.10786641303841848,0.9480467780827271,0.8126859957654304,0.873484097734566,0.09468369049544917,0.25104580412356853,0.38274712200666305,0.841303113062711,0.980094065052578,0.7064907558058846,0.00779886683612023
-0.22657890548955478,0.45017666696892455,0.8016018333401433,0.9852835128164597,0.1579419096881233,0.6205086156832937,0.9196718567424733,0.22659273592279255,0.8892913631403464,0.6252045074295277,0.9060441704688588,0.10577552756805576,0.5188959307303106,0.9884697729949614,0.7887692052674656,0.9685576983111344,0.6935337982238257,0.6001628760470594,0.14175981087225453,0.004362761241174428,0.22844803628746962,0.5805506563446998,0.023356884458278607,0.6087163161486949,0.922296232768521,0.20751916957258681,0.15561632723277136,0.2718045595819617,0.858043785215795,0.09507403245026073,0.00026557700643056736,0.013633767066712871
0.11190976904818309,0.9415323805279856,0.7462239162236445,0.5449528067839434,0.13700022709095058,0.9531458682400841,0.9171324314284759,0.22540189183098483,0.8747754291873655,0.8319129600337704,0.8898142793168359,0.08934641096769107,0.5044033399758524,0.9878589460876556,0.8571894469446052,0.9800686405078263,0.23959997302648223,0.9143388448454655,0.010138727880664666,0.004831896157250442,0.013706615197280562,0.06920353090703663,0.016653734772101372,0.8204830759002496,0.09948816038283081,0.09934035799442562,0.018690844340270536,0.3561119873287263,0.7705869205713967,0.0014370470093095083,0.8577382769756896,0.01434823738727798
0.6073324608444843,0.9483430146605141,-0.7423934270171331,0.9834758193056425,0.16128008598872454,0.7284119478258352,0.9220019034875243,0.22465581977495472,0.8938538699134069,0.5247146699882133,0.9134467490944184,0.08924650034073861,0.38404188055618993,0.7111672051557644,0.8313918927679902,0.7661070980438036,0.11283895065969562,0.7928236756555811,0.018446906071781836,0.002389658143591312,0.01738811406237782,0.08939717429797303,0.04951168317170916,0.8663763199403797,0.0011643724440428271,0.08626261787200812,0.0952803151970454,0.3540633117657971,0.8254303854397803,0.11077318138464903,0.09876789300221578,0.0028611622965050137
-0.11953055659580014,0.9946146838127586,-0.6089489434978408,0.7552959186300108,0.17169849808830842,0.9227597025644944,0.8913591773855981,0.20575212558053294,0.8938499395166286,0.9471981449511722,0.9027481475836322,0.11759044123297364,0.32791227191924255,0.9908286382294469,0.7967452719879299,0.7609572023116101,0.08375287887142177,0.9165250305708673,0.018579241918546992,0.010527583439636869,0.043512769853732675,0.1041967527894776,0.00394111028260263,0.8354684044061663,0.9730721103325874,0.036069130663071026,0.0262562364791148,0.3562511649097583,0.021154836940167038,0.037616882496787185,0.9669205072439621,0.018994750684793827
0.49765576511407267,0.9494657234016481,0.9014418140085703,0.9312220840510202,0.11109205672531633,0.9820467662984225,0.9445603568008428,0.2087685375228135,0.9492547009347385,0.906862283893664,0.9420933695978538,0.09448237201213293,0.3310014033456678,0.9985064308574596,0.8080203177571654,0.962520380889647,0.6890152120240793,0.9056297337800223,0.015859078974759397,0.012317238207323035,0.17326226072744377,0.004274677247630754,0.01607997358708413,0.6721554533278981,0.7921471449196936,0.0030115421049385013,0.09466799596826048,0.31792446660012474,0.8624639046993041,0.46071704933855484,0.9551691057714576,0.01414626355035108
-0.20525796884885583,0.4762756675751955,0.8529779307560285,0.7506563114978322,0.2035051073058411,0.9701535263758664,0.9317526409351231,0.2358428332271338,0.5509593491295341,0.949157371647599,0.9253545837856271,0.9165550173821505,0.5632189180982421,0.99248062160219,0.4284297420603587,0.9762111681919974,0.0004793246318619718,0.5572433873259834,0.6301443564412632,0.06816023712532114,0.007203918814727881,0.9051027807207128,0.06523170258716014,0.8469195647686393,0.9356019931427175,0.04814167083792073,0.11024608632248017,0.5899736747680819,0.8153501998832284,0.3416678258813497,0.22032674558208526,0.056838161247609376
0.4577601515648224,0.9643733074740392,0.8175780371543708,0.9487611772683312,0.12737296799062015,0.9771154697212905,0.9209045485073593,0.2088064430587644,0.8921144554649186,0.9323067428916966,0.9412926604068678,0.10819850964565261,0.33153842828563096,0.9926655731884528,0.9388985071999517,0.7818054881712729,0.8601798988378015,0.929424901525952,0.4477873327989013,0.050162636733545804,0.17269209570541558,0.014154524853214334,0.0443950300496779,0.8463104281075078,0.646907472916715,0.00303453496459102,0.3318006122327515,0.6223923600243745,0.016812956174725446,0.1599065112076533,0.05841361610508394,0.01887921918201453
0.5126504968850173,0.9097009820876985,0.9053286148680422,0.9634052158913569,-0.008699311592069214,0.9922220801375015,0.8737354330601281,0.28463746524231326,0.9908147916650583,0.5802214171849399,0.9159696273493104,0.09493247408752924,0.3140223994006984,0.9438346939412542,0.8064186896758481,0.9966663401383268,0.6187062848713282,0.78170016392932,0.3274414824091073,0.01706311770784593,0.019075057287009776,0.0935438598383511,0.030553358324887488,0.7240627661768003,0.14445252751580212,0.4840818938111392,0.006327459309876521,0.7038021674399891,0.8221806601297612,0.9126321648974718,0.9917141328516341,0.0010263774357531386
0.51921361302109,0.4649380670772539,-0.4665563547670227,0.7458561971426036,0.17212974306942752,0.935725799818636,0.9129117566311342,0.20503719226644126,0.8953782608293218,0.9692599063028249,0.9070783589213747,0.09565463531647496,0.5200052080654844,0.744104824332974,0.8568541438882297,0.7730013330227736,0.0061009905945208255,0.42457147034304354,0.39131597446684585,0.00665278024570384,0.004578556295342491,0.5935982354482675,0.010281190853590737,0.6834928767527662,0.013052123017415165,0.0010645997402944987,0.06501468006917355,0.31351803467608197,0.9543534836825637,0.07816726208046748,0.04675823481459304,0.012377134523976001
-0.2709074883261052,0.49494079235822486,-0.5499877763178318,0.7614816608640703,0.13708974307314517,0.5978326677983209,0.9178206016075381,0.20533338538613266,0.8902823733684513,0.503579272510319,0.9092997185052978,0.09342871170399929,0.3766051825972949,0.8517183732405167,0.8139723130856934,0.7618426151255032,0.06571043212019148,0.9732880431712161,0.035420340246158324,1.3171961350626898e-05,0.047735998683425575,0.03676580138875815,0.022662779009034895,0.6239109668240502,0.0384802187719418,0.04586975760979978,0.11746574892140288,0.2173219412075012,0.6152216640716162,0.021227499013613982,0.042828371663973394,0.014089418413385374
-0.4519597072405168,0.9964065710271707,-0.7639672240075538,0.7402867564171675,0.16129926464488953,0.7278892352973745,0.922104359436674,0.2270687002951869,0.893784734154099,0.4838326744102671,0.8993551845210896,0.08984926006508946,0.49635997247636154,0.7110274396371691,0.8580888851685864,0.7667162689105679,0.7146238808796445,0.9545120991362704,0.017898769202474248,0.009158925379508843,0.0046536042569291815,0.08107322155326571,0.029662110082782953,0.846896527652564,0.8352690965619562,0.09129095902715349,0.0935009279558234,0.35340027537517044,0.019774459849382045,0.11116520863445678,0.8656567893354894,0.002994084185636503
0.37716192235145723,0.8184262641907215,0.8273095274276097,0.9671973983817155,-0.011955234570271263,0.9802701057667477,0.8689909124793017,0.28554642418549275,0.9315920693827361,0.913676949587752,0.7846329445136268,0.07611252129105076,0.3877398079900117,0.9186778746401513,0.8313801959445444,0.7749094084558965,0.6251530668905876,0.5773520048653111,0.33487358546844226,0.01731221258468277,0.01745513472235663,0.11147330979419137,0.004377997233452956,0.6937560938917975,0.09489048356864417,0.08309938053091723,0.003013220544138183,0.7038021674399891,0.7578410048337223,0.22675612866582479,0.7598110608336613,0.005117375314932289
0.5796600261499812,0.9197604739842055,0.8590051799906376,0.7532857793052015,0.15765025501058139,0.6658945756621941,0.9180308065865111,0.23773874902840134,0.8878532690937735,0.8563941129889863,0.91637151134826,0.9884011413809061,0.3772635926381411,0.7310077799071518,0.7477333981912098,0.9999806157082803,0.05127483592500248,0.7909696610005813,0.5149108118719455,0.054078758175320166,0.018033092157714176,0.04110355843918362,0.7385433669080641,0.620065471239253,0.10533615832860266,0.01937375900811645,0.1462323039568213,0.31464876877666786,0.8430439750708874,0.4394875095662135,0.02000011760081205,0.0027144970025095305
-0.2412844041765203,0.45043185089828686,0.6299711613936557,0.9881822943597013,0.1579419096881233,0.6157681019447325,0.9197339396192463,0.22472387326409726,0.9091659950536709,0.5181320633212233,0.9067341268524749,0.10577552756805576,0.33105145276168707,0.735015819654318,0.7087601112477246,0.9697568785274138,0.01721513507741751,0.41582346198113207,0.001989040185111972,0.004420422664248913,0.016263167255673235,0.047245176418355184,0.009992241248468595,0.6016867772526279,0.922296232768521,0.02480457456748439,0.03796102443497227,0.2718045595819617,0.02947221917241044,0.04306573258097483,0.010316078337793688,0.012765774398116367
0.020243465279066772,0.9954999574980271,-0.7680020724460802,0.7076643066033221,0.1674293849452729,0.8179399429413119,0.9200140921289097,0.2086568876724736,0.5508349393893796,0.9513751164886242,0.9387875116779653,0.8387874579480639,0.5411110926312271,0.9512505403986253,0.8652385151332491,0.9716877827900252,0.003461484274458332,0.6587372483302487,0.4745005660323203,0.053950140139286465,0.006186286565129012,0.09922513110854123,0.01577484245788658,0.7587461485935467,0.11693219862243348,0.00206346211276372,0.08252176049369328,0.8439232085133573,0.03410328518604827,0.011663213046948506,0.8415573491324528,0.7185552234705861
0.5430118018256931,0.9937791737943467,0.8754855314270668,0.9907267994638289,0.14492404053889557,0.6892262822700778,0.9263671756423094,0.26855605753859896,0.5617377096934714,0.9827016818957229,0.8712937603931357,0.895012209167207,0.5522588931061061,0.9816084487334964,0.8117998068557475,0.9885084437978525,0.008289260292279943,0.03216446136109047,0.4250213031092395,0.01933789228640285,0.0009974620682675628,0.03387318526002753,0.008679265250744105,0.7831029845695133,0.8266006045763299,0.02290480756515506,0.08426159001673697,0.18292970389822627,0.8217130603952821,0.06595773080069431,0.8103840871526662,0.0016654254144531366
-0.14891358584979528,0.517893466517385,0.995731529821295,0.3661121110438623,0.15655182547338317,0.6883441850753991,0.910984808230675,0.22296302810305377,0.8874420944505563,0.9396566281516056,0.8906334303238593,0.08924650034073861,0.4968669324697569,0.990542453890771,0.8645362456818343,0.7914918728397793,0.6231305465086909,0.8120776272956608,0.018448774874218143,0.004095842454110984,0.028411187959881942,0.07584198757605815,0.07830817171091195,0.8353249908192205,0.09438639163179541,0.03480553283020928,0.24592469316497756,0.3711235647918615,0.0285664887206579,0.15073659659416078,0.8985456495628605,0.01324133030234198
-0.21137897515682436,0.4728240206056409,0.7856277791149067,0.7262905449570911,0.07808545245213304,0.7570369858213642,0.9194934654421301,0.21820015236373544,0.9415626941329505,0.901122568758115,0.9188003582116824,0.10814698698387416,0.3070694145656719,0.9790549757930502,0.9293200215850436,0.9779567599680264,0.11881224032087023,0.6407036116459762,0.13657102616846895,0.024360620951315137,0.024197279990042578,0.002691430339861689,0.04107769643679111,0.8211211756492478,0.06958495879393772,0.11200901457273903,0.15363406297579596,0.1614452695987742,0.7723816698899262,0.9912364815241883,0.005893404432489868,0.01921702737903468
-0.156706746330722,0.9686815716958785,0.677554688457043,0.16581601381300326,0.1564218855687471,0.6697501858705166,0.9108732176172897,0.20820582385500594,0.8938499395166286,0.9513383305460882,0.8959823388947188,0.08924650034073861,0.49896803936359957,0.990542453890771,0.8364124240725241,0.7665682675954782,0.4391097966340759,0.908705319329722,0.010131714647184492,0.0035853887232363975,0.027982406061563193,0.10248934932728815,0.005025897144129385,0.8553010406330952,0.04931560404940216,0.0010203086285171248,0.03311945960758797,0.3711235647918615,0.6788202175725564,0.06375784401558848,0.050485016766713575,0.015059184090416634
0.24577013650652957,0.9467291628234549,0.8751051401299247,0.7518308093469975,0.1588807468636563,0.6612906530722119,0.9194004336755228,0.20012789775499226,0.9169660857416779,0.9536711989015715,0.9115358487339681,0.10810063119907819,0.6364325050304153,0.9005074616492489,0.8384751146035015,0.8955441434457572,0.47438370748099723,0.784397886338055,0.002506417328349886,0.0006075218005296423,0.052703813697945495,0.06406451866679676,0.10566836265805804,0.848610848779623,0.03694860594147398,0.02653575247278677,0.9756379353151537,0.35398071719262303,0.9881642057917197,0.9447881585200505,0.23505452271490102,0.01854065023451566
0.1489048379758497,0.972336713154929,0.7483280254290263,0.7180187750658154,0.12142812855042495,0.591505703567351,0.909619135971545,0.21334800227922304,0.8981687668684467,0.5328700405617622,0.9144045139398849,0.08703705481729526,0.2680868889655755,0.7327244911794738,0.878764682384018,0.7849749954655054,0.012829109714408454,0.8053516851175995,0.030152896489674147,0.01110381842682906,0.05285705075821501,0.5120356959057726,0.0010827229827106623,0.8447556498040655,0.9382354425479331,0.032626518182748185,0.02517724580267032,0.4120290228943335,0.09557293446860296,0.8725773532316186,0.2073674157246429,0.014574311900134855
-0.032131570078884564,0.5087828197719897,0.8293425971065741,0.6516127312904432,0.14327014952032316,0.6793008716982387,0.9233998417563344,0.20725754272971772,0.9299768709340911,0.9858740571444873,0.9100868160097522,0.09126561785574985,0.2889764934056855,0.992716950152072,0.8090231915296047,0.9998499043928942,0.35517537204950644,0.7730070738521682,0.17574865642216284,0.023839529344507636,0.003949194106572748,0.6951219483808821,0.02943287412328401,0.5906032332538345,0.7585618190840517,0.007193171186282807,0.1426695403097558,0.4374434016882671,0.6354783481588474,0.37636449765397106,0.041035530995062734,0.01302636385219767
-0.18465879687718484,0.48476993963849435,0.8350895268145752,0.9541385373248764,0.16366258495102393,0.8126349595910406,0.923211274402506,0.2098058247334942,0.8840478966764211,0.5363780784127978,0.9094351338140546,0.08269742990793155,0.3021158425019338,0.710362581626752,0.6868268928548855,0.7700423891546654,0.40753243612130924,0.5895976185563139,0.14987428628497482,0.0027662263751658447,0.030391116129266448,0.46019932310094014,0.003575821946551032,0.6197450490074122,0.06638605733785546,0.0002347558583428097,0.009326798092678583,0.44496975333681926,0.7347387457532814,0.8668092477222532,0.07086982711466155,0.012998848360171063
-0.3289092739848235,0.44951679429496544,0.629221440477485,0.7930549193658564,0.1579419096881233,0.6206465834637344,0.8958581296769017,0.22473461420621924,0.8888742676502076,0.5181320633212233,0.8988232697245436,0.10559178240623598,0.5188959307303106,0.9884697729949614,0.6783222319099136,0.9625957147029341,0.048836061834438727,0.42250026585488043,0.12032834778904788,0.009706465245575044,0.4636229053958225,0.041868360413451315,0.007117034761448312,0.6021872702606964,0.859228793149712,0.08483098187894608,0.09192020082005442,0.2718045595819617,0.858043785215795,0.03670157320736417,0.2929301596445486,0.013633767066712871
-0.09669120582484449,0.8694993050214238,0.8907194635061053,0.9577073276125149,0.13879133068923355,0.7254696162647974,0.9349067742306812,0.20116276060439442,0.9169976865919928,0.9536711989015715,0.8979551485040723,0.10778401501544613,0.3236519771257076,0.7453457213192427,0.5851012912061349,0.8411567181406819,0.7140255148889334,0.444470986793649,0.4845749957276707,0.0029717028455716332,0.052452336362139015,0.06408420053717756,0.03467760563222022,0.8468979450917875,0.07033678105916352,0.028390677018201943,0.8487293345653151,0.35398071719262303,0.045411487453051236,0.45763601686657496,0.16935517261578176,0.014353058229716466
0.598913574878685,0.9979307545010955,0.8548364435218749,0.7799964346725958,0.1722302362965479,0.9227597025644944,0.9089050927914468,0.2068126033441816,0.8938499395166286,0.9880044566370758,0.8965256700736375,0.08924650034073861,0.5245773921956904,0.8948033050457302,0.7947287577474893,0.7847751900613187,0.531818236162775,0.9092067381526392,0.010138727880664666,0.007990041323199294,0.021274805326368412,0.180119033261846,0.008251740658151386,0.8470214908571417,0.9956614857295848,0.03444736292828824,0.21574459935720516,0.3562511649097583,0.0033895420988482496,0.4869975253217706,0.8006363104180638,0.0006139724147813386
0.607354381840719,0.9981085923715994,-0.7473720611814983,0.7418576958243412,0.15959537162334256,0.7296547273741955,0.936990343856761,0.22465581977495472,0.894078067159428,0.8694227305573361,0.8965768334289173,0.08924650034073861,0.3014279203296103,0.7111672051557644,0.8691136322889754,0.7677424559944436,0.08372516340703823,0.5806929794051758,0.018446906071781836,0.0023574590804348794,0.03002945821117936,0.6738030991767646,0.049539043356198645,0.846896527652564,0.6442259418312482,0.09067885915580214,0.0935009279558234,0.3540633117657971,0.8668618761701774,0.11077318138464903,0.8796718596835074,0.0036635205007078363
-0.20308743351735498,0.9567422432160558,0.801101956212324,0.7127000005985036,0.07513578534162654,0.674592483678051,0.9189926609935127,0.22238225909450224,0.9190143397639,0.9297590027113722,0.9107756626096943,0.09534655960409799,0.2185396842399397,0.9143881402406846,0.8044331208391701,0.7866149378412546,0.09486028162398902,0.4082836407147286,0.4223312114021955,0.019139875293535644,0.0540950922378513,0.5516211329066745,0.03934297090027833,0.8140356139919674,0.011218481124917079,0.020237196646596928,0.08078783598434457,0.1668653216805153,0.8212555534537014,0.9632145196114771,0.9551544473923961,0.016302354387031287
0.4426692682364637,0.952720450908675,0.8999001798784271,0.940941344228313,0.11282028932825566,0.9957821981154354,0.9436168214399268,0.20508957583775506,0.9400072738600193,0.9422635674123074,0.8561325038615127,0.09351527478995765,0.32997631842966174,0.9501262363188392,0.8014819467956238,0.962520380889647,0.6890152120240793,0.9601455237667167,0.47718229547961594,0.019727981002578946,0.009701511515000108,0.0014329230598011389,0.044030990706085904,0.6721554533278981,0.7419482573754371,0.0030115421049385013,0.03225150948178975,0.5778640855918904,0.7911944378853949,0.13122019174899616,0.9560357683855453,0.019378887093406384
-0.10972679353837334,0.9990434896392515,-0.666969040948914,0.754735560882387,0.14236193003391212,0.704686752519114,0.8535406379654824,0.20571167294378673,0.8930874373611715,0.9288003049986435,0.9049143949260685,0.08775006883260814,0.3116733178648474,0.9914852604644722,0.730766108003866,0.9674377259615051,0.14401762574292437,0.9189146119301657,0.010204091620694192,0.007447499549357542,0.012259262271803713,0.583805161374046,0.002474934587943591,0.8682259914639556,0.9730721103325874,0.09760392981294808,0.03257537844165536,0.3562511649097583,0.8500787490810382,0.03203492939978642,0.9645086866006038,0.015192608120016935
0.6073324608444843,0.9442175149916983,-0.7423934270171331,0.8087392977528323,0.1622304911080198,0.6755879447178286,0.9223008354977913,0.22465581977495472,0.8938538699134069,0.5247146699882133,0.8969464304488709,0.08924650034073861,0.3319360994800534,0.7111672051557644,0.8691136322889754,0.7660542982994234,0.09067807855710336,0.9688197661543559,0.01626647361051169,0.00027918609076398385,0.0001341598941780285,0.08939717429797303,0.022581739543752186,0.8633845349372835,0.5999486000732839,0.09395819476795582,0.011567796731914902,0.3725137427939387,0.08319089547237263,0.11077318138464903,0.09876789300221578,0.002883443951226875
-0.3885658861637575,0.9974341412765004,0.5646926545227157,0.9995406246526842,0.07928822129305918,0.7088279580022219,0.9096732305022068,0.2238700147099721,0.9195562354541921,0.4796010718546078,0.8977888819854858,0.08886514904432678,0.2865519602509106,0.8800204074295307,0.9086736888842655,0.7757341930283455,0.6655772221601867,0.7850466912203471,0.01633082189284038,0.0011451029112776404,0.0029262300719888057,0.2179342300603926,0.016360158086922996,0.5895230981544539,0.8000324851644115,0.020539840319490604,0.13956630081091867,0.1668455716924033,0.8679463313885922,0.20641230971548363,0.818470204877007,0.01708679848010902
0.22200021160539513,0.5074254853127418,0.9090350627873034,0.9741235045762602,0.15252578189779628,0.6775211138367156,0.919084493068953,0.2087910667658182,0.893275818132296,0.892278846900668,0.9056012438638243,0.10618498136622902,0.35853899017769697,0.9146358509796311,0.8653977505174996,0.7785071015655554,0.7043024530233026,0.8395986135968967,0.49696285322875616,0.02123141136506726,0.0050424457563514186,0.6570174461570196,0.032030117210879595,0.882812846619838,0.033923628389737726,0.017478640449403865,0.0670233007611122,0.5934035576079255,0.7686383866870945,0.9722480466783152,0.6784057367862438,0.019226301529777536
-0.20785092372877817,0.9187111427428907,0.9279179437390315,0.71163795470992,0.1655100425302679,0.7928558479209559,0.8916203756809695,0.21156318566642918,0.8840478966764211,0.6567541579142046,0.9075037311703725,0.08059001594356104,0.5215872130840902,0.9871140123788265,0.8066929774206021,0.9873517037710988,0.4269304826974949,0.3535730833354328,0.06089128262178442,0.025168493041493684,0.012294151661897549,0.48961649194423146,0.023002204613101436,0.6197450490074122,0.8067254232540544,0.04279439705049326,0.09804843629361328,0.26575758876237565,0.1474091119289185,0.031315005400472995,0.03683862440896278,0.012503057009052162
-0.4282185403055291,0.46015770510257903,0.7032304647003612,0.7476997840418779,0.0791938349519211,0.676652747073968,0.8728732792410268,0.2238700147099721,0.921642727042585,0.5461567207449831,0.9047849313009786,0.1075937466506574,0.2874264108484451,0.8835455948280901,0.6766110015319204,0.7689647695364423,0.0307182092921889,0.020506295016672227,0.0352835691151861,0.02629829997209386,0.0017335283886428807,0.5997563767604681,0.004683611636165139,0.61697877641673,0.007115386952565583,0.006718501339672434,0.03481397865884901,0.1668455716924033,0.7405162307257733,0.029016637775024168,0.844609983963676,0.017713700408183472
-0.0951035351688092,0.4975392012652617,0.8048916625715508,0.7556874556308736,0.14215430522249659,0.6746151691448004,0.9226978876260323,0.20668478225484396,0.9149764606535452,0.528726860357857,0.9158467272906425,0.09532237340635581,0.3674599522775559,0.9554603423375334,0.8724575557222507,0.8038504091046816,0.6042300958211901,0.939557178229542,0.12546972079113064,0.007770816261848073,0.03454738628805686,0.5075507429857561,0.020429127264255966,0.6032497764286411,0.9280143351083763,0.1538758408281195,0.001598569668231034,0.4216386625324476,0.8373915094803783,0.10999662875252367,0.9880905744524136,0.018517432823143994
0.6082130694352509,0.9981085923715994,-0.7488881165469822,0.9834758193056425,0.16123462137516723,0.7284119478258352,0.9248914361142397,0.22465581977495472,0.8489845560783313,0.8694227305573361,0.9071138491739121,0.08924650034073861,0.4657238530831823,0.7111672051557644,0.8691136322889754,0.766046792305423,0.08372516340703823,0.952639280023011,0.018446906071781836,0.0033662022846789844,0.03002945821117936,0.12450359467758926,0.04951168317170916,0.8085301988694965,0.6442259418312482,0.09129095902715349,0.0935009279558234,0.3540633117657971,0.8694609929431496,0.11475503718918306,0.8828763192315543,0.002814063982861154
0.08113269445738344,0.3479765831337261,0.8081633222424957,0.7135286516394999,0.06503743671602558,0.8890767734413636,0.9234260408503788,0.22238225909450224,0.9112902514561609,0.9422971947649393,0.7928960406803387,0.09817117830269133,0.38353117854435076,0.9833790744188113,0.9034491399460269,0.99143937044053,0.5407340063978381,0.012331963362460285,0.01076898480602112,0.014150627640763351,0.036482291905667694,0.07679459148898277,0.004597995476164952,0.8424060609005807,0.10531293090070479,0.03908158585480444,0.0251106224951416,0.1614035003290824,0.7718069878000905,0.7396134583318955,0.8453040968458412,0.017043381090349637
-0.22146685517283743,0.41203515480705966,-0.8729724088973363,0.9719249786325608,0.277714839646993,0.7846179007273376,0.9244589566278039,0.9309297678645163,0.6071384084204511,0.9645930956581632,0.8524427586114223,0.9701427804447254,0.3140732983218044,0.9902715510131987,0.8561131464772876,0.9903425231275682,0.02967731899610758,0.8745940787746705,0.01996676878865583,1.4192065756021832e-05,0.00574828157111468,0.0056959085245856245,0.05011058698290083,0.023576759024079574,0.719875690950752,0.013126862673714802,0.030747459972266827,0.15609716260891596,0.6271996850108087,0.04711577147842091,0.9050558380268364,0.6447912445933929
-0.588931661711742,0.5396485409220837,0.9050651349413268,0.6170808157306236,0.27382033631563474,0.6574593235398141,0.8859747000792512,0.15926365210849425,0.20349942647829836,0.9873053938892413,0.8117347925894582,0.06333675574311676,0.4850099760678917,0.9931270944961208,0.925581407064676,0.9557080708514429,0.02531422348601814,0.38883278029293084,0.09727756966364282,0.06476059585956892,0.18077066148679938,0.5683750945078894,0.05012060983699719,0.032009967952063456,0.04167273277367495,0.28981266404099204,0.08658443839879389,0.0026225553364262466,0.10911415648699269,0.009761638816503639,0.22955736412229294,0.8881296917492774
-0.19254716642207328,0.45898670058249774,0.8036675016214309,0.9949476387060626,0.21911984576740623,0.97060969364793,0.9242911977558433,0.20974431307286096,0.5026505482229484,0.9332580698945604,0.8887450364495734,0.8006430090220595,0.2882074149643262,0.9754046516692465,0.9605634473445175,0.8044148234059303,0.12647694979491997,0.5960638465152301,0.01386878486517884,0.10155131139614017,0.002575173220693722,0.5787853098911456,0.06497085945587067,0.8088555534346507,0.9680163119641756,0.021563471125779006,0.10145423533673856,0.3915965001852899,0.006289148720326945,0.3435141297950061,0.14863773511952838,0.009510308384659494
0.3649179517927576,0.4717634703472791,0.8233990838472949,0.8014061558463613,0.16147724427467594,0.6645761871594897,0.9200749399581543,0.20662450785027192,0.8814947623573633,0.4682640197124034,0.9092925821067678,0.09285919673591345,0.5349156726812103,0.7551157599931989,0.6460269163217799,0.7546120614109866,0.18130908360098263,0.4508939396344011,0.1658001050731667,0.009518151136447472,0.005006768992953827,0.5297943012587756,0.00025190033785703336,0.6272223338964052,0.09375460179095957,0.03623363124037256,0.05480440977818651,0.43785548178648404,0.8330699667414746,0.3875594253315335,0.03627587007984179,0.002784781670525034
-0.18616935742250743,0.4724502793481694,0.834287388457298,0.7262905449570911,0.07964891360147937,0.7570369858213642,0.9184136925544534,0.21812673778751845,0.9415626941329505,0.901122568758115,0.8968599998804822,0.10822326811903576,0.3070694145656719,0.9790549757930502,0.8551547148106846,0.8167952234827353,0.29151563792835283,0.0695126368174685,0.1826796916419474,0.020820408944999418,0.03515866532105976,0.0008585532080885305,0.021317114899995906,0.6897399387097908,0.08395293715588747,0.03405354538013282,0.1310566991233996,0.17436913454097025,0.7688072061332614,0.9858715514578129,0.029973412193468052,0.018557640893541987
0.14452426216336636,0.49524201558338965,0.8446453461688449,0.6814013488305216,0.11320199861416178,0.9403487635182489,0.923503232539701,0.2084797501692482,0.915529748998324,0.5927437610012131,0.9144604647939227,0.10772967473528607,0.3842276308333667,0.9593256213372029,0.8710257223248338,0.9975064282590191,0.07992460861661438,0.7001874787888904,0.0328554754856079,0.00857752962721289,0.20690317113837656,0.10009826544940836,0.006278260996930848,0.7202168982712328,0.6253382218226321,0.03906379789774576,0.09101867089990356,0.3084298473531532,0.05789659849345763,0.3444064057418732,0.809897844616447,0.008885588905284014
-0.2946275905753346,0.4757063097896518,0.9788930231645091,0.6335796328532179,0.1432738869813379,0.6385849645664675,0.9242840068105737,0.23676832138664,0.887473585871124,0.9688892725968281,0.9100562822790731,0.09354501237287871,0.33484890461312183,0.8993434291811824,0.8237849668676536,0.7601290852179357,0.056194980721464144,0.5138548664631848,0.4486684304791727,0.019162002953860814,0.003092326925951962,0.7505707198033107,0.007712970040346656,0.6199523948624889,0.11773536634206949,0.0893648024717206,0.04759883863498325,0.2985045464872712,0.6692403593947144,0.4140164318373437,0.24804011670119847,0.01642295837065896
0.14976449688932314,0.4591178128373354,0.8405972518679734,0.9629031374016899,0.16520463650888575,0.8930895178573593,0.9239698637401339,0.2088077321803233,0.914283922761276,0.5158299340088726,0.9072196759413123,0.1044633606293678,0.1990611217313163,0.9541497475016372,0.8423850325869503,0.8807822103378727,0.6245882925466406,0.6009222592896313,0.35295136888955675,0.017186574297722794,0.0557086398029031,0.11522348849274805,0.005433174484286176,0.8129002028394071,0.6044871262322373,0.1222507239047153,0.10888796749097732,0.34627514532041176,0.8272252025442345,0.03169738060711466,0.010198777391645503,0.01701813069438208
-0.1958507387677952,0.4339740232935325,0.8510115430067026,0.790145339123476,0.16131071975439987,0.6138982294761194,0.9222270571574113,0.21759611698749518,0.8859484548338539,0.9867169328339961,0.9138856062734342,0.09376719542506212,0.27493174772257817,0.960002069032794,0.8083504683155196,0.7739640816248029,0.043733274609258965,0.446264826399686,0.5256510440027543,0.001975896173659227,0.01848001516486322,0.5774792845930408,0.006386834989825535,0.636676168270362,0.7589796681744644,0.3170774169866891,0.09061571391976726,0.22502678179298247,0.10420601141791791,0.9170850131101944,0.9056780803589619,0.003323963742398875
-0.10972679353837334,0.9990434896392515,-0.6089489434978408,0.754735560882387,0.15782485906532687,0.704686752519114,0.9189215093494932,0.20571167294378673,0.8930874373611715,0.9279817829078931,0.9049005633749325,0.08699540509994971,0.5955927539280256,0.9914852604644722,0.7950113356864615,0.7724014573920552,0.6577966844292231,0.9189146119301657,0.14404341212202443,0.007990041323199294,0.012106227460241174,0.10634580913896648,0.0034897647607651534,0.8682259914639556,0.9730721103325874,0.034515962582473636,0.03257537844165536,0.3562511649097583,0.8914751890067323,0.03203492939978642,0.9645086866006038,0.015192608120016935
-0.2542662992000595,0.9981085923715994,0.7468807323799626,0.9939521431244102,0.16123462137516723,0.6988923800949203,0.8876379999342986,0.19859657052760413,0.8939012175710884,0.9744893290218988,0.8939945282012001,0.08923123725751902,0.323954753424304,0.8486944250357797,0.8571894469446052,0.7808540311860525,0.615786541317888,0.44558551837106963,0.019130528635136375,0.005225747829778797,0.012397159121241678,0.10248934932728815,0.007683660013761482,0.8466786664684904,0.8622458755423117,0.11030915329451768,0.11176836616535049,0.3466820207117058,0.6237228899883349,0.4254031316387368,0.9033144414566883,0.015158410088192848
0.47876093873378134,0.9528487429433103,0.9059944437805423,0.9979702437423967,0.19191869526919775,0.9394601205712808,0.9291989888803328,0.21307660789060676,0.9202575511068103,0.9515001448347272,0.7441494105141795,0.9972266385952614,0.3309673571489652,0.999561046779436,0.8925977987024957,0.9735811282689527,0.6825833952230973,0.5147154105224759,0.214459459982246,0.06007689806518306,0.9175962343782356,0.8163771428631844,0.007511429998533825,0.004401284665756011,0.03835125289197411,0.52164989171092,0.010747588936172631,0.011192853798045552,0.8437327158956958,0.4461592522891943,0.6514729304408396,0.9857622467609575
-0.250362638758466,0.4633718563865786,0.6385088521830999,0.979555677199627,0.08777773327641075,0.8269944530390869,0.9194830456092054,0.2158779248274199,0.9153904566003129,0.5512611870107068,0.8750278048510697,0.09120645939380519,0.3099935597630659,0.8142333399223328,0.7880172193680512,0.7893032289337081,0.0007464030205932386,0.7458621327304508,0.18140791943362228,0.0004050922298232708,0.0246923288671286,0.5834481981100775,0.010226618069135066,0.587755385539096,0.8035252301239457,0.02487739214778851,0.10577141202579476,0.1755520073430643,0.8242621993319089,0.033309385913064066,0.2560255540308483,0.01903874617815875
0.6020073292466609,0.5385475392265028,0.7884552985918205,0.9479996445820633,0.1435141955726231,0.7772830951823775,0.9241111537536618,0.20529954159641048,0.9894275177685644,0.6661999326438833,0.9253647621815196,0.09530932493805026,0.18610063597318222,0.9633644995573262,0.834821814752879,0.9846266880540949,0.4666392980938422,0.5011956555560213,0.5131700955106242,0.024379145862967657,0.06505709256612986,0.013853179369115426,0.06696157651225342,0.6367311744808123,0.7593894483056276,0.10032000134466573,0.029197788276342465,0.6462753191907362,0.8222466463914304,0.8384002397870483,0.9050821357867862,0.0019570800877612878
0.4712081635028342,0.896347710999341,0.8526919294315671,0.8488738565712977,0.16248586858031744,0.8479591575924363,0.9169119406632991,0.20537782098097432,0.8938499395166286,0.8588302156704712,0.8976386352498785,0.10346656980478612,0.38404188055618993,0.9866451944934643,0.8131026072411562,0.7662225550980177,0.10105328475730702,0.952639280023011,0.037654421529602716,0.0023539333734428573,0.000615960366479873,0.006093762026346039,0.032335046839152407,0.843663409946618,0.6713469523160569,0.035847860116899555,0.09343826434429625,0.3576151399472558,0.9435554622244473,0.11077318138464903,0.05754702481177462,0.0016648439139161043
0.6009405268310577,0.9369997607654912,0.8322050900240211,0.7511789045296776,0.15280513394891201,0.7019645929382425,0.9187701407248201,0.19776958184485655,0.8940120940690803,0.9633223247652096,0.9104015986332303,0.10478321261835861,0.3326571481692321,0.7814323082674595,0.8649081996415978,0.9878457461188872,0.8221911485127796,0.754620103096969,0.5050142274016982,0.007267362109568819,0.05573364542251176,0.034726618190991515,0.06129465365859574,0.8317459961975512,0.6330101251883302,0.12361370104545052,0.2486544467766107,0.43714112934993055,0.7799048472493926,0.4635815065267225,0.697163595949477,0.0027609342862369127
-0.3875177402161737,0.4601624078114573,0.8524807807524483,0.7500141217517106,0.16267269817828278,0.7041206639484602,0.8865831054317393,0.2076627423362762,0.9198754654724429,0.5224086904063296,0.9099002245012338,0.10456347064235762,0.3397238493388237,0.9699346192727448,0.8084697289892586,0.9705236126829803,0.6385363584224417,0.41545909332271147,0.008639376111957857,0.007354122317443645,0.17782593032501331,0.5490367267633245,0.048961947496790344,0.8530723921488289,0.11242314943057326,0.4301300973180714,0.09502686788142362,0.16784666663137596,0.1597503655289383,0.039322208416178214,0.633015479965532,0.000578501399137038
-0.2060616300396647,0.551606011094936,0.8389594993409025,0.7411213692674217,0.16589048343494603,0.8663914705216972,0.8855473277715531,0.19027168370198094,0.9161277757024837,0.5245222110984871,0.9129962577148655,0.09377073785975593,0.25858615948510466,0.7310077799071518,0.7792454541702716,0.7729081604585221,0.05943921229424322,0.32206396707341844,0.46381493385268874,0.05870198903853903,0.24601032932021089,0.5969773169394229,0.050292060198759744,0.6200621565613211,0.10329718438693522,0.08197737554213734,0.1405020770858733,0.4532052761697144,0.811291516985026,0.37636615855600253,0.3210035156379958,0.014496816129569509
-0.32242072006021405,0.9062465304268358,0.8723162028992469,0.9688239835829491,0.16123462137516723,0.5796540264144203,0.9238158458400664,0.2050699510239279,0.8938499395166286,0.9062425834217419,0.8898142793168359,0.08992878944350109,0.450931251086114,0.978845530027993,0.8571894469446052,0.9790312442358141,0.8327798804464038,0.9113745856839786,0.02697685002852271,0.007291240254143454,0.012397159121241678,0.11213438993353096,0.00394111028260263,0.846896527652564,0.7440047639104498,0.026956251131759985,0.035735711655363,0.3539714289184581,0.004683259045785138,0.021040518813459877,0.9423547564425744,0.02072378092509608
-0.297399184163312,0.6783866026166229,-0.8098919990744202,0.5940449751981807,0.1408852445207049,0.8971619864846759,0.9225510758176734,0.20500811561742466,0.8968267255000085,0.5186115623734946,0.9104526774309523,0.08862331770684519,0.3725598797044449,0.956966555223635,0.8498584280940367,0.7860123785441616,0.016575066651021875,0.7015747948655567,0.01993497099577589,0.006985415911170894,0.0032405616607936866,0.12881764289919465,0.004493095336835355,0.5960841528444214,0.7688810574014562,0.0032477822737565455,0.05422360137972414,0.35992633074948727,0.003671236021226677,0.05216198464677735,0.8940439186585324,0.012739960569472518
-0.2412844041765203,0.45043185089828686,0.6299711613936557,0.9852835128164597,0.1579419096881233,0.6157635545615224,0.9196718567424733,0.22445983231073754,0.8884332185468499,0.5045432576983359,0.9059640987833503,0.10577552756805576,0.5188959307303106,0.9884697729949614,0.6783222319099136,0.9675841930526435,0.01721513507741751,0.4297865811367436,0.14175981087225453,0.004409399386647145,0.14057800166636275,0.0475022941740586,0.107899570636136,0.6241559512500529,0.922296232768521,0.11092734389238564,0.09227015982216497,0.2718045595819617,0.800313933817026,0.04306573258097483,0.011330920251685583,0.013633767066712871
0.4634852489856806,0.9149932181455599,0.8884875935097437,0.9817393306340664,0.14007543407620707,0.6596174303400398,0.8171062901312518,0.21378899265221468,0.989438247559474,0.9160730918238109,0.9068038530088399,0.09548147543033464,0.37315089998262124,0.9586058848410773,0.8627540468672089,0.7799193720943164,0.8427944806422805,0.7049214871651195,0.05152889144078107,0.025345171751573983,0.10497982394951426,0.4782873653857035,0.04727519143384351,0.6192428577962544,0.05216422867835857,0.08582003159140122,0.0023983287958471156,0.596566460898144,0.04045877669074177,0.38320743722158634,0.8863126274493103,0.0028183501768958936
-0.3173066364793908,0.47834777169077985,-0.49278414462280606,0.9833113437994477,0.14095356690995187,0.804797621793719,0.9238832880241422,0.20450386779683705,0.8943379543737427,0.5400354621896631,0.9175035254947277,0.09551865035992389,0.38381930443303164,0.9869093645250123,0.8477050300585188,0.9920179783408007,0.6756981243188916,0.5846858460015469,0.006550318279664513,0.006985344732049283,0.0048984197812742885,0.010049627257506357,0.041569616020022265,0.7863082019519607,0.9398587629297563,0.00793336763592667,0.017483399264058758,0.3510938405147803,0.003671236021226677,0.01944151285379675,0.8940439186585324,0.012770074912032869
-0.09619755196271361,0.48388761096224425,-0.5114638679393522,0.7556232860225998,0.1709960519718082,0.9227597025644944,0.9266702055414652,0.20696684504641044,0.8826754219007673,0.9531183550911339,0.915399833937267,0.10608870465361683,0.27981408731429547,0.9793133747506878,0.8147336313254702,0.7855174680867595,0.11053435075938833,0.580024527609886,0.04972942501609835,0.007891011110664703,0.01222251888200261,0.5332989178827187,0.0015812998983346634,0.8447019521188053,0.9527605705977363,0.09956916826261336,0.04881304299645056,0.3562511649097583,0.8052945737891433,0.1405329001927729,0.9862840298729733,0.014282479079203658
-0.22172452383822555,0.35202720540054944,0.7595311162472744,0.7517548616348813,0.061131337876614324,0.9919071632883536,0.9234260408503788,0.22236076642151129,0.9128540412895935,0.7606280743457002,0.7920380045956755,0.09800073515074652,0.33583610224393595,0.8604054197792044,0.8825834631114337,0.9568934939541193,0.022554172250686788,0.033616373275819844,0.3841987473127534,0.014220959436518368,0.001807966137781631,0.07077997615041623,0.03875652708633187,0.6907395720456295,0.07255718716075693,0.045046053128953475,0.05509213714297586,0.1614035003290824,0.7718069878000905,0.4243310228852074,0.9258999416955067,0.017442000285137118
0.5422957485688223,0.9959642277103147,-0.6511346605509604,0.5572506074327767,0.15875218969515215,0.9227597025644944,0.9245901506604838,0.2048681372738083,0.894270201846309,0.9472382786879721,0.8898142793168359,0.08925272899324437,0.5089712099304224,0.9869270285763279,0.8580424365029109,0.7619253079067752,0.09120169854521798,0.5997352925445912,0.010242923707588784,0.005301556687431198,0.012397159121241678,0.10210664764173563,0.004074470073479528,0.8205271100119318,0.6896331960129813,0.04582730006623738,0.03220225956055042,0.34772359552017695,0.0033895420988482496,0.1476656299407566,0.8960928229906722,0.01568592184055355
-0.20423704048574037,0.35295822063041243,0.8414196410539351,0.7501744459308967,0.14442989725112876,0.6901838181846837,0.8899746125079254,0.20946311916457983,0.8938701916956056,0.5242944860584327,0.8783483993306894,0.0982961497920676,0.5350266594897078,0.8570730885602162,0.8173118170434942,0.7610520742478889,0.004659022453643025,0.8112788941079062,0.5674528049302537,0.03597844271241611,0.02634060922000423,0.7263072398950337,0.07137959221341594,0.8459816831511944,0.016306403740730724,0.023263792096707023,0.1479845108997977,0.44161677803686006,0.7540183161280789,0.460338948077609,0.7796519196838535,0.00892039950596103
0.46648192393703963,0.9494657234016481,0.9014418140085703,0.9736056914552647,0.11058709318765236,0.6470571350071039,0.9445917498234543,0.2087685375228135,0.8888269211090154,0.9368865742966185,0.9412926604068678,0.09455253807046825,0.32997631842966174,0.9731079324130908,0.8621007373672486,0.841146602456498,0.06250278925641267,0.9056297337800223,0.4843495175460178,0.01944009515649487,0.009638611402630101,0.0014329230598011389,0.044030990706085904,0.6671622649280007,0.7921471449196936,0.0009735821560922439,0.00035871498606349084,0.191391190149101,0.8120903161488648,0.5198539048358293,0.9603196723268052,0.019456177549924892
-0.19688156595916217,0.9442175149916983,-0.7423934270171331,0.8079018971286002,0.16072058626635047,0.7278605598960756,0.9223008354977913,0.2182058877359126,0.8938538699134069,0.52453946301341,0.8964825672051797,0.08939170681146719,0.38875450185170296,0.7523043128496305,0.8691136322889754,0.7658671803135241,0.09067807855710336,0.9539306815418503,0.018446906071781836,0.00027918609076398385,0.01241341750993102,0.08939717429797303,0.04838278084866942,0.8520423338333761,0.5999486000732839,0.02906645284218798,0.0935009279558234,0.35648932207235484,0.08319089547237263,0.03707891926733494,0.09876789300221578,0.002883443951226875
-0.192608497759649,0.4164080970024473,0.6385961248127178,0.9427405700661683,0.08810289458178938,0.846823461790082,0.9212393992515511,0.21625437451325924,0.9162799590652997,0.9842331864468794,0.8752868749911242,0.09232318896331555,0.37355755610983726,0.8254310524045781,0.7300163660280166,0.763913742987421,0.032425956192756955,0.06844055622302636,0.31387151963746707,0.012735577064478828,0.02966511950896958,0.4948043059956314,0.023344145132440874,0.7043681643250387,0.8074842652543605,0.10727825542191717,0.06399804557139321,0.17818793681669734,0.022475394517694203,0.0521373278712402,0.3630898659469605,0.01905627081063848
-0.2881270607074883,0.47332098516080834,-0.46286729579622715,0.5948169273425782,0.14288790880941463,0.8007992323945876,0.9078277866102242,0.20449285561198027,0.9204909823751872,0.9458864642553626,0.9155726621615105,0.09532237340635581,0.3725598797044449,0.7141259859037428,0.8425701020727818,0.7860086867455117,0.016575066651021875,0.381545589457584,0.10156469206835114,0.0070330708852207715,0.11401538810867527,0.5029780459398936,0.042821620387326426,0.7041201095672384,0.7431588897002177,0.0003191985317919713,0.05601697558685868,0.40997325888835573,0.8018092082372326,0.002192214412168228,0.8887781472354335,0.0188918394116024
0.6005543245133763,0.9139811499123617,0.8338114099657894,0.8165022167455307,0.14054526942072806,0.9226666657478868,0.9202017151457113,0.20427170984996268,0.8785442386719297,0.510625537003143,0.9047696188852328,0.09893630256365211,0.2901988347807711,0.9561922749675107,0.8775726404926334,0.9786020908891224,0.03508733306503513,0.3222070342977288,0.011746938477648294,0.00966612976956688,0.17142164690176476,0.2067264007438654,0.05307869404580168,0.6180500343241658,0.763990713002982,0.006076874118384578,0.03780932991246118,0.40671930135335616,0.13807006388224366,0.9992974867127133,0.31614172051217815,0.0036837008617230174
0.06632181992319121,0.4591242176126911,0.8903849070118466,0.7512222890603238,0.16611052206518748,0.6734062366529959,0.9266464284356295,0.20547220829367638,0.8874446600885443,0.4400063242740897,0.8717168764614435,0.09382497105172873,0.41976929414910863,0.7670695006245851,0.7755059597678039,0.9572914903592512,0.01110272277341623,0.8249762373303025,0.09584916670592653,0.009875935313665794,0.018898643568872303,0.49537484340601706,0.12734223966766625,0.8213673304409048,0.1369043292681923,0.4099734145003451,0.005931256383450451,0.4108730242771855,0.8425961156539455,0.36043877418895975,0.09004916990788886,0.005950836555058317
0.4588023011646861,0.4870135152817781,0.8414572529870012,0.7476372177962296,0.3004179119074735,0.6748879463591112,0.8872395147341099,0.20262407334384355,0.5527106850453003,0.9592317725013739,0.9298836352514415,0.9218462131039402,0.25768596368754837,0.9377628203719042,0.8029633016574254,0.7095119222966273,0.02164841344381031,0.1278140790445551,0.220147053134814,0.05637257446597407,0.0008210790293568249,0.6078670146097502,0.02145647253180657,0.07356322639944618,0.78416087391984,0.05223159232572408,0.1281450255902224,0.4364444250222873,0.010522976277293122,0.1730569396150743,0.7019687239956165,0.01483040687750493
0.12753879731553927,0.9448731719799673,0.9116312289396308,0.805205058130745,0.17567775122956458,0.5743775909287427,0.8842445725667886,0.20686133981159088,0.8962127364314938,0.989455760798047,0.9138924264548653,0.1045766581366858,0.3229904596428101,0.9690448994204844,0.8470478963076261,0.8425683618194318,0.03442435486220197,0.7939510313835973,0.6246445636340484,0.003196061184737191,0.0204113274048943,0.41206007587044025,0.15311640735612012,0.7380121919969796,0.03648341581897002,0.31509291404795736,0.29173874510609715,0.22776979627432675,0.07051249595085694,0.0623873025787646,0.8527834219782657,0.0014232223739869525
-0.1937384314726891,0.5066259296925637,0.8466472658727084,0.7466490782340435,0.14074855018239954,0.6753808980190522,0.9236262427415474,0.223475462199523,0.8796962481133123,0.5244716182263394,0.9120057491152377,0.10515397771563388,0.3229422471698671,0.6809412670211588,0.8063648079443912,0.9581419979943984,0.06317147390409154,0.7541104697913762,0.05772787878317282,0.012394897824998238,0.056624024283769316,0.6765469485095326,0.020618055318410045,0.6238305564413986,0.08606823184989297,0.11160590469562488,0.04842464018196885,0.44456687344454054,0.02716197728236258,0.42619235041072767,0.8654447260158322,0.018454250636215388
